1.040735155561699932e+00
1.448787283495961864e+00
3.224652958957878179e-01
-5.174056721802886560e-01
-7.228912163729867002e-01
-1.633343338102007269e+00
-8.804779506174550407e-01
-1.600603645804792030e-02
3.954305999108363723e-02
-2.121459435714757369e+00
-2.248800047041622285e+00
-6.046541176952722196e-01
8.513984525059525854e-01
8.292430982151894892e-01
1.322128120110028338e+00
-3.170936503022921404e-01
3.568705341554846699e-02
1.398944227890545955e+00
-1.468504508034378819e+00
-7.978225007152914827e-01
-1.330549571497768424e+00
-5.715530878828832817e-01
1.010610372812055902e+00
-1.243500139821556716e-01
-8.230343182026250703e-02
-8.031158171543300028e-01
1.369739779894880494e+00
1.147866025339411733e+00
1.009880424916565156e+00
-4.923604845334451086e-01
-1.218551843338788965e+00
-1.658209767579593930e+00
1.984873776769369380e+00
-4.278623791221548012e-01
-1.271227901063734622e+00
-8.374970262689689360e-01
-6.906510384352501086e-01
-5.799363936858065172e-01
-1.306421705002824618e+00
3.816299344864305443e+00
-6.787818309251207882e-01
-6.511429606198647635e-01
-1.481030115335604247e+00
-1.329693787988211362e+00
7.380530883092505379e-01
4.900932973076132515e-01
-6.055345927195578959e-01
9.451430197670807054e-01
-1.197377811439973433e-01
1.132434405211266565e-01
-2.628013522732298046e+00
1.289284755709048103e+00
1.262708195193382510e+00
-1.067215983458751349e+00
-5.407266861151560633e-01
-7.575123922317759106e-01
3.442885173998539994e+00
-5.468418535439221184e-01
1.728614797021964522e+00
-2.041687948396980090e+00
1.967254058958785468e+00
4.138637762623750826e-01
1.001229097906952914e+00
-2.588158184631500269e+00
1.671344046692293972e+00
-1.155666207092670428e+00
5.796583608094797446e-01
2.304869922767139312e-01
-1.522576338818185215e+00
2.399742723539126377e-01
1.004544345813812578e+00
-6.466881287726601313e-01
4.314871854324258543e-02
-5.138838012455195781e-01
8.008545115948786375e-01
1.992093932860297956e-01
-3.006753804125048002e-01
9.676530244235139744e-01
1.512654810269930872e+00
1.694681404138320691e-01
2.359768847255319102e+00
3.889154272284403580e-01
1.362813966126369680e-01
-1.483946278488938564e+00
3.989091835890445359e-01
5.093832516262162269e-01
4.649475376715897501e-01
-1.061765809638096636e+00
-4.757944501108069546e-01
1.015131162044553698e-01
6.943204631009383121e-01
2.748789722615172515e-01
-1.279152711237042217e+00
1.055708978769720474e+00
1.198392572043660564e+00
7.909470022932021394e-01
1.563942242248445025e+00
-4.870621733628354155e-01
-1.668675644445445083e-01
-1.102834406177268800e+00
-1.280357716702714477e+00
5.202720150432599278e-01
-1.834360628259399661e-01
9.742578040715971222e-01
6.568534265513148451e-01
1.058815959013689328e-01
1.061405776144781710e+00
-7.656687967048514398e-01
3.023557690890343319e-01
-1.798600036075557629e+00
6.790618982567400708e-02
-6.063045216398108006e-02
1.828994253799549191e-02
-5.719082106761066431e-01
3.309092139790731357e-02
-5.313469439948945716e-01
1.201774227311202425e+00
-6.269370771899682726e-01
-1.112943270332220624e+00
4.793866090640638844e-01
-7.814574927443166397e-01
-1.603191364419937592e+00
-1.643579056988892395e+00
1.247249163252802662e+00
7.632483543142518645e-01
-2.012223196116253721e-01
-8.086950811804328731e-01
-6.478707233416594047e-01
1.937628984555508138e+00
6.610649575356646046e-02
2.495677301280652127e-01
3.485123449049261635e-01
2.333312904729386794e+00
8.754270668539023692e-01
-4.215040943787363714e-01
7.436169862508810180e-01
-7.177383287648904098e-01
7.903403440109516565e-01
-1.520540774549873353e+00
-1.601994839748584587e+00
-9.507566613471578332e-02
7.422666643821267396e-01
-3.605567501245238393e+00
-8.964706109801187095e-01
-3.747805566902550484e-02
-7.810089103867055016e-01
3.847747401984732973e-01
6.185876581945112251e-01
-2.889470473581337018e-01
1.338382663437162612e-01
-9.403055544574936420e-01
8.911718069133800491e-01
-1.252274704312393183e+00
-7.470240629374839125e-01
-1.043194425801682312e+00
3.807743731076832505e-01
2.288326356810179152e-01
6.741575985624199685e-01
-5.283831602338888711e-01
-1.609070518468912248e+00
7.712484921552815731e-01
-1.869117361494904705e-01
-2.943840294068466590e-01
-2.493129977372662565e-01
1.132350481184300595e+00
-8.061735146510045080e-01
-6.192421525217059117e-03
-9.799090876863469912e-01
4.208003035087776733e-01
5.120599967297753130e-01
-3.162077816105990924e-01
1.081031372805018487e+00
1.326602878278887232e+00
3.808459872802183011e+00
1.067030192059236215e+00
-9.184739560635293287e-01
-6.141861830961511393e-01
5.262612407155987659e-01
-5.471668363304817984e-01
-1.684838213240051452e+00
2.000037098916453704e-01
2.422835290862891622e+00
-1.682846889659389999e+00
-1.238364435590448176e+00
7.867464920596639599e-01
1.278041563744128882e-02
-1.117547476872167156e+00
-4.089270968598001654e-01
-5.410364873082665893e-01
2.775246313100335205e-01
-6.209780913296552018e-01
1.546963876660281345e+00
2.933567287559068482e-01
-2.855079597723700346e-01
1.167385329038427955e+00
-1.504617492784603439e+00
1.261628165045839689e-01
1.559102303575399917e+00
-4.107141495278235910e-01
3.815513079566519306e-01
-2.704295408556842695e-01
-3.479645992832367529e-01
-4.872575374486631250e-01
1.999840020915975500e-02
1.636951764342980509e+00
6.633106971863780288e-01
2.244654102012830568e-02
1.717650247466486313e+00
4.115047558226354180e-02
-6.453403121817456733e-02
2.249712697723506682e+00
2.427489582709001059e+00
7.274697828374503406e-01
-5.549004254607137199e-01
-9.623789026748170994e-02
2.167135712691783955e-01
4.708937324623101994e-01
1.582211931208639122e-01
1.732673523574350949e-01
9.917491131692188211e-02
-8.705211360179675451e-01
1.116484445320159891e+00
-2.478412677039857626e-01
-1.545372039201887926e+00
-1.389431519843601581e+00
1.691846153920589790e+00
1.400966266334997268e-01
-4.737330271266682741e-02
-1.076872549925945943e+00
1.251893934896684657e+00
7.989222225094098073e-01
-5.827304914560982319e-01
-9.239088333440669265e-01
-1.551878610851474605e+00
2.274552618885405386e-01
-9.564912882402957228e-01
4.105255590786137110e-01
1.647912881235839011e+00
2.120092713853687805e+00
-1.129796563869274184e+00
1.369515046130160840e-01
2.108303221783372816e+00
-1.159693598992246777e+00
7.786705553564395033e-02
-2.159074560311507740e-01
1.159239902801053601e+00
-9.549937940631690880e-01
-3.363525497714648371e-01
1.646726198764408178e+00
9.943134040120351624e-01
2.753320568558537129e-01
1.115262009692156608e+00
1.450845506211318581e+00
-5.748301120797985053e-01
1.049925296150103549e+00
-2.684214233972059133e-02
1.745500427300682167e-01
-2.255032469056709454e-01
-1.301400353465581305e-01
9.092518828898515926e-01
-3.742808410973542943e-02
2.801930167943178507e-01
-6.759151864415542388e-01
-1.159222850997089438e+00
3.305576322515971777e-01
7.435219280113810614e-01
-1.120443867112525638e+00
-2.803988522166979691e-01
2.126005809951577064e+00
9.362292769645688129e-01
3.004604416328496619e+00
4.511597569720640633e-01
1.438152482418701139e-01
6.831353099710030241e-01
1.500899888308978802e+00
6.812007339852974019e-02
-6.418781607889267882e-01
1.040347283931125855e+00
1.484986171576488712e+00
5.319358275630645672e-01
-1.306916174686617582e+00
-9.413627373469201087e-01
3.465690859639167232e-01
-7.501811458603970806e-01
1.137085352099738600e+00
-2.497822736133050170e-01
2.549344976033406929e-01
-1.725732553694125260e+00
-2.247830831272862873e-01
-6.763181682270199557e-01
-5.366246796057458912e-01
-2.544362072712224032e-01
-2.318501671827456700e+00
9.904404725583042524e-01
5.514778043048815248e-02
-6.114549477057961563e-02
1.111792210959814398e-01
-1.619836873762457718e-01
-1.506745359891695502e-01
3.935622807640363874e+00
-1.178836959037781629e+00
-6.870347443940721943e-01
-4.455857282125917918e-01
-8.567284237458206997e-01
-2.929651777649036615e-01
8.725230375517541992e-01
-1.185457694720269517e+00
8.717626033724529266e-01
7.291978155804461625e-01
-2.470120085427242873e-01
4.669683302415293946e-01
1.491701910782253782e+00
-5.236456804668573328e-01
3.258574058708867849e+00
2.671710576213150445e-01
1.346439572489854353e+00
-1.245181832586492870e-02
1.532835519720197603e-01
6.907704481430996246e-01
1.571447793538496951e+00
8.133065459203600023e-01
-3.593521240691414931e-02
-6.108630647544879833e-02
-3.105535326751727651e-03
-7.376482408787622402e-01
-1.443165420233879503e-01
4.801875644675011046e-01
4.528428735849064357e-01
-4.675699848949972925e-01
-3.564569094661105830e-01
1.765895189898881279e+00
-9.767124998575991146e-01
6.740411674614364690e-02
-2.754657844561174129e-01
-7.132900974696645413e-01
3.721363514664829952e-01
8.280240876456276267e-01
6.737736356356447409e-01
5.574612580889958258e-01
-3.369765012091584300e+00
1.424532498610258102e-01
7.485976084497738547e-01
-1.120966609269409497e+00
1.048878478928060742e+00
-5.276229399553438587e-02
6.805119902908010610e-02
-3.637966221102713615e-01
-6.509198981387640526e-01
5.497328389261674220e-01
-7.970817867691455394e-01
-6.214597198686450108e-01
-2.155123949052153154e-01
6.226275229702749048e-01
1.517261764617032216e-01
-1.287553591362061933e+00
1.123990812563352426e+00
4.890582256232883090e-02
-7.046712757413908790e-01
-3.758070980183658150e-01
-2.707618850463939728e-02
-9.942850963532480213e-01
3.351756112999600412e-01
5.054590346873004680e-01
-6.570559912135114367e-01
-2.370445782391759904e-01
1.494058551119178624e+00
-1.867255116958551397e+00
5.597365399992482171e-01
-7.853560375261458004e-01
6.404776351392847678e-02
1.008067543067880711e+00
1.016507279937844538e-01
1.522193769957338905e+00
-1.066626563855131993e+00
2.990639990678911619e-01
-5.734617577424023782e-01
-5.986783730968403550e-01
7.663893028425092235e-02
2.437666162340375586e-01
3.408084414383710965e-03
6.138831414392901253e-01
1.948312519177543667e+00
-6.676135564297622782e-01
-2.437223331119316161e-01
-4.378631286707501125e-01
-8.543650159775596498e-01
-1.101124526076018739e+00
-9.644355353348990634e-02
-5.700984114207864328e-01
-8.218535635562358443e-01
-1.458209230169059956e-01
-6.333230054300066358e-01
8.645783288302378855e-01
-1.724340474080826580e+00
1.147117093330207949e+00
-1.163584709505057629e-01
-1.573729473205271789e+00
1.994615490165814464e-01
1.938140978976768958e-01
-3.932717524078055971e-01
-1.096863629510774762e+00
-4.269539878442594749e-01
6.225089785277280185e-01
-5.229011373328572576e-01
-8.792297448503790802e-01
9.399078717163438235e-01
-5.447833237479716706e-01
-4.324737559459411740e-01
5.469894010658008510e-01
-1.866202971840931479e-01
-9.322524058595733631e-01
-3.232141727831528977e-01
1.717997649672767801e+00
4.563588230981533989e-01
9.268080360700002851e-01
1.571541091694341308e+00
9.890062599425819556e-01
-2.237184390829381753e-01
2.442235722812948484e-01
2.879307396615601866e-01
4.962527057830263821e-01
-6.790849412147514919e-01
-1.348474098010033762e-01
-8.699995596844642964e-01
7.542449802349363575e-01
-1.158599742231072982e+00
-6.586399225366961208e-01
1.155081879996852301e+00
-6.058809015687782740e-01
-5.098103484131747409e-01
-7.549661176324926060e-03
-7.870761915352035565e-02
7.558854210850559641e-01
7.314315360403261801e-01
6.696110948957316733e-01
2.303543204292223257e-01
