1.266806540659275626e+01
1.348671109384918765e+01
1.711719072192603619e+01
1.212520382778209971e+01
1.688897035912457412e+01
1.318257795754395190e+01
1.285745254414729644e+01
1.373575410487517523e+01
1.274465900288014453e+01
1.269948671210911684e+01
1.370603286377213337e+01
1.348671109384918765e+01
1.290443687060371758e+01
1.333841949430545348e+01
1.311051296553098844e+01
1.300033853922877825e+01
1.297478536734736387e+01
1.251767770577560412e+01
1.302936319078441407e+01
1.123015015644253722e+01
1.237506723956391852e+01
1.251767770577560412e+01
1.691244768667217002e+01
1.318042343303392272e+01
1.401277966133760700e+01
1.291428525457323140e+01
1.268324967691219918e+01
1.704636591764187870e+01
1.280446610328767143e+01
1.711719072192603619e+01
1.100561236400544196e+01
1.290316629385422331e+01
1.318257795754395190e+01
1.685831599741267794e+01
1.688175097172854677e+01
1.370603286377213337e+01
1.302936319078441407e+01
1.710095368672911675e+01
1.712459470935935357e+01
1.340654432064479806e+01
1.318549496253940134e+01
1.291940332905114275e+01
1.123015015644253722e+01
1.711719072192603619e+01
1.308081013157331007e+01
1.319034095536505014e+01
1.710095368672911675e+01
1.290316629385422331e+01
1.328020805730586140e+01
1.268324967691219918e+01
1.318257795754395190e+01
1.291940332905114275e+01
1.271705834609615593e+01
1.697569991853852400e+01
1.328020805730586140e+01
1.285745254414729644e+01
1.329564017184772773e+01
1.384898311469657095e+01
1.401277966133760700e+01
1.363398314880631190e+01
1.293058795377446479e+01
1.294301425106726633e+01
1.311930664301633875e+01
1.316418639783700506e+01
1.247224084036382941e+01
1.342183706877791671e+01
1.365101351493216164e+01
1.267079252337614470e+01
1.347047405865226999e+01
1.274465900288014453e+01
1.269948671210911684e+01
1.304560022598133173e+01
1.383429969237226409e+01
1.356555548666034738e+01
1.376426347154026431e+01
1.457876803005944844e+01
1.703012888244495926e+01
1.360626788246485575e+01
1.247224084036382941e+01
1.346969075753361800e+01
1.401277966133760700e+01
1.408922135335462933e+01
1.293889765532464686e+01
1.266251408756557950e+01
1.258298869495195405e+01
1.688897035912457412e+01
1.704636591764187870e+01
1.231565800699344138e+01
1.677190816215489377e+01
1.282314441347026879e+01
1.697569991853852400e+01
1.174332269653497107e+01
1.444204131066331698e+01
1.289571666732838473e+01
1.430007697531621780e+01
1.418745878581455067e+01
1.269948671210911684e+01
1.318257795754395190e+01
1.292342566467088005e+01
1.384701603572875506e+01
1.291940332905114275e+01
1.162487150602241925e+01
1.287788423536683879e+01
1.278570000387252570e+01
1.394910766327976681e+01
1.728298377039076072e+01
1.302936319078441407e+01
1.271954716217234171e+01
1.386294793664577263e+01
1.318257795754395190e+01
1.685831599741267794e+01
1.313805597894133648e+01
1.280418659023733774e+01
1.357046842426004751e+01
1.291940332905114275e+01
1.714825120371997258e+01
1.355881480034053688e+01
1.274465900288014453e+01
1.221574768347762685e+01
1.369732272625677538e+01
1.271844243527495522e+01
1.717192262648854495e+01
1.307572355490570182e+01
1.309124438356746012e+01
1.281252735485203864e+01
1.249872494092506869e+01
1.153232271121416552e+01
1.371200538313395079e+01
1.291940332905114275e+01
1.710095368672911675e+01
1.229862320450057389e+01
1.335966693685460527e+01
1.258571420401138674e+01
1.318257795754395190e+01
1.235883020436699908e+01
1.283849029715867296e+01
1.318257795754395190e+01
1.401277966133760700e+01
1.353842524398192637e+01
1.304560022598133173e+01
1.430218170367517416e+01
1.504195010820177636e+01
1.269109708249407653e+01
1.282208415543036750e+01
1.334172961101407040e+01
1.712459470935935357e+01
1.420369582101147010e+01
1.287776206586355521e+01
1.265937456108986936e+01
1.272842196768322687e+01
1.366020328765584679e+01
1.331355898577863073e+01
1.396745940275632059e+01
1.681866597949940001e+01
1.277080449887692915e+01
1.130404486962203414e+01
1.141921741714116223e+01
1.304649933007186924e+01
1.281428343373656809e+01
1.290316629385422331e+01
1.316634092234703424e+01
1.260476426632207492e+01
1.721184546953956840e+01
1.370603286377213337e+01
1.331355898577863073e+01
1.705372022994949077e+01
1.361369769924559492e+01
1.256675165975503461e+01
1.282314441347026879e+01
1.292784429159848969e+01
1.158739632238908612e+01
1.709356571434860683e+01
1.290316629385422331e+01
1.278794955504042008e+01
1.314582238019229798e+01
1.158739632238908612e+01
1.375246133822684413e+01
1.360938825176220490e+01
1.705372022994949077e+01
1.712459470935935357e+01
1.692868472186908946e+01
1.321890072133495941e+01
1.693594537585198978e+01
1.370603286377213337e+01
1.368979582857521571e+01
1.226193353045019840e+01
1.332247269410202151e+01
1.162487150602241925e+01
1.684207896221575851e+01
1.242685692319696500e+01
1.260417956758618274e+01
1.280418659023733774e+01
1.391645938824001405e+01
1.355881480034053688e+01
1.281933080119046942e+01
1.721930808395984513e+01
1.134551175170158821e+01
1.420369582101147010e+01
1.346969075753361800e+01
1.280418659023733774e+01
1.426843557347174851e+01
1.726674673519384129e+01
1.324479545952669923e+01
1.266661707944238913e+01
1.321051141978833421e+01
1.331357434267550133e+01
1.305948651970878416e+01
1.280418659023733774e+01
1.401277966133760700e+01
1.318257795754395190e+01
1.287463959840639482e+01
1.332979602097554839e+01
1.364247630769770936e+01
1.251767770577560412e+01
1.709356571434860683e+01
1.140298038194424457e+01
1.302936319078441407e+01
1.414257157402185072e+01
1.716448823891689202e+01
1.293669882788365655e+01
1.282314441347026879e+01
1.291502421371630405e+01
1.106026982153530724e+01
1.420200046300227115e+01
1.280418659023733774e+01
1.276827974750931283e+01
1.302936319078441407e+01
1.100561236400544196e+01
1.370603286377213337e+01
1.316634092234703424e+01
1.274465900288014453e+01
1.231486023969749155e+01
1.278794955504042008e+01
1.278794955504042008e+01
1.379293275619134107e+01
1.322738116635148664e+01
1.297044079982992848e+01
1.318257795754395190e+01
1.402901669653452466e+01
1.318549496253940134e+01
1.291857951093334478e+01
1.384671090144885497e+01
1.256675165975503461e+01
1.341696091501167309e+01
1.153232271121416552e+01
1.331355898577863073e+01
1.714825120371997258e+01
1.291940332905114275e+01
1.332979602097554839e+01
1.331825133021661145e+01
1.318257795754395190e+01
1.279672003048573004e+01
1.256675165975503461e+01
1.274465900288014453e+01
1.679527553170496645e+01
1.167694080618028174e+01
1.270899908321916882e+01
1.692868472186908946e+01
1.457121010256710569e+01
1.271795242669123205e+01
1.685831599741267794e+01
1.363654281854102202e+01
1.332979602097554839e+01
1.286657215984457636e+01
1.243851794105864350e+01
1.395099285193685112e+01
1.712459470935935357e+01
1.698299966581858556e+01
1.303839936059523730e+01
1.721930808395984513e+01
1.304147239671653757e+01
1.280418659023733774e+01
1.684207896221575851e+01
1.280722221704592911e+01
1.282314441347026879e+01
1.389043489110392393e+01
1.307572355490570182e+01
1.312455573388945318e+01
1.318257795754395190e+01
1.695946288334160457e+01
1.308823793341984931e+01
1.353842524398192637e+01
1.270457701937690942e+01
1.294841453312457702e+01
1.267486004729715887e+01
1.307572355490570182e+01
1.140298038194424457e+01
1.401277966133760700e+01
1.535688312276976220e+01
1.334965483406481823e+01
1.123015015644253722e+01
1.372522685666694109e+01
1.402901669653452466e+01
1.703012888244495926e+01
1.136174878689850765e+01
1.251947982453179975e+01
1.238559123181134858e+01
1.702279221515743757e+01
1.277598718065232042e+01
1.291940332905114275e+01
1.334475149641775360e+01
1.296476407392174224e+01
1.363496012562308479e+01
1.705372022994949077e+01
1.268536937925763830e+01
1.305443490125842665e+01
1.332247269410202151e+01
1.291940332905114275e+01
1.302261377025510747e+01
1.147616923402228473e+01
1.717192262648854495e+01
1.328233358760455829e+01
1.313805597894133648e+01
1.280418659023733774e+01
1.522079890780491418e+01
1.355881480034053688e+01
1.306502820624023720e+01
1.158739632238908612e+01
1.340560003358099905e+01
1.316418639783700506e+01
1.278794955504042008e+01
1.291940332905114275e+01
1.379580432117005451e+01
1.318549496253940134e+01
1.305929806560921236e+01
1.259198452627421183e+01
1.258298869495195405e+01
1.357379817988371329e+01
1.256675165975503461e+01
1.304560022598133173e+01
1.290316629385422331e+01
1.265937456108986936e+01
1.340560003358099905e+01
1.370603286377213337e+01
1.327310457540842137e+01
1.153232271121416552e+01
1.347047405865226999e+01
1.328233358760455829e+01
1.318549496253940134e+01
1.342183706877791671e+01
1.300947117253255669e+01
1.676480144936852312e+01
1.305948651970878416e+01
1.291940332905114275e+01
1.695946288334160457e+01
1.714825120371997258e+01
1.130404486962203414e+01
1.329564017184772773e+01
1.214144086297901914e+01
1.368979582857521571e+01
1.251767770577560412e+01
1.339640797373508718e+01
1.382155793793607756e+01
1.244309395839388444e+01
1.400018787907558604e+01
1.231486023969749155e+01
1.395453492233653670e+01
1.705372022994949077e+01
1.264313752589294992e+01
1.251947982453179975e+01
1.669491736804364024e+01
1.140298038194424457e+01
1.269948671210911684e+01
1.695218241104890922e+01
1.250144067057868469e+01
1.300024440328471087e+01
1.284969508804254801e+01
1.287947963213146529e+01
1.677190816215489377e+01
1.268640320420718304e+01
1.275130408236050350e+01
1.384671090144885497e+01
1.291940332905114275e+01
1.355881480034053688e+01
1.272977973245292205e+01
1.375157057048904363e+01
1.397633353448368609e+01
1.332979602097554839e+01
1.271795242669123205e+01
1.711719072192603619e+01
1.328910173706024622e+01
1.318257795754395190e+01
1.157115928719216669e+01
1.360104823863343526e+01
1.307572355490570182e+01
1.402901669653452466e+01
1.386294793664577263e+01
1.231486023969749155e+01
1.304560022598133173e+01
1.721184546953956840e+01
1.242621956492107138e+01
1.327116942347469397e+01
1.307572355490570182e+01
1.318257795754395190e+01
1.387762488715103615e+01
1.294301425106726633e+01
1.698299966581858556e+01
1.280418659023733774e+01
1.391988285036965856e+01
1.711719072192603619e+01
1.297011489345814184e+01
1.698299966581858556e+01
1.332979602097554839e+01
1.380451392031995006e+01
1.684207896221575851e+01
1.258852723112515726e+01
1.667868033284672080e+01
1.305929806560921236e+01
1.268851361414396450e+01
1.706995726514641021e+01
1.384671090144885497e+01
1.386294793664577263e+01
1.301034490013029732e+01
1.295719496711601870e+01
1.331355898577863073e+01
1.695218241104890922e+01
1.315904652347101411e+01
1.728298377039076072e+01
1.316634092234703424e+01
1.418745878581455067e+01
1.421847573857140112e+01
1.287947963213146529e+01
1.717192262648854495e+01
1.124638719163945666e+01
1.693594537585198978e+01
1.709356571434860683e+01
1.381122194301796569e+01
1.340072387981475366e+01
1.691244768667217002e+01
1.423847159023811138e+01
1.351113282824044148e+01
1.172708566133805164e+01
1.332247269410202151e+01
1.370603286377213337e+01
1.357196299601877776e+01
1.316991318411166922e+01
