5.273202093085236491e-02
4.757307612218079629e-01
-3.491720515507489714e-02
1.051989096449110761e+00
-2.212406277294267642e+00
-1.657511361232683278e+00
1.265757152520005924e-01
-2.700725421486191991e-01
3.491942765904932355e-01
-3.167893434252370688e-01
3.920822058859502746e-01
1.045027672648183970e+00
3.982998341197376280e-01
-1.221507830991444138e-01
-9.107027241069211299e-02
-5.897775342429512069e-02
-5.516127873644906948e-02
1.885704957324748632e+00
-1.638847627908959215e-01
-1.124034256268099163e+00
2.443414158781923362e+00
-1.188904623731047216e+00
4.024884784592343556e-01
1.534699709057937844e-01
-5.929078727262779847e-01
-2.792101452532512462e-02
-1.336724079598829329e+00
-2.534814987413446241e-01
-4.459603603433169236e-03
2.196783113862034453e-01
-4.446422953820904356e-01
-5.793135834397598050e-01
-8.015855959332011116e-01
3.198839117803007892e-01
-8.322111294307231733e-01
2.249770318325078344e-01
7.430931552018597008e-01
-8.188326162419576892e-01
-4.990334664090787520e-01
1.787586048366308411e+00
-7.574517898416629480e-01
-1.120710715099529076e-01
-9.272920447142695144e-01
-9.232150464974104853e-01
6.588331453619301614e-01
-6.366001168747338623e-02
-5.648982784653014955e-01
-9.695113581339174225e-01
-6.315876476066230039e-01
-1.495183300655364977e+00
-2.067024356973131471e+00
8.537818376772228213e-01
4.089568251549270950e-01
-3.405193457981263272e+00
-3.568730416719414489e-01
-9.232586260345485574e-01
1.618919908641838434e+00
-5.294035129272565143e-01
7.358436523378537597e-01
-1.389459425456603725e+00
6.700134754851139185e-01
2.613588432666542172e+00
2.459729601990968018e+00
4.933311077711787229e-01
1.433610649180903529e+00
1.166159011115541211e-01
1.129221714674067956e+00
4.251929858764447179e-02
-8.648382222849400058e-01
7.193027029146926710e-01
-4.464170123859335093e-01
-6.813830330865807694e-01
-1.578974786319880419e+00
-1.007996541172281990e+00
-8.160272790705547230e-01
-3.507867349492663905e-02
9.651356351335366179e-01
5.238470554511241994e-01
-1.625739494105420679e-01
1.185173202962090944e+00
7.358436523378537597e-01
1.306098330220547277e-01
4.826945812128270452e-01
-1.188516905445413441e+00
-1.675412506094492993e-01
-4.394423067663086324e-01
-4.282851669999143129e-01
-6.783250462064117636e-01
-3.746247839397319757e-01
1.005296814730748611e+00
-1.297093373175926656e+00
6.257670751853260382e-01
-8.480222462633288938e-01
-8.148377870481983143e-01
1.347301529372231244e-01
-1.372562173082358727e+00
1.174358953315534304e+00
1.076240670025070845e+00
4.926060421384552135e-01
-1.094083606237929107e+00
-1.476970302092799336e+00
-3.462150217583769285e-01
2.878878079117401165e-02
9.229871160103437777e-01
6.868084839696325661e-01
-5.861679080683589449e-01
-1.680359555895395207e+00
5.284381616058536624e-01
2.658752435146678472e-01
-1.889145223016403197e+00
7.162079667077789202e-02
-1.089268698933873569e+00
-1.697780514669708696e+00
-3.907610312167098532e-01
-1.020852994480998976e+00
-1.221472831489711197e+00
1.713711695920853595e+00
6.314232700383290986e-01
-8.280321072002244653e-01
6.547027379967823579e-01
-7.118968760320334432e-01
-1.296899836849882304e+00
-2.413386687723600987e-01
5.767503154047017022e-02
8.974959395460394562e-01
-5.021427821629931287e-01
-5.157940568365783074e-01
-7.623963478077085965e-01
-5.723888252642193863e-02
-3.270287215895932853e-01
-6.621909424473699790e-01
-8.101211373988844722e-01
5.740205573826391294e-01
-1.868154569185510372e+00
-1.987154055835920419e+00
2.503271944323450238e-01
6.007821986164780803e-01
2.241474217059404306e-01
-3.133277702636898532e+00
-3.826950246135159533e-03
1.262583740135851507e+00
-9.970477535194810503e-01
-6.693437251669103194e-01
9.469728843728975054e-02
-4.216526497735670342e-01
-2.303216585476401956e+00
-2.407846981406467801e+00
3.024313312698034273e-01
-6.695419727770809404e-01
1.278443395308613617e+00
-1.464340920562478443e+00
-1.308029991127352298e+00
-5.980560851143369716e-02
-1.045611336465411600e+00
-5.549692988032146612e-01
-1.859190795002885199e-01
-7.059386578200549378e-01
-6.127477375100648382e-01
1.061669777829714334e-01
-1.280704088911610139e+00
-3.168073553099664541e-01
1.827832530010446543e+00
-3.210538445630745752e+00
-4.255711115705162473e-01
-4.440406603451995116e-01
-1.136991140539540757e+00
-1.883451728215164156e-01
-3.843632139550670068e-01
2.410460328216227355e-01
-5.916790036139375486e-01
5.823911029855941557e-01
-1.907889025145969475e+00
8.880609478646300792e-01
-3.013717234688916835e-01
-1.131869611001967479e+00
-6.665307130411217695e-01
-1.231563744571867632e-02
3.709459684627312015e-01
-4.844909733509214500e-01
-3.073117915419327328e+00
-1.918097482177792690e-02
-7.483401743456704613e-01
-5.076212756658660119e-01
1.720267039198683512e-01
-1.079939080612079882e+00
-6.979494805670440893e-01
-1.002621379116451106e+00
-4.008417168885418901e-03
-4.646926780712022920e-01
-1.854799635797772239e-01
2.303125865746328549e-01
-6.385563682708121913e-01
-2.629641230354825415e-02
2.860184369583966824e-01
2.689085820841643493e-01
-8.327519532223582877e-01
4.365113486531363995e-01
1.581041646725548366e+00
-3.580026316162233657e-01
-1.023725247147518891e+00
-7.636345217101599969e-01
-4.774180835661837041e-01
-1.620179934551990442e-01
-3.442786816988959719e-01
2.404672316659387798e-01
1.706627835036081287e+00
-3.545771758569021270e-01
-2.164249590789030231e-01
-4.435074963976846085e-01
-3.327350706014808868e-01
2.327986634740592198e+00
3.952043250112394213e-01
3.309002255323480468e-01
1.105898650804979094e-01
-1.143838007737094514e-01
9.830660115072065164e-01
-6.474984838855030178e-01
5.139529064064164432e-01
-3.298500819557186325e-01
2.301072851462636903e-01
-2.800074756881563709e-01
5.249907492968380884e-01
2.083992981422669657e-02
-1.203447164776831668e+00
-9.598304412347525849e-01
-7.906836611153129912e-02
5.171431147806325734e-01
2.939463923559110237e-01
-4.550856381269143824e-01
5.333100692839708445e-01
7.413488244198996879e-01
1.669640214497945419e+00
5.175973805263465177e-01
-1.863895665104729149e+00
7.954170543999203868e-01
2.966011811936279385e-01
3.307953866836362278e-01
-1.360364077447254294e+00
1.404117741193856128e+00
-1.940708167860906441e-01
9.174788004612253189e-01
2.547968392164651763e-01
1.668990269679666572e-01
2.184674305362716284e-01
-2.177033224635658570e-01
5.539770274875619460e-01
-2.832777542777917823e+00
-1.996304758467390417e-01
1.153533461136937999e-01
-3.674618815297581165e-01
1.373466126152081301e+00
-8.451488500931669812e-01
6.929455816920586375e-02
-1.789427121256202957e-01
-1.264387211217697926e-01
-2.958228950551764491e-01
1.959395556350622403e-01
-3.102052643274356480e+00
-1.242514870570700536e+00
1.766965126359045568e+00
-2.319005174302130393e-02
9.346872933823293650e-01
-4.930692608719455805e-01
-8.438686087445717021e-01
-8.073039770041652297e-01
-5.693132540100728223e-01
-9.200204977584703903e-01
-3.696836608502144239e-01
1.361883627181935452e+00
2.850999041735232664e-01
1.567294295391379100e+00
-1.034362701599399470e+00
1.337652695040682849e+00
5.218978631105882782e-01
1.500799555897349480e+00
1.477966503935549847e+00
5.002198244901144841e-01
3.290519730226486028e-01
1.258887166401732705e+00
-1.359953737690153819e+00
-5.025151985397423998e-02
-2.059243947885642800e+00
2.741663941731358189e-01
-6.554920312122994863e-01
1.335458131623901812e+00
-3.361395888407782695e-01
5.674921605523902679e-01
-5.100751532444730563e-02
8.653318684251637416e-02
5.586446525993278289e-01
-8.423557773970077323e-01
2.214863259957133845e-01
-7.835148503935828179e-01
-2.180008033187820216e-01
-1.465485449363410075e-01
1.940567174316411458e+00
-3.622666026745208212e-01
-4.689150034664075206e-01
-9.178367936148945638e-02
8.875315872719338195e-01
-4.664710787840601336e-01
4.685305155783057174e-01
-1.312151402651914545e+00
1.450204758908372416e+00
-4.582997032873986631e-01
-3.523491531293511114e-01
3.086755245661159663e-01
6.183617125873062115e-01
2.260045637138556607e-01
9.379231957773409567e-02
-1.054176543922382248e+00
1.361986461363233314e+00
2.566158415460729203e-01
4.523337930548490426e+00
-1.481702308563198622e+00
4.604955377465169697e-01
-8.005502762888392354e-01
-7.080249610913549319e-01
-4.487627793810022303e-01
1.903382450659005576e+00
7.983523735053973391e-01
-4.827340369240816775e-01
-3.916121046067259637e-01
-6.360835063380884113e-01
-6.304818539249223974e-01
-1.232802890251872702e-01
4.355846655898724107e-01
-6.869291478973064136e-01
-5.025733854884211205e-01
-1.367404713509408065e+00
3.701882856023686053e-01
-2.482832661809924180e-01
2.750844298397053106e-02
-1.174423593113596453e+00
-5.245893945824627869e-01
4.132149202758202411e-01
5.914308292128358513e-01
-2.914336144157388397e-01
5.108562204035345111e-01
-6.064826584746793037e-01
-1.101570443380977954e-01
-1.214289553990923087e+00
4.040314789058511158e-01
-2.185630913676185116e+00
1.811842171479553176e+00
1.219486951119937990e+00
-1.937186782913769278e-01
-1.000292017687570256e+00
-1.161845995099512585e+00
-7.665555072624979926e-01
-2.705011253492164980e-02
-9.686432694760669371e-01
7.898779416424487332e-01
4.167002391370339814e-02
4.027179591507487610e-01
5.805396922178605035e-01
-8.561284762575562812e-01
-1.321677161002611789e-01
1.656046139064586420e-01
5.707035794442929522e-01
-3.294497656626917959e+00
4.665549744171818697e-02
1.230739854137218536e+00
1.428251394096740345e-01
-1.181992654206780458e+00
-8.403454578675765285e-01
-3.666508453751395891e-01
3.701080318550271087e-01
1.560070948319561834e+00
-6.354403080973668461e-01
3.258327898028291064e-02
-1.783410862428749522e-01
-7.205308714947518123e-01
3.314239085941146912e-01
5.338389093619132497e-01
-1.042267249496443698e-01
2.643659421815668792e-02
-1.467061955712233079e+00
-1.541389035525308149e+00
-2.858480372331946920e-02
1.574572526999787225e+00
-1.787651136778473093e-01
-3.409039549594091723e-01
-1.827730359997764564e-01
1.426469637966011783e+00
-1.442757389467185236e-01
-1.249134323230445265e+00
-7.729836648154913004e-01
-6.055227562800881147e-01
-1.655360471215619744e-01
1.248033619983856535e-01
-1.746423602412483511e+00
1.009201427652504979e+00
-3.327350706014808868e-01
1.035153276818846724e+00
1.109988007794284970e+00
-4.510275464474340357e-01
1.227134506323737106e-01
2.112082790928125065e-01
1.105152212458381467e+00
5.649023444010583539e-01
-6.500524267568329462e-01
-3.831898963045903272e-01
-1.692421734144399004e+00
-2.714611798857172520e+00
-8.338106026472216215e-01
-1.178776668559507190e-01
-1.212356670698607308e+00
-8.616053449395582042e-01
-9.538504425439378043e-01
-1.481746873429825029e-01
-2.243970563639153815e-01
-5.652611855205403879e-01
2.623415287989650513e-01
-3.109965740759566555e-01
1.602629398725542664e+00
-5.197082773545675938e-01
-5.675571097286988831e-01
1.587728256588937015e+00
-1.639299314470526348e+00
-1.056237210271120164e+00
-1.273951757484948211e-01
-5.380090134711219309e-03
-6.101109056467973746e-01
4.321471118808832279e-01
-2.121614560789027770e+00
-1.435459498482566154e+00
1.960584847347367266e+00
-2.102944858590260757e-01
-3.743778559121130334e-01
1.153616773531815076e-01
-4.100981563672110863e-01
2.477931998951412862e-01
-2.372814438680852067e+00
-5.077971605783667686e-01
9.985457385225431082e-02
