9.256595981698906073e+00
1.007249137319665344e+01
1.118490248045225677e+01
9.220051567024510675e+00
1.095066050769174559e+01
9.971975253850855481e+00
9.270357917938744308e+00
9.619536256895273141e+00
8.997585593899110279e+00
9.777727964047860709e+00
9.750216263223618895e+00
1.007249137319665344e+01
9.317275576831542949e+00
9.433245916307365420e+00
9.344129583719325893e+00
9.295443060055919915e+00
9.283495340237536197e+00
9.103717089632711534e+00
9.767612420822240793e+00
8.031458543532476568e+00
9.590881366951508724e+00
9.103717089632711534e+00
1.095926903589687207e+01
9.554191663650204447e+00
9.697549457322512723e+00
9.254079269019458209e+00
9.622498440829973632e+00
1.115817755735911909e+01
9.195941221897188100e+00
1.118490248045225677e+01
7.981014456495818976e+00
9.718917234663347671e+00
9.971975253850855481e+00
1.108879837074945840e+01
1.109732337958760340e+01
9.750216263223618895e+00
9.767612420822240793e+00
1.102967295723436969e+01
1.103866892535175559e+01
9.634130644955543943e+00
9.190282367211160874e+00
9.874146757881234748e+00
8.031458543532476568e+00
1.118490248045225677e+01
9.331424693105288881e+00
9.525621822095708069e+00
1.102967295723436969e+01
9.718917234663347671e+00
9.572121531010537865e+00
9.622498440829973632e+00
9.971975253850855481e+00
9.874146757881234748e+00
9.289112954118536436e+00
1.113184218377112522e+01
9.572121531010537865e+00
9.270357917938744308e+00
9.602582757271550307e+00
9.809215678745754730e+00
9.697549457322512723e+00
9.534548531261862081e+00
9.262170353846537196e+00
9.210143153389324766e+00
9.347835691414742243e+00
9.398962140432317369e+00
8.908577041857158818e+00
9.651277943430441653e+00
9.540083946626763733e+00
8.927424619951512597e+00
9.917261849978766364e+00
8.997585593899110279e+00
9.777727964047860709e+00
9.922841944040126094e+00
9.598286162740599536e+00
9.661855322139581759e+00
9.726403962380429036e+00
9.972930560535084865e+00
1.100294803414123201e+01
9.570733669675281163e+00
8.908577041857158818e+00
9.289220687004338117e+00
9.697549457322512723e+00
9.889323620871117271e+00
9.413481282649742710e+00
8.897640244987300662e+00
8.904080781868001893e+00
1.095066050769174559e+01
1.115817755735911909e+01
8.683810566209725579e+00
1.090824133192835532e+01
8.889938864001008412e+00
1.113184218377112522e+01
8.182865929371201830e+00
9.932237857998748254e+00
9.411524797173782986e+00
9.889946344979382076e+00
9.750775963075206221e+00
9.777727964047860709e+00
9.971975253850855481e+00
9.334634673004845951e+00
9.658932562431434832e+00
9.874146757881234748e+00
8.034546488816699750e+00
9.291530986200637443e+00
9.185287874133395647e+00
9.784004161845443193e+00
1.124881109962520220e+01
9.767612420822240793e+00
9.067825134814372134e+00
9.800927372586969000e+00
9.971975253850855481e+00
1.108879837074945840e+01
9.346442807007862896e+00
9.825755664259888889e+00
9.663495510477684292e+00
9.874146757881234748e+00
1.104770911434433067e+01
9.700411253241171039e+00
8.997585593899110279e+00
9.458556210590677082e+00
9.705028249181482991e+00
9.289998361257463699e+00
1.105679375861129898e+01
9.506163963438176268e+00
9.335921147100474826e+00
9.200447016752494989e+00
8.703092266904656427e+00
8.195294964818380379e+00
9.760082368935025343e+00
9.874146757881234748e+00
1.102967295723436969e+01
9.390663812812132250e+00
9.464522959908391542e+00
9.053245161821031672e+00
9.971975253850855481e+00
9.435651843733621646e+00
9.249450952017483019e+00
9.971975253850855481e+00
9.697549457322512723e+00
9.691992354981387336e+00
9.922841944040126094e+00
9.956340242435624432e+00
9.961904271119003340e+00
9.274329335420334885e+00
9.351945607024598317e+00
9.434451358455639536e+00
1.103866892535175559e+01
9.906005486293093298e+00
9.235477608941659255e+00
8.950529220954502208e+00
8.842356070681223201e+00
9.740564615635957324e+00
9.866550740615416260e+00
9.789632530030241142e+00
1.092508524677810300e+01
9.160879832484560836e+00
8.192213218314105205e+00
8.196936222114311832e+00
9.316373706498515261e+00
9.220647651868915773e+00
9.718917234663347671e+00
9.816745730632970179e+00
9.730145170728075499e+00
1.122115261576976053e+01
9.750216263223618895e+00
9.866550740615416260e+00
1.101181274602831728e+01
9.527921446299149721e+00
8.748851258650114815e+00
8.889938864001008412e+00
8.937966564213036591e+00
8.192864790011951115e+00
1.117595049881084535e+01
9.718917234663347671e+00
9.670526141042001811e+00
9.351097625815956604e+00
8.192864790011951115e+00
9.572579421691882473e+00
9.676399501790841740e+00
1.101181274602831728e+01
1.103866892535175559e+01
1.111449855911475915e+01
9.539083384548280975e+00
1.096791967538429802e+01
9.750216263223618895e+00
9.594986740005731818e+00
9.501757779415431315e+00
9.239415677021890261e+00
8.034546488816699750e+00
1.093356884753157132e+01
9.481410835479080035e+00
9.210189414200764091e+00
9.825755664259888889e+00
9.623729614890025985e+00
9.700411253241171039e+00
9.365076358087282671e+00
1.107509735056526168e+01
8.040296139983855284e+00
9.906005486293093298e+00
9.289220687004338117e+00
9.825755664259888889e+00
9.945894224554049146e+00
1.109358157640731513e+01
9.547179556065309214e+00
9.255597560723922257e+00
9.534386010370120346e+00
9.424131312597204158e+00
9.350934440220289190e+00
9.825755664259888889e+00
9.697549457322512723e+00
9.971975253850855481e+00
9.149128794362274775e+00
1.002178026383330334e+01
9.537312229956105725e+00
9.103717089632711534e+00
1.117595049881084535e+01
8.041706698896424754e+00
9.767612420822240793e+00
9.692418831595551509e+00
1.120293863756221775e+01
9.265171026044709990e+00
8.889938864001008412e+00
9.401497753735021945e+00
7.998498641774306250e+00
9.925156862961605597e+00
9.825755664259888889e+00
9.156995027683555222e+00
9.767612420822240793e+00
7.981014456495818976e+00
9.750216263223618895e+00
9.816745730632970179e+00
8.997585593899110279e+00
9.545893336030019327e+00
9.670526141042001811e+00
9.670526141042001811e+00
9.789494877156570851e+00
9.543786512011090295e+00
9.428901969906796410e+00
9.971975253850855481e+00
9.852778980540399800e+00
9.190282367211160874e+00
9.330280563090738610e+00
9.645697849369081922e+00
8.748851258650114815e+00
9.638931720279925841e+00
8.195294964818380379e+00
9.866550740615416260e+00
1.104770911434433067e+01
9.874146757881234748e+00
1.002178026383330334e+01
9.575078297189959287e+00
9.971975253850855481e+00
9.191572101294758212e+00
8.748851258650114815e+00
8.997585593899110279e+00
1.091664281971010197e+01
8.031109928369438933e+00
9.043381915416809136e+00
1.111449855911475915e+01
9.970679740060498730e+00
9.064287945836930760e+00
1.108879837074945840e+01
9.969113457932197164e+00
1.002178026383330334e+01
9.229639957159774255e+00
8.658104235983167030e+00
9.843994710462492748e+00
1.103866892535175559e+01
1.098534822580290360e+01
9.460669406209865073e+00
1.107509735056526168e+01
9.428121791846407973e+00
9.825755664259888889e+00
1.093356884753157132e+01
9.197486406186106578e+00
8.889938864001008412e+00
9.673814429144528049e+00
9.506163963438176268e+00
9.498430461786119494e+00
9.971975253850855481e+00
1.097661266055323814e+01
9.460076985233946800e+00
9.691992354981387336e+00
9.136281995783138044e+00
9.418182068743432112e+00
9.119099812202447808e+00
9.506163963438176268e+00
8.041706698896424754e+00
9.697549457322512723e+00
1.005942154656129439e+01
9.459738865724872880e+00
8.031458543532476568e+00
9.764972153785830500e+00
9.852778980540399800e+00
1.100294803414123201e+01
8.195525663201742361e+00
9.683088797783467427e+00
8.613968679368579018e+00
1.114935612875038551e+01
9.168687895446081981e+00
9.874146757881234748e+00
9.584856009473481819e+00
9.303351646900503980e+00
9.730827289059991614e+00
1.101181274602831728e+01
9.268352937206360664e+00
9.437214521761035257e+00
9.239415677021890261e+00
9.874146757881234748e+00
9.414540722819971563e+00
8.196755715752846783e+00
1.105679375861129898e+01
9.426379345125100784e+00
9.346442807007862896e+00
9.825755664259888889e+00
1.016712013486512056e+01
9.700411253241171039e+00
9.324553089268743378e+00
8.192864790011951115e+00
9.496048420212556351e+00
9.398962140432317369e+00
9.670526141042001811e+00
9.874146757881234748e+00
9.586244023324448804e+00
9.190282367211160874e+00
9.141587181052269528e+00
9.186992209980992641e+00
8.904080781868001893e+00
9.706534043844843751e+00
8.748851258650114815e+00
9.922841944040126094e+00
9.718917234663347671e+00
8.950529220954502208e+00
9.496048420212556351e+00
9.750216263223618895e+00
9.421633125870483738e+00
8.195294964818380379e+00
9.917261849978766364e+00
9.426379345125100784e+00
9.190282367211160874e+00
9.651277943430441653e+00
9.299649110009138298e+00
1.105511007225154607e+01
9.350934440220289190e+00
9.874146757881234748e+00
1.097661266055323814e+01
1.104770911434433067e+01
8.192213218314105205e+00
9.602582757271550307e+00
9.375281090242395976e+00
9.594986740005731818e+00
9.103717089632711534e+00
9.454082501169102315e+00
9.594309527232645962e+00
9.636640358696967112e+00
9.649357441359848409e+00
9.545893336030019327e+00
9.635417515808835986e+00
1.101181274602831728e+01
8.795299697736615130e+00
9.683088797783467427e+00
1.103026960889765817e+01
8.041706698896424754e+00
9.777727964047860709e+00
1.112314919860218509e+01
8.948487566414826233e+00
9.254799976206005141e+00
9.261962628694984545e+00
9.256295273955895908e+00
1.090824133192835532e+01
9.124556167497237524e+00
9.319317366341824282e+00
9.645697849369081922e+00
9.874146757881234748e+00
9.700411253241171039e+00
9.089357954396618311e+00
9.572297330501294610e+00
9.642083119546731140e+00
1.002178026383330334e+01
9.064287945836930760e+00
1.118490248045225677e+01
9.415032443237853599e+00
9.971975253850855481e+00
8.037635266794064037e+00
9.673647330460935834e+00
9.506163963438176268e+00
9.852778980540399800e+00
9.800927372586969000e+00
9.545893336030019327e+00
9.922841944040126094e+00
1.122115261576976053e+01
8.951961295663124929e+00
9.567385595622974748e+00
9.506163963438176268e+00
9.971975253850855481e+00
9.819115443953812417e+00
9.210143153389324766e+00
1.098534822580290360e+01
9.825755664259888889e+00
9.683773555947345457e+00
1.118490248045225677e+01
9.374235843225996234e+00
1.098534822580290360e+01
1.002178026383330334e+01
9.644113258326679983e+00
1.093356884753157132e+01
9.574915647510188421e+00
1.087504008567977110e+01
9.141587181052269528e+00
8.987227731714082068e+00
1.116704226924620258e+01
9.645697849369081922e+00
9.800927372586969000e+00
9.447783949847273988e+00
9.275111462599152645e+00
9.866550740615416260e+00
1.112314919860218509e+01
9.364283860935239900e+00
1.124881109962520220e+01
9.816745730632970179e+00
9.750775963075206221e+00
9.930322455086400879e+00
9.256295273955895908e+00
1.105679375861129898e+01
8.186688066750363646e+00
1.096791967538429802e+01
1.117595049881084535e+01
1.002233996368489066e+01
9.483702197062038763e+00
1.095926903589687207e+01
9.871538394021605711e+00
9.493785236254570492e+00
8.027636406153314752e+00
9.239415677021890261e+00
9.750216263223618895e+00
9.514164288842588135e+00
9.510988291720964938e+00
