4.061513404289667645e-02
2.306907886951767572e-01
-4.450300330997292164e-01
-1.442508005125594239e-01
-1.148755629634587550e+00
-9.835484199945967454e-01
5.819407308434026982e-01
-1.373499965159512559e+00
8.898328159779869129e-01
-6.570908836451804236e-01
-2.015386992749685913e+00
-1.306025948238981049e-01
1.480024272206255542e+00
1.795645494988339363e-01
-1.419700126044170174e+00
7.867543463164916595e-01
1.529810096460438862e+00
5.035927596458737998e-01
-3.409583625374283944e-01
-1.276326113522209926e+00
-1.224298671243741365e+00
-1.579870391366940297e+00
1.407088855308828157e-01
1.546038020185617867e+00
-2.499081239957305467e+00
-8.061647875546942288e-01
-2.952060505409134783e-01
1.549442234215921310e+00
4.622579916871040195e-01
-4.488419190602977449e-01
-9.678398355617047200e-01
-2.931505975025044952e-01
8.182242607465851636e-01
-3.815347958591509547e-01
6.522908435757711620e-01
1.015254219842675054e-01
-3.594203779609569938e-01
5.599295723909762934e-01
-6.339426789249588134e-01
1.297498509221290730e+00
-1.114596122913861370e-01
-1.853208512906013627e+00
-5.605291010429716003e-01
5.909542644224735630e-01
-1.413707147275049092e+00
4.304318869160476679e-01
1.983345693071379312e+00
-5.365470553760717243e-01
1.039257797640164238e+00
-3.181927018620611114e-01
-2.761184499586382679e-01
9.196574903689445080e-01
4.640032840649968016e-01
-2.794541976833492480e+00
8.223753539744556029e-01
-2.347499172851454485e+00
-1.309512729681623355e+00
1.233275022219259665e+00
9.617791527043346722e-01
-1.254573610772754089e+00
8.445005509591188009e-01
5.784308793347245903e-01
1.042801070585122725e+00
-1.997237026956073525e+00
1.505727372555337951e+00
-1.295673455807587748e+00
-4.839915574820330968e-01
-3.426808987326161304e-03
1.537800648324661179e-01
5.502753856847403952e-02
5.592829000878054568e-01
4.642218222708579534e-01
6.194515430808427148e-01
4.683010842428664972e-02
-1.207268374407740597e+00
-4.607523808240944763e-01
1.093922287851794906e+00
-6.161313886999796319e-01
5.497805073100113793e-01
-1.468367796648480383e-01
1.646083203769979630e-01
8.791569078380500057e-01
3.020882508912441922e-01
-6.519669141115845834e-01
8.844745492068999404e-01
-1.653539942640084970e+00
-6.348582953021328912e-01
-3.017513503810490549e-01
2.408307156350571354e+00
-2.208034250275390242e-01
1.040315969879827662e+00
1.306711700668751863e+00
1.999892066724768158e+00
-2.941938054599561703e+00
-8.942116838177732729e-02
-1.755874949601780033e+00
-7.388545010630351850e-01
-1.190293046167085977e+00
1.698769171150929180e+00
2.018431920870468188e-01
8.708067229262844711e-01
-5.741356872286635937e-01
3.991795707041345120e-01
4.543209517733539093e-01
-1.960922115840639246e-01
1.233128760430291848e+00
1.964862938194074371e-01
-3.642358687285703334e-01
3.277882179244999694e-01
-8.521214102263982015e-01
2.213524499857246308e+00
-9.107221301156926963e-01
2.301940203139138108e-01
3.830247112057169612e-01
-1.013896919304878796e+00
9.043473217449109480e-01
-7.640134992049479878e-01
-4.332896289553415936e-02
4.516929112897262177e-01
3.273888940224358168e-01
-6.533554771819272133e-01
3.349414604206269463e-01
9.123359105866020169e-01
-3.376182841335767515e-01
-6.882572073250829876e-03
-1.113136527426709987e+00
6.704477188314005021e-02
2.945260823635982739e+00
-6.605234795754604260e-01
-1.189545336353920790e+00
-5.850755470965751659e-01
1.098242042632225773e-01
-2.355297280336967614e-01
-8.111635643841259569e-01
3.729913395093010231e-01
-7.080586241663697766e-01
1.421320312784470907e+00
-1.405238500873075447e+00
-2.224309300167079950e+00
-4.878709287873578826e-01
1.404222001747524429e+00
4.598412575075556674e-01
-1.934584022561171679e+00
2.051817133897062551e-01
3.611375995200990369e-02
-1.210392883530377883e+00
-8.436474573002398225e-01
-7.099144325343481610e-01
-6.472728009492861867e-01
2.812937960756366120e-03
6.200548471397814704e-02
1.295734094825439442e+00
8.628773353630476983e-02
9.983158337295394702e-01
-7.100526850379138555e-01
-6.774790903524512409e-01
-1.548650594649303214e+00
5.964218294121840236e-01
2.254139031889808908e+00
-6.003773073913591940e-01
-1.986052183269564564e+00
-8.496285347499513141e-02
-1.443291484648723699e+00
-2.958414890808383491e-01
9.927764249516771167e-02
9.375756791720121219e-01
1.002196136295766093e+00
-1.709601993153605781e-01
-6.632687955866175544e-01
-5.376742810550431129e-01
-9.465289580629804300e-01
6.052354085744003909e-01
2.160430763707114343e-01
5.920012252540080011e-01
-1.839462036693240710e-01
-1.460429571916801450e+00
-9.080117707034365271e-01
1.305110188555716366e+00
2.335770259120044656e+00
-1.155777067570407546e+00
-3.804672171181673890e-01
1.210598123645040713e+00
-3.691609297093614295e-01
-8.851326897418433370e-01
-1.829457201239388597e+00
2.955470893229848461e-01
-5.899178456318875385e-01
6.778970525241044820e-01
2.050652816272525936e+00
-1.070101272573258377e+00
-1.046463515768232488e+00
-3.046194886628432741e-01
9.153861401091809014e-02
6.474208134313209628e-01
1.184745246381711192e+00
-1.782924433777911100e+00
-1.041839437402024560e+00
-7.071634237254529332e-01
-3.602180013463047170e-01
-1.043683770004687761e-01
-1.302832657960999230e+00
3.407415938790722687e-01
-2.178013965159088239e-01
-1.385209797187260561e+00
1.638117987486653160e+00
2.212752691852680975e+00
3.269044088167105233e+00
7.677350732804028022e-01
1.269077432106270331e+00
-1.636718953507733998e+00
1.520227077894053647e+00
9.063367543191124254e-01
1.408161678964656438e-01
7.402062319743185625e-02
5.772073838073817909e-01
6.984665403614068735e-01
-2.530497989977608664e-01
1.162254443477001464e+00
4.107387954009240061e-01
-7.135790194991810109e-01
-7.327479018237378350e-01
1.519262274110830813e-01
-3.074209256450897709e-01
-2.497237987272932003e+00
-2.070471846876960342e-01
-2.021794773428371439e+00
9.268074167916778849e-02
-4.134779010416863437e-02
9.377695440683828654e-01
-2.502188184890434819e-01
-1.145990138811567860e-01
2.799189594407945347e-01
4.106286235562723874e-01
-5.483505017319912911e-01
-1.691466834720630308e+00
8.763876716595929706e-01
-8.146172562522850935e-01
-7.198586350688780389e-01
2.661088102194705485e+00
5.281830461220253792e-01
4.313830979490089201e-01
8.939729596421654989e-01
-5.576709485397426391e-01
-9.012372868209829468e-02
-8.849056770234632330e-01
-5.116663065890928452e-01
-1.253037799565485777e+00
1.358515282867210017e+00
-5.288841557048121894e-03
3.729202054064968408e-01
-1.614863874474588679e+00
-2.440706323182392778e-01
1.786975667017516034e-01
-1.460772093671541150e+00
1.154366692556043628e+00
-3.930676688288067822e-01
-1.245599025954845507e+00
-1.368595639139307041e+00
2.486740216005423332e-01
8.908083025162299995e-01
6.382449298479242472e-01
6.984363315139140160e-02
1.054115076585039112e+00
-6.078061941368744225e-01
1.010160033074058439e-01
-6.274861748202152922e-01
1.446372590676917813e+00
4.165435079297043486e-01
6.254118572713205371e-01
5.958779019296421564e-02
7.555883016965586618e-02
-8.628931178066967522e-01
1.458034815532163186e+00
1.823579030377305399e+00
1.619030180972083510e+00
-7.774219298330781180e-01
-8.738155283348116864e-01
2.819939307038699106e-01
-1.312845552130068559e-02
1.283957065072387049e+00
3.996900904566371704e-01
5.996400990425683995e-03
3.164314054190546788e-01
-6.972372821173599133e-01
3.412762430024325333e-01
3.494364202153723564e-01
2.633384052683397369e-01
1.579168205526523483e+00
8.018944478682020482e-02
9.614331622408012201e-01
-1.087038325102589686e+00
-9.973638660950485679e-01
1.612618370545826352e+00
1.093922287851794906e+00
-4.563030347895697947e-01
2.809137829979709844e-01
-1.090355109963216940e+00
1.835502835174186165e-01
1.340529981256555647e+00
1.966805457713786787e+00
-1.914304431767108461e-01
-8.065749631770751105e-01
1.929905145618567297e-01
1.747946983456747372e+00
-7.047237385884335126e-01
6.257061255724271076e-01
7.020666890613869171e-01
1.231883596060152561e-02
3.117368277017945055e-01
-7.394783066074412936e-01
-5.864668135543240624e-01
1.291139652810897154e+00
2.848390712584497955e-02
2.147266917906041517e+00
5.281333240558292452e-01
-9.296583657390398159e-01
-2.209650765242439641e-01
-1.991222901093854525e-01
-1.061524386038133150e+00
4.999967168203099277e+00
-4.799237847704633242e-01
3.109993678827148167e-01
-4.957130862999297727e-01
3.272943387218067018e-02
-4.005223666324914666e-01
-9.196074590549585537e-01
4.361609564209038004e-01
9.999828986145286036e-01
-1.197686095871564271e+00
-2.978131357178168681e-01
-3.116165351379672210e-01
-1.025187391100345069e+00
6.865577522112904507e-01
3.245232254823762763e-01
-9.757654270078444103e-01
-2.003827086030021409e-01
1.429881201286573811e+00
5.049836348603277125e-01
-3.843604068257033268e-01
1.390243876491598529e+00
1.964708761179760454e+00
1.094055791199685990e+00
-1.306656664224321363e+00
-2.533624044364331598e-02
-3.904325484342009989e-01
1.378095955223940017e+00
-1.635126803623435932e-01
-1.696970616630105289e+00
3.473923428418475984e-02
-1.384357946983007182e+00
5.035927596458737998e-01
6.466656495798815962e-01
1.296906261158898843e-01
1.267589167448607279e+00
1.440783240960855915e-01
1.279346813205156197e+00
6.856785744995228526e-01
6.402029014435957066e-01
-1.408412612417273113e+00
-5.275881266590406460e-01
-2.723404979341832455e+00
-8.936132939606878933e-01
-7.660373646887329580e-01
7.949747238310996833e-01
-3.694488622434779490e-01
1.288431432666221621e+00
-2.089319661890462143e+00
1.269754411887944023e+00
1.820483880687273848e+00
-4.679293057655017213e-02
-9.341670471311581680e-01
1.632938592975630154e-01
4.977935833674697608e-01
7.242776134234944763e-02
2.662313059448416161e-02
-4.504614729966354147e-01
-2.306959059347246099e-01
1.167974670521010561e+00
-1.215486416689457894e+00
2.146217376656099685e+00
1.430546028348388399e+00
-2.246989617160317643e-01
-1.392906280863160706e+00
6.322011411955734683e-01
1.048139774555284953e+00
-1.705104627632251457e+00
7.254434884256616423e-02
-7.493422330053725600e-02
-2.931570922709101357e-01
9.403550121868768652e-02
1.248697613004063900e+00
1.521519824847611668e-01
-1.409335999329733857e+00
-1.723881743294451541e+00
-5.613358833042643159e-01
-6.709932814145523894e-01
9.035880606674612237e-01
1.124445231734563011e+00
1.463236623828201854e-01
1.522394839055095206e+00
-2.655846142800976750e+00
-9.424952072462672303e-01
-3.482901139583777228e-01
1.789397710145928383e-02
-1.173098939257262385e+00
3.910541937399403811e-01
-7.432564675597163051e-01
-1.037263577283068283e+00
2.008959163901173905e+00
5.994580609503792346e-01
-1.784083961836038013e+00
2.593086733357955698e+00
-3.062158798855911801e-01
-1.639429888025514467e-02
-6.558104539259405896e-02
4.865041528668877513e-01
-1.577852844361643248e-01
1.138963634266024344e-01
2.666800446623747156e-01
-1.366630257360717637e+00
-1.552974031748606043e+00
-9.547258681069901165e-01
1.703902300130676339e+00
-7.556304872877042111e-01
-4.751936107699548661e-01
4.058025808397237588e-01
7.784410877974805576e-01
3.445350430624894322e+00
-8.022467474436638657e-01
5.157062406162641333e-01
-6.380452864536584334e-02
-9.508236345077528684e-01
6.879355827420241543e-01
-7.126959059936219809e-01
-1.009890089045939021e+00
1.199642788171688679e+00
