5.534777163307502690e-02
1.754438598809799243e+00
-5.879384081100722664e-02
-6.931082621629810481e-01
-1.122434248646537042e-01
-2.382892232291019319e+00
6.715480874897526986e-01
2.847419249110519912e-01
1.040653735290415077e-01
1.033103437318867376e-02
-1.037216038241586036e+00
1.004295732133668295e+00
1.604191423806299033e-01
1.875694149146558687e-01
2.700501391869987722e-01
4.649690355306032585e-01
-3.997810621123712993e-01
4.312900685625496777e+00
-1.878948710048822468e+00
-1.101367539414927599e+00
-5.819145435404540212e-01
-1.749055709244536461e+00
4.938449341835347561e-01
5.268662804376206266e-01
2.910304873855455554e+00
-3.569611656607367123e-01
2.763425236752398817e+00
2.234690408283912078e+00
1.304889575300328231e+00
-6.194800534390738633e-01
-1.702695539810491931e+00
-5.259067959180998564e-01
-5.075180724146098887e-01
-5.656081742550267411e-01
1.340863224124418718e+00
1.233305032642978638e+00
1.842485471069725156e+00
-3.632270459108040694e-01
-7.823094289895361486e-01
1.011013927725925576e+00
-1.692661144543098573e+00
-2.594920944748071445e-01
-8.125857230619504268e-01
1.292277004910078464e+00
-4.842037475887523978e-01
1.122863594936706289e+00
2.203868520091537331e+00
1.170377381775642711e-01
5.421947353856680918e-01
9.321057838339361634e-01
-1.603724495601807742e+00
1.439963265050253849e+00
4.853073089011969432e-01
-3.201580363406031360e+00
-1.143593221288083051e+00
-1.231406295255250249e+00
1.157696096098520311e+00
-2.408444497397579376e-01
4.829586436214595158e-01
-7.860023005380446515e-01
1.099206464825062124e+00
7.830784934443496548e-01
2.535177050445143188e-01
2.253747793960474699e-01
1.794164694429392970e+00
-1.715043570016387686e-01
7.029392437558501516e-01
5.627782174314301944e-01
-9.731917623901578662e-02
9.777128284398863833e-01
-9.645993351415247385e-01
-3.968532020065110855e-01
-1.778235516915140257e+00
-4.525806408444430495e-01
-4.383904869452686093e-01
8.883916403665533812e-01
1.535883569649963309e+00
1.031136851087981032e+00
1.623044499902415838e+00
4.320159807528706208e-01
-1.244523647131644761e+00
1.559564975990397784e+00
-7.919952269080465790e-01
-7.322122188182361713e-01
9.872063862021729364e-01
-1.096584941490469367e+00
-2.071399097460818517e+00
-9.941229930272579285e-01
-1.968732446327919439e+00
1.052704053783191235e-01
1.351524637975092036e+00
-9.183984477422821313e-02
-3.099551135884262565e-01
-7.119952574037667903e-01
-3.588252171703181781e-01
-1.918541217256354958e+00
1.665526006091226030e+00
2.329688902840683973e+00
3.248048015831768720e-01
7.493163056213973661e-02
-2.040036174278991032e-01
-4.363396192485188285e-01
4.446938980951510856e-01
4.978782130830142205e-01
7.042387170867675517e-01
-4.191619426815954008e-01
-9.458284685008373771e-02
-4.175713496468452801e-01
-6.916111656343162384e-01
-5.259798518369415143e-01
5.705593867150128284e-01
-1.141224822020810548e+00
-6.647289700429984682e-01
4.721767735326857784e-01
-2.964271161416659472e-01
4.529314455290157915e-02
-2.215355249055565301e-01
-1.017122818729266021e+00
5.717929945780745316e-01
-4.430006718158401302e-01
2.185040230475418233e-01
-4.392388314129301308e-01
1.292797121988127129e+00
4.524946363663691629e-01
3.544961912792856107e-01
3.056518168030913918e-01
-7.160809741642579218e-02
8.346096331884594877e-02
1.030234611598021405e-01
2.598196887337039240e-01
1.980268842533932538e+00
1.280275343369408070e+00
1.070447581014610933e-01
1.045115263778613857e+00
8.216988953792174755e-01
1.547693118502882381e+00
1.298248385214569423e+00
6.934744471339300276e-01
-2.121558822299785874e+00
-3.599067181832436013e-01
1.689974659553930836e-01
-4.024962998084722354e-01
-3.536370987295100576e+00
-2.965999680756622459e-01
-4.204807625143361371e-01
-1.600321988924784111e-01
-2.056744774599124970e+00
7.379717716339168065e-01
-2.606749102879921676e-01
7.595319880847322125e-01
-2.626199455529614202e-01
3.494470197075664197e-01
-1.864868448274561663e+00
-3.956066072959381064e-01
-1.366718176663307416e+00
7.732258207726132593e-01
-2.604186730865000410e+00
-5.338675498798287622e-01
4.106815078967117616e-01
-2.028288933958731555e+00
-2.352143607810433412e+00
-1.567775327118462236e+00
-4.663304954330674962e-02
-3.915447974898177974e-01
-1.047181624669633937e+00
-4.457625020375424185e-01
-5.351777905759882437e-01
-6.492255693565367469e-01
4.625753900456344714e-01
6.747549679132335276e-01
-6.203095602456296272e-03
9.455885436627997631e-01
1.415819313271553526e+00
2.346844105330562424e+00
-2.991585631317388305e-01
-1.283873656559414878e+00
-1.237223047723414071e+00
1.193570692758152418e+00
-2.029827705539836380e+00
-3.504178171548923970e-01
-1.897377694330304454e-01
-4.956826378814031542e-01
-9.572038331209102857e-01
-1.859796204966381872e-01
1.837457170218659064e+00
-9.042310545382494791e-01
-8.699890417507041285e-01
-3.124676101374782577e-01
2.257740399275584231e+00
2.187624080850548491e+00
-4.372723830618165941e-01
9.875396887374656707e-01
1.043185954796589154e+00
-4.979034409210236212e-01
2.338219337225180716e+00
-3.442328367052673310e-01
-8.675124328735621670e-01
-9.878540815707222977e-01
-7.995150133541815141e-01
2.484061846167427978e-01
-5.114478368789314722e-01
-2.194532518286864686e-01
-5.647680202511793368e-01
-1.303943729402693208e+00
1.343553640996264287e+00
-6.933781157047909371e-02
-1.216293259826612960e+00
1.170194490211627691e+00
1.281139687506828384e+00
2.239239087608473788e+00
1.128219378903490444e+00
-1.803026322954296989e-01
-1.458036987814124649e-02
7.949756607363641647e-01
-6.491757773898202410e-01
1.048549940972562489e+00
3.904786879156589841e-01
8.975778881011525767e-02
-7.339166257800994186e-02
-5.157200327137241302e-01
1.573989215764885818e+00
-8.131897910439028765e-01
1.275372450956221870e+00
-1.705285676659594296e+00
-2.286533424562072980e+00
8.213324751446798855e-01
-4.441571213453242017e-01
-1.319605724520879431e+00
-1.308839361502704968e+00
9.741199643829722143e-01
-6.332049627492910560e-01
2.922217246858558881e-01
6.740355659269132715e-01
-4.545544541962991403e-01
-1.500319363237216264e+00
-8.717383183038976968e-01
4.234210330991431404e-01
-8.910257554751305209e-02
1.626483205848663571e+00
-4.983032379019225466e-01
1.473854362412980290e+00
1.017633876452932462e+00
-2.661590074476232637e+00
5.127460408170881889e-01
-1.296326908024832747e+00
1.300323984657392629e+00
-9.266949032507055817e-01
2.530038563874521529e-01
1.434451888792309449e+00
2.966370336063010038e-01
-7.007945375761241991e-01
5.636447676961743314e-01
1.278094990285550736e+00
-1.707012433768665127e-01
-7.936006310844163913e-02
-7.652163993192991898e-01
-7.774702671548506805e-01
8.750862140608996545e-03
1.612396563663748283e-01
1.363871241297361092e-01
-5.998005179375527351e-01
1.071297639688444603e+00
8.679812843528230681e-01
-8.421313883980902082e-01
6.601020071097108977e-01
-1.163661844093724751e+00
4.962187029878473848e-02
-1.670611740759428143e-01
1.043255117182766645e+00
4.343904414440186157e-01
1.710677834638888450e+00
-1.608998727256705785e-01
-6.282154779604990358e-01
-4.833925358865723276e-01
2.194696805137379858e+00
4.800110967453848909e-01
-1.540884383222121290e+00
7.583303714445158716e-01
9.676104596468886321e-01
3.412495485618602942e-01
1.550772484604693024e-01
-9.183496308957432852e-01
5.435298066348902557e-01
-9.250297342688486024e-01
1.329537578449671686e+00
2.318847817644140274e+00
2.971992854861386091e-01
-5.772904063590219570e-01
7.167384439198039026e-01
1.569708298395896096e+00
7.333830332359773108e-01
1.073309353495065066e+00
-3.003412567558279012e+00
-1.302881881907881900e-01
-5.756422284148632329e-01
-3.577068918506564055e-01
6.663529582913602090e-01
1.246015904564960752e-02
4.651735962458789508e-01
2.842076879791401556e+00
-1.329414477022365926e-01
-4.072901778212627555e-01
-1.248524011577151427e+00
1.863509563260974111e-01
9.380480911813712797e-02
6.521919479122742502e-02
5.473775893481346300e-01
1.255274914460546176e+00
2.911959479860499189e-01
-1.001732988678889047e+00
-1.119808637741270596e+00
7.117268021097172825e-01
6.556987568296469837e-02
1.930683625441179219e+00
2.375230730403000701e-01
1.807082666939100246e+00
6.911485854032154222e-03
3.052604354139192289e+00
8.830617486782164072e-01
2.493191506131262891e-01
2.993132997575737031e-01
1.342632389005260940e+00
4.482127879190629660e-02
-5.484881435397078731e-01
-1.119287620448184528e+00
8.362974747167378764e-01
1.656361388643478705e+00
9.090840101135244655e-01
-1.218098630445295927e-01
1.340056257551838437e+00
-4.963378452518993345e-02
-8.249630794051059368e-01
8.095656540727564909e-01
5.236017928002946187e-01
-3.296617464978888190e-01
2.673321347817346830e-02
1.183842504281573893e+00
1.399695929349388912e+00
1.872151828617102387e+00
6.181761545725871221e-01
8.880497928082309311e-02
1.399070362856674299e+00
4.734746489581120321e-01
-8.992176290628404178e-01
3.116635180552621009e-01
-6.908291758766933466e-01
-8.256157803652056648e-01
-1.684166108280086283e+00
4.182912773593018274e-01
5.301236468627377185e-01
2.097427101126725368e-01
-6.558228780614527853e-01
7.582603653125791210e-01
1.667047418571502959e+00
-8.513249856283457984e-01
9.379261972277312953e-01
3.510167034482721826e-01
2.275848610269808614e-01
1.163920889293601935e+00
7.649229199439068205e-01
-3.136879257941634691e+00
3.959506811821637551e-01
6.280558562714023685e-01
7.308274044865921137e-01
-9.958352385444284305e-02
-7.526734897814529868e-01
-7.214771717323315015e-01
2.624282629622285423e+00
2.474462155380144079e-01
3.869122498579846137e-01
-1.434379826754342557e-01
-7.964613691562945075e-01
-6.483165160070318567e-02
6.442663110803535931e-01
1.139326200820648616e+00
-1.013477427324401381e+00
-4.986246622412512375e-01
-1.615493772560029073e-01
3.819614428684071084e-01
5.166875075309657062e-01
-9.172272307655093826e-01
4.301311019908662936e-01
2.919091525030942935e-01
-1.963365307409156366e-02
-1.153591660204204006e-01
-5.772435434254906683e-01
-1.512021824054552432e+00
2.566411298395479434e+00
1.232976846448558206e+00
-1.869316400047798532e-01
-6.178697136694607517e-01
-8.167798211336474434e-01
3.240475410837067027e+00
-1.833738527484201741e+00
2.296762732371241122e-01
6.811179325288554964e-02
4.809582715628008681e-02
1.655723127818996998e+00
-7.142018996954135890e-01
-1.065084775362965752e+00
-2.905353565780773639e+00
-6.587858009276533755e-01
-2.084111423634667781e-01
7.799915019507702718e-01
-8.640812053345112709e-01
9.532013328287645137e-01
-1.047056314814258871e+00
-1.450374989114137536e+00
-7.654808625768734220e-01
-8.146991026832596239e-01
-6.176514137191012610e-01
-5.832615692771785376e-01
-1.084498796486946137e+00
1.746814207582947642e-01
6.442183906223512002e-01
9.253874703106946820e-01
-5.091744753129582302e-01
-3.510959694183164725e-02
-1.125149975177112543e-01
-9.503118862397827993e-01
5.664010905996612610e-01
7.509651057693494947e-01
-2.553568565281024161e-01
6.052893975729546350e-01
-1.803102208842660703e-01
-8.305676058535754747e-01
-3.290167120922105615e-01
1.601025327988456537e+00
-1.101719517371464896e+00
-5.702364533375815503e-01
-1.586646777612569670e+00
-1.194037960307609669e+00
2.119046250154124511e+00
1.523126694974871187e+00
-5.181227117472396726e-01
-6.105987826856106304e-01
