6.713404350321835246e+00
7.394771644297572166e+00
8.745266926087015946e+00
6.846907232521868281e+00
8.552309600737174833e+00
7.296271444656365901e+00
7.216896334670463098e+00
7.339886606186087903e+00
8.025375410350676475e+00
7.143268525671697233e+00
7.384877756600162435e+00
7.394771644297572166e+00
7.228413910741559256e+00
6.781571471266722106e+00
6.709006277861651490e+00
6.674709390157771871e+00
6.666845367219161211e+00
7.029701603151096378e+00
7.110252491890826754e+00
7.204938643843554757e+00
7.048029308994252062e+00
7.029701603151096378e+00
8.558069869203862368e+00
7.216550076562800342e+00
7.347455821548006583e+00
6.648379708035113467e+00
7.001406514873859344e+00
8.728427400702649663e+00
6.615492602860812532e+00
8.745266926087015946e+00
7.046747733023326354e+00
7.069975732465184848e+00
7.296271444656365901e+00
8.682592827992968054e+00
8.688391805960526071e+00
7.384877756600162435e+00
7.110252491890826754e+00
8.603404915289177168e+00
8.608972937622896282e+00
7.372536282718337830e+00
8.162927283313338833e+00
7.211837743263021849e+00
7.204938643843554757e+00
8.745266926087015946e+00
6.699701242068256235e+00
6.870921793834910751e+00
8.603404915289177168e+00
7.069975732465184848e+00
7.334053774237120571e+00
7.001406514873859344e+00
7.296271444656365901e+00
7.211837743263021849e+00
6.727242867512440938e+00
8.711392346752761640e+00
7.334053774237120571e+00
7.216896334670463098e+00
7.252770103094412057e+00
7.513049462952845481e+00
7.347455821548006583e+00
6.877175662204799700e+00
6.653333362847923205e+00
7.100688258188065483e+00
6.711768850515185569e+00
7.074688065764962452e+00
6.881684036329195564e+00
7.293046862520054852e+00
6.882693930704826712e+00
7.181570078185443684e+00
7.252909633499735165e+00
8.025375410350676475e+00
7.143268525671697233e+00
7.252114502688664643e+00
6.941990624193786985e+00
6.991600913764500547e+00
7.055969067747897228e+00
7.314796759036018337e+00
8.586565389904812662e+00
7.298408576583023333e+00
6.881684036329195564e+00
8.254758177393446417e+00
7.347455821548006583e+00
7.590864229875175617e+00
6.792784496118344784e+00
7.179725025454663623e+00
7.977983342369833863e+00
8.552309600737174833e+00
8.728427400702649663e+00
7.907333011861552130e+00
8.523222496081311661e+00
7.912219295498533533e+00
8.711392346752761640e+00
7.656264143754746954e+00
7.272226451815099857e+00
7.130204848367839965e+00
7.227588144940141568e+00
7.403492515724662049e+00
7.143268525671697233e+00
7.296271444656365901e+00
7.233235477233249000e+00
7.375802599702754314e+00
7.211837743263021849e+00
7.453947609455895851e+00
7.221826295033210386e+00
6.609966538873744746e+00
7.115621237565927792e+00
8.783743448050813640e+00
7.110252491890826754e+00
7.188707022869831320e+00
7.435704004128962374e+00
7.296271444656365901e+00
8.682592827992968054e+00
7.154977881850825838e+00
7.175617716731410134e+00
6.993192832029776262e+00
7.211837743263021849e+00
8.614517775701530766e+00
7.337203804487756109e+00
8.025375410350676475e+00
7.006094191405041194e+00
7.034298022547768703e+00
6.727637880726455855e+00
8.620039064810354645e+00
7.184200885503087441e+00
6.702965305928802131e+00
6.617875495938306152e+00
7.816980078821088362e+00
7.529887977533714860e+00
7.468892520985144223e+00
7.211837743263021849e+00
8.603404915289177168e+00
6.889759179128010835e+00
7.221251749580274826e+00
6.553374467450088225e+00
7.296271444656365901e+00
6.906167298196414173e+00
7.212444871406250790e+00
7.296271444656365901e+00
7.347455821548006583e+00
7.413648688107325135e+00
7.252114502688664643e+00
7.659687061228038552e+00
7.318447793362058640e+00
7.072553549757238933e+00
6.757762458710871556e+00
6.782636844242714957e+00
8.608972937622896282e+00
7.545354526522499938e+00
6.637345492614595166e+00
8.000085269161123946e+00
7.883513399552839473e+00
7.452296203137721342e+00
7.202083385970934337e+00
7.121523123877853578e+00
8.534913031549230311e+00
7.197822130720557432e+00
7.385078263497763196e+00
7.459357947859964533e+00
6.689005132248511565e+00
7.206962543356719486e+00
7.069975732465184848e+00
7.154409433858528899e+00
7.114562629726003173e+00
8.767398451032475393e+00
7.384877756600162435e+00
7.202083385970934337e+00
8.592200776715408495e+00
6.870601962996919276e+00
7.836121331571996862e+00
7.912219295498533533e+00
7.944568486558246434e+00
7.563478518029520536e+00
8.739676084212943508e+00
7.069975732465184848e+00
7.033755705933572244e+00
7.157233508572170777e+00
7.563478518029520536e+00
6.915541845708100155e+00
7.005805308802793618e+00
8.592200776715408495e+00
8.608972937622896282e+00
8.699931880001699369e+00
7.315771235320918997e+00
8.563810235848020369e+00
7.384877756600162435e+00
7.243015745802324545e+00
7.017718664182071464e+00
8.207084225281040091e+00
7.453947609455895851e+00
8.540730817195131053e+00
6.925308550947322672e+00
6.695837978294721715e+00
7.175617716731410134e+00
6.968477800404039968e+00
7.337203804487756109e+00
7.108102921576549882e+00
8.631009537259656028e+00
7.280771130950504322e+00
7.545354526522499938e+00
8.254758177393446417e+00
7.175617716731410134e+00
7.648808346899954813e+00
8.641881437252974862e+00
6.888226841047432991e+00
6.712999759108543074e+00
7.313292433591695563e+00
6.773582279504417158e+00
7.042338874705249552e+00
7.175617716731410134e+00
7.347455821548006583e+00
7.296271444656365901e+00
7.083163771158926814e+00
7.343945396768772227e+00
6.879927744039194160e+00
7.029701603151096378e+00
8.739676084212943508e+00
7.317495937062126643e+00
7.110252491890826754e+00
7.040908241370813059e+00
8.756379786499367768e+00
6.655194510508142258e+00
7.912219295498533533e+00
6.785548541079217344e+00
7.086842848971276254e+00
7.627357709607005098e+00
7.175617716731410134e+00
7.197325235072403515e+00
7.110252491890826754e+00
7.046747733023326354e+00
7.384877756600162435e+00
7.154409433858528899e+00
8.025375410350676475e+00
7.031621189925848725e+00
7.033755705933572244e+00
7.033755705933572244e+00
7.494944220923614786e+00
7.318282829355555741e+00
6.802400599797501890e+00
7.296271444656365901e+00
7.489317832345844472e+00
8.162927283313338833e+00
7.231996824977257710e+00
7.293841993331125373e+00
7.836121331571996862e+00
7.375751506336412966e+00
7.529887977533714860e+00
7.202083385970934337e+00
8.614517775701530766e+00
7.211837743263021849e+00
7.343945396768772227e+00
6.911731779459790559e+00
7.296271444656365901e+00
6.613207976128073540e+00
7.836121331571996862e+00
8.025375410350676475e+00
8.529076802939714597e+00
7.484911931875359414e+00
7.187126171749273595e+00
8.699931880001699369e+00
7.312454991094027967e+00
7.188461083962333298e+00
8.682592827992968054e+00
7.306523461716616374e+00
7.343945396768772227e+00
6.633983251410113802e+00
7.800571959752685025e+00
7.546073643892670546e+00
8.608972937622896282e+00
8.575229804809842094e+00
6.823316126287180872e+00
8.631009537259656028e+00
7.264807327290731642e+00
7.175617716731410134e+00
8.540730817195131053e+00
6.616306701966244042e+00
7.912219295498533533e+00
7.389855415807391914e+00
7.184200885503087441e+00
6.850179495142399766e+00
7.296271444656365901e+00
8.569530335954922862e+00
7.277905686528410634e+00
7.413648688107325135e+00
6.586453211114812412e+00
6.795679265994457374e+00
6.930691538959401043e+00
7.184200885503087441e+00
7.317495937062126643e+00
7.347455821548006583e+00
7.410409053447490457e+00
7.218184533170338923e+00
7.204938643843554757e+00
7.473139555355645669e+00
7.489317832345844472e+00
8.586565389904812662e+00
7.422633141748342211e+00
7.089272488536449757e+00
7.786669434008907764e+00
8.722770288495887314e+00
7.198855138440059420e+00
7.211837743263021849e+00
6.920246841249368508e+00
7.013632978759555492e+00
7.444238242000957406e+00
8.592200776715408495e+00
6.718258919462436474e+00
7.268409645854861267e+00
8.207084225281040091e+00
7.211837743263021849e+00
7.259608265619831080e+00
7.495145340299475656e+00
8.620039064810354645e+00
7.197721398672674908e+00
7.154977881850825838e+00
7.175617716731410134e+00
7.508180558858717824e+00
7.337203804487756109e+00
6.694774192696650417e+00
7.563478518029520536e+00
7.151184851722216962e+00
7.074688065764962452e+00
7.033755705933572244e+00
7.211837743263021849e+00
6.929556588565767505e+00
8.162927283313338833e+00
8.122650523887696039e+00
7.047026551236431402e+00
7.977983342369833863e+00
7.424813086409906226e+00
7.836121331571996862e+00
7.252114502688664643e+00
7.069975732465184848e+00
8.000085269161123946e+00
7.151184851722216962e+00
7.384877756600162435e+00
7.194939274741840585e+00
7.529887977533714860e+00
7.252909633499735165e+00
7.197721398672674908e+00
8.162927283313338833e+00
7.293046862520054852e+00
6.677528746704034290e+00
8.659212486486591587e+00
7.042338874705249552e+00
7.211837743263021849e+00
8.569530335954922862e+00
8.614517775701530766e+00
7.385078263497763196e+00
7.252770103094412057e+00
6.988769243319706170e+00
7.243015745802324545e+00
7.029701603151096378e+00
6.800263579371191192e+00
6.937876535728302763e+00
7.067170561745159674e+00
6.995386334438827625e+00
7.031621189925848725e+00
6.980725959700762040e+00
8.592200776715408495e+00
7.858223258363286945e+00
7.089272488536449757e+00
8.641493791251248169e+00
7.317495937062126643e+00
7.143268525671697233e+00
8.705672246645859147e+00
6.887839592353258489e+00
7.116066835083673325e+00
7.215059922495458800e+00
6.988342837570002963e+00
8.523222496081311661e+00
6.581278786790258017e+00
7.088961668825642271e+00
7.293841993331125373e+00
7.211837743263021849e+00
7.337203804487756109e+00
7.190344083719306667e+00
6.915253673504563103e+00
6.987729644828222675e+00
7.343945396768772227e+00
7.188461083962333298e+00
8.745266926087015946e+00
6.765726777391600777e+00
7.296271444656365901e+00
7.421616507231682647e+00
7.003102487552105515e+00
7.184200885503087441e+00
7.489317832345844472e+00
7.435704004128962374e+00
7.031621189925848725e+00
7.252114502688664643e+00
8.767398451032475393e+00
7.012376566834720215e+00
7.331340648022482753e+00
7.184200885503087441e+00
7.296271444656365901e+00
7.522314563435055668e+00
7.100688258188065483e+00
8.575229804809842094e+00
7.175617716731410134e+00
7.399393123947699102e+00
8.745266926087015946e+00
7.245425536899054997e+00
8.575229804809842094e+00
7.343945396768772227e+00
7.362063032078586033e+00
8.540730817195131053e+00
6.972700618928165284e+00
8.499631780453409391e+00
8.122650523887696039e+00
7.184298095018323949e+00
8.734062787513247272e+00
7.293841993331125373e+00
7.435704004128962374e+00
6.814650535297337441e+00
6.661453625706851511e+00
7.202083385970934337e+00
8.705672246645859147e+00
6.724295770190392041e+00
8.783743448050813640e+00
7.154409433858528899e+00
7.403492515724662049e+00
7.632681108223018818e+00
6.988342837570002963e+00
8.620039064810354645e+00
7.346800654641392647e+00
8.563810235848020369e+00
8.739676084212943508e+00
7.362560155893271840e+00
7.233889495538575076e+00
8.558069869203862368e+00
7.208089657915954795e+00
6.837368514832348865e+00
7.514402132956909064e+00
8.207084225281040091e+00
7.384877756600162435e+00
6.857076740794034286e+00
7.301382345614261915e+00
