3.777696678640858341e-01
5.972883635384255152e-01
-5.814385098497114601e-01
-9.993883134210631569e-01
-3.093902704412992977e-02
-1.492176407831138085e-01
4.255154094379167695e-01
-4.341082760730024526e-01
-1.180202361221834861e+00
1.590468427631364645e-01
-2.629069089563806028e+00
1.438205032412853246e+00
3.381138085369691293e+00
-5.005526295452628061e-01
1.100073488246005704e+00
1.234941486052017590e+00
4.682200154579940210e-01
9.826310481093410987e-01
-5.740777139516517469e-01
-6.369067448699419209e-01
-8.097590671440933752e-02
-7.744769063368035500e-01
-5.363683363650371128e-01
-4.903815451375200252e-01
-1.593973218415239701e-01
-1.254214233625583763e-01
-3.341560834582796291e-01
7.362810236580609180e-01
8.264132929523504423e-01
-2.739193520964693374e-01
1.696154311925790470e-01
-4.111944042185521342e-01
-6.222837446260169603e-02
-2.343003062420118410e-01
-1.352318431667679510e+00
-2.450722253790583505e+00
-9.517421695176539465e-02
-6.690323230208725658e-01
-5.998297659219827827e-01
1.576465194833419403e+00
6.264188354468462894e-01
7.092940654393384836e-01
-5.572899696632932498e-01
-1.388271689246079132e+00
1.290004791043002141e+00
2.784218073635674529e+00
4.139504371384197690e+00
8.138188775321046620e-02
5.346915587234010170e-01
-6.028474117110232955e-01
-6.669409984512730816e-01
-8.037106306260644040e-01
4.962579354150338240e-01
-9.786192772918843596e-01
-7.837233869708308820e-01
-1.959160461956439003e-01
1.452522702990400594e-01
-7.079898604286420927e-01
-1.397565793807465928e+00
-9.568204631042565023e-01
-3.755032787549043849e-02
1.988945629325828746e+00
-3.810676227999990062e-01
1.972718223001309334e-01
6.181701644211037294e-01
7.717337467312389565e-01
1.723991053274340546e+00
1.816240721721237517e+00
-1.066281013331692451e+00
-8.064351889907998006e-01
-5.488007888716417426e-01
-1.027244230157652594e-01
-1.830295314211970226e+00
-5.816279775640468275e-01
3.335830562168792812e-01
2.399553832859402103e-01
-6.739209307446644148e-01
8.676159631783373349e-01
-5.387840111836410539e-01
7.845172503198388769e-01
-1.853882158773122457e-01
-8.252544022792647482e-02
2.078665767029299061e-01
2.386636945150114320e-01
-1.057787485129175614e-01
-1.364480939918072178e+00
6.695581397654212785e-02
-1.387455946255695682e+00
1.492816525276857487e+00
3.842103155470317777e-01
-5.021946208308144532e-01
3.208593655424936686e-01
-2.886861959089018215e-01
-2.230714561057725476e+00
-1.824209910576549409e-01
8.177227757667876462e-01
1.559118577186030807e-01
-9.570551603408691266e-01
9.697846618146113151e-01
7.930193772331461943e-02
2.857889459036105917e-01
-8.701744306130722029e-01
6.295730694974991382e-01
-8.155827062776038749e-02
-8.544678126685482100e-01
-8.166661107309127754e-01
9.075356845462541344e-02
-1.033399208134898828e+00
-1.840198957988466111e+00
-6.009647109085897165e-01
5.758266323009451071e-01
-5.056975457640721094e-01
-8.785275645623945584e-01
4.680779278161930484e-02
-5.747930300243559998e-01
-1.031351567670536706e+00
7.416635272623122166e-01
-8.678602694261529082e-01
-3.438027050709028809e-01
4.432761898506329956e-01
-8.518325381547307007e-01
-8.185004774628042157e-02
1.170528702264574505e+00
2.274554232236436768e-01
-2.895526802038135838e-01
-1.771086953707447786e-01
-2.680160594773142724e-01
9.799986820030986978e-01
-3.755678799734339379e-01
2.191686903647725337e+00
1.585189419958593415e+00
-8.191006324269430039e-02
1.841293967032691770e+00
-6.339913869933224699e-01
1.111656564021690441e+00
1.584050299409162754e+00
4.889161275593777445e-01
3.728874939521529708e+00
6.538777654057668087e-01
5.391139559117206215e-01
-1.441031837191499299e-01
-4.436511527480643813e-01
-9.938373869542875827e-01
8.789121494503538967e-01
5.005758067066912176e-01
-6.675840714870254211e-02
-1.036182038256361571e+00
4.354379851947146607e-01
-4.900731158354373201e-02
9.518486737903497641e-01
-6.710021246301041409e-02
5.005873168912463589e-01
-3.925348296668602077e-01
-4.195784783494951875e-01
-5.948039269055339640e-01
7.359117322438525621e-02
-1.332313751376534183e+00
1.486066056151640113e+00
-3.604393754849626319e-01
6.273764223979279298e-02
4.893463165193847053e-01
-8.460022705767397122e-01
-7.830575244946694768e-01
1.551437138977032726e+00
1.180327367688472018e+00
-4.557925743103405924e-01
-8.280607221905275095e-01
-5.631910795915447965e-01
-6.384611787686623741e-01
1.535928297780637386e-01
-5.816246087530283493e-01
-5.384997403670803706e-01
5.993857951110386217e-01
-3.168740345219336341e-01
-2.263490720779273435e-01
-6.607038848423715249e-01
-9.606963411594184876e-01
-5.458556985235023529e-01
1.449212329181318371e+00
-2.182019535752040440e+00
5.479983554339629137e-01
3.161876916663730608e+00
2.671118923962767858e-02
-1.559248570198350281e+00
-3.350318228993183212e-01
-9.626347653111554381e-01
-5.679105671406328160e-01
-4.876871204398386950e-01
4.179123417238653992e+00
-3.355540042030284997e-01
-3.515697307066277810e-01
-3.506398673634286700e-01
2.231154818743709356e+00
-2.152120668499200029e+00
6.158684199963115891e-01
-8.844862581921412170e-01
-2.299959983430739374e-01
-7.554206338859619230e-01
1.339841959038932107e-01
3.014968620388676079e+00
2.379808858335824784e+00
-9.524739084503996978e-01
-1.978448378858660428e-01
4.825028278800432154e-04
-6.376656970367813315e-01
-7.855633625669170561e-01
-6.617389859756962756e-02
-4.384988612551260490e-01
-9.884257419008791734e-01
2.523774574498751505e-02
1.641160012732209461e+00
-1.020196397697543889e+00
5.416261970949449722e-01
-1.741576429780911317e+00
-4.593673885139062385e-01
1.531210712866781343e+00
-5.382592346060645072e-01
-1.102887176918123380e-01
1.525210453950553990e+00
2.062679651700877470e-01
-1.881812335031790295e-01
3.047294389574000117e-01
-2.435549242747951093e-01
-1.133493541852271108e-01
3.074182794785688677e-01
-6.425495614050290571e-01
-1.105684401663279137e-01
-3.761634559486669027e-01
1.292981163203008821e+00
7.211968608508834144e-01
-6.339098383345832532e-01
-3.152258818580697119e-01
-8.215376001021259533e-01
-7.917263858468111259e-02
-1.025387345440031073e+00
-7.798225146893275062e-01
1.186360406340744467e+00
3.926094544267141884e-01
1.416863548445824073e+00
-7.770044843122465572e-01
2.166126011547937491e+00
3.462411037082383913e-03
-8.397216568757949196e-01
-4.531185785794530352e-01
-7.199304063695873834e-01
1.984694036868716455e-02
-1.079166272511444147e+00
3.414988340146482559e-02
2.950776955082846653e-01
-4.599508397158764694e-01
-3.523585039458760892e-01
6.878975856710032311e-01
1.796523294240572749e-02
-9.719255090572724853e-01
-1.526815596684137688e+00
-3.082153930204272196e-01
-4.803274091692018022e-01
-7.404089463324385889e-01
1.868261225403386128e+00
3.743241283088937221e-01
-4.232825589834157687e-01
-4.517178876414582045e-01
-1.798311361377677164e-01
-6.203463430729443395e-01
-1.009564004150051542e+00
-3.991765575462805776e-02
-1.422276891165917601e+00
-9.103404887069457274e-01
-3.535891930711167891e-02
-5.824766991686789464e-01
-1.958431939088058071e-01
-2.591965120165168890e-01
-3.441364948957212344e-02
-9.422750476850714207e-01
1.183104670177214240e-01
4.776496938635230172e-01
2.597792430253403229e+00
-9.027217148081159159e-01
-8.713124830499857643e-02
-5.775001623693279962e-01
-1.461796298446772946e+00
9.383672910914397924e-02
4.434700759357808053e-01
-8.642054411723398832e-01
-5.217745210474340478e-01
-8.885399057844735049e-01
9.774029541182446823e-02
-1.158939053143472009e+00
-3.421956471770679631e-01
1.015153763266845588e-01
-1.280455675015593764e-01
1.036959690855326244e+00
-2.059808737575671067e+00
-1.563156653553602116e+00
-5.253089646171046345e-01
2.873356998449789312e+00
-2.241862609144150698e-01
-8.090954716043499140e-01
2.553928618343149215e-01
7.790844446128021572e-02
8.391642177588706786e-02
1.019358671734240218e+00
2.943410448347663966e+00
2.793584823279706142e-01
-3.627580123648332378e-01
4.602309542299262007e-02
-2.634286802824347892e-02
-8.801409151329652181e-01
2.706936489441054139e+00
-5.763371356306594695e-01
-2.108196007076462153e-01
-2.610814262160363053e-01
-8.924261527042142150e-01
1.654516443460147535e-01
1.089341114175679803e-01
1.884536701843332107e+00
8.604542276694754355e-01
-7.078228600143059435e-01
7.790503856418515283e-02
-1.713409711984392292e+00
-3.651613637512521882e-01
2.414749608223216160e-01
4.666713583304498703e-01
-1.124027859471113944e+00
-7.039850305546050402e-01
-1.543456605782384528e-01
9.930925050163444956e-01
-5.977642883367664250e-01
-7.114266071943656788e-01
-7.282587096553457817e-01
-1.490747693344217639e+00
-7.236337394206799889e-01
-3.602044596421475897e-01
-7.735029873157953650e-01
-7.326354549580696984e-01
-6.729664551909446679e-01
-2.698779275823944279e-01
2.414804495736301959e+00
7.720155469383797042e-01
-1.178605912379238729e+00
7.449851905635084259e-01
-4.692094429115025722e-01
2.597695790496958868e-01
-5.026662515800722764e-01
-6.967480262762855148e-01
-8.105762174329703140e-02
-1.227520290622095001e+00
3.344011882650462786e-01
1.677157253128915837e+00
-4.068825285356741372e-01
1.202372111339197192e+00
-7.123645327930587801e-01
4.329100655206763459e-02
-3.336032265384950568e-01
5.289888260574773238e-01
-6.409520356210788306e-01
-3.891876798861987341e-01
2.074578577264889923e+00
-6.136167511760919069e-02
3.709212176827725305e-01
-9.344333350958082818e-01
-2.731316565867278334e-01
-4.467077610996038617e-01
-1.953791113777571600e-02
1.374407623403911982e+00
-3.790763469737344349e-01
5.885677536345466088e-01
1.132192078795686951e+00
3.229626784235097303e-01
-3.659973156897221580e-01
-1.104020246463062849e+00
-1.422255059657398846e+00
-4.392559842017473293e-01
-8.136177549716487878e-01
8.503251264677414989e-01
-5.874704795297579496e-01
-4.297753528452700755e-01
-5.986452550687414442e-01
-7.632776061281766333e-01
5.362075864464875830e-01
1.349895304355946957e+00
-7.087650684621158437e-01
-1.289601090728690558e+00
6.109494499627745601e-01
-6.670847226070160119e-01
-1.321735010349775141e+00
-3.805149663562239215e-02
-8.402671037420013089e-01
-5.668692151293061032e-01
3.685159150736462552e-02
-3.443502360598073575e-01
-8.918395308875955996e-01
3.595604536850809940e-01
3.542348210666034780e-01
-3.223713352982354174e-01
-5.061175116087399672e-01
-5.341605622052610913e-01
5.692067697141219851e-01
-8.421764564501533767e-01
-8.490735092702548226e-01
-1.395464686851453306e+00
-9.027168345970422170e-01
-1.239423806116531773e-01
8.150922847712005481e-01
-1.032522300257719072e+00
-1.787572559197891930e-01
-1.052444841788217761e-01
-1.023732765482343154e+00
-1.198337619381486308e+00
-7.464451139575799532e-01
1.531001856900106928e+00
-1.801181762852744228e+00
6.722810191585745221e-01
1.373899533290536157e+00
3.313970432940510635e-01
-4.774920012103400779e-01
7.867305567561785895e-02
-8.476392796169169852e-01
1.661284377058623307e-01
-6.290310370418096264e-01
1.583188341552621559e+00
1.632797834849089302e-01
-4.839011424881911605e-01
-3.707705716314906863e-01
-5.738842362480237602e-01
-6.928652214545731880e-01
-1.022873954085347759e+00
4.996883502244067743e-01
-1.421857627653409506e-01
-1.015895654205335230e+00
-2.392222711490671894e-01
-6.000500147530128947e-01
-5.822930566487477533e-01
5.368254045714931227e-02
1.439429815230434118e-01
-3.559074311156832371e-01
