-1.259155447866926181e-01
-6.037224489991667165e-01
-4.193445893663910184e-01
-1.097133562825549635e+00
-2.227590006445412829e+00
-5.820561163049534775e-02
-7.348988717594104880e-01
6.543716114836071185e-01
2.184209136220218728e+00
-2.740171393380053555e+00
2.024438279688573483e-01
-9.995935649178531168e-01
7.988460432092684416e-01
1.783474342719193251e+00
1.504125492581724066e-01
-2.208968974004597297e-01
-4.447664962750895179e-01
-1.402431976457270135e-01
-1.316160590722448953e+00
-1.452708468783726614e+00
-4.663444850646861761e-01
-4.788128729822754837e-01
-1.202970967747481884e-01
-9.476960409369593608e-01
5.174239998623323400e-01
-7.322501326757485662e-01
-8.789121524537200081e-01
1.296133941295470215e+00
1.111086845787673527e-01
9.887236505337292092e-02
-2.797644935901182350e-01
-2.128444121611516859e+00
1.010796990310593779e+00
1.671526435457351134e-01
6.440289556972086937e-02
-1.053446161588857510e+00
7.370543943649395802e-01
5.205429829641161632e-01
-1.209594768303897894e+00
1.503270158230834319e+00
-4.974680974694846713e-01
-1.471161050019700545e+00
-1.227187700653596503e+00
2.484630579048937530e-03
-2.522353309004416455e-01
-2.607818701556971486e-01
-7.680548892086057622e-01
1.248878746205673296e-01
-6.213559239969715930e-01
-2.005592994531689044e+00
-1.615617047043564458e+00
1.049297027441542962e+00
8.037347915096870049e-03
-2.988299089890845917e+00
-8.430160519328104562e-02
1.249904790698369794e+00
1.913109856284384902e+00
2.902350318355719772e-01
-9.208196781154054378e-02
-8.788682274617929391e-01
-1.892408817050712094e-02
-7.791563941342328770e-01
-1.166347854043189441e-01
-1.090288410810735381e-01
7.969310836796340558e-01
-1.267104360224545090e+00
-2.448037536355680555e-01
6.120591747985654196e-01
-8.833819977000989532e-01
1.859432459909068802e+00
6.270278413089922509e-01
3.659900991294651185e-01
-4.421644918954555359e-01
-1.403823487520914348e-01
-3.278922656588606488e-01
2.734872966644352754e-01
-1.414234237344759837e+00
-4.602170418047873968e-01
1.467532891379830673e+00
4.447246649268126739e-01
1.401321923742707032e+00
7.254567796244598687e-01
-5.412448378159090412e-01
-3.615946408562030756e-01
-2.764352929792608937e-01
-7.953674330741173915e-01
-6.016742800606621894e-02
-1.059068970280029776e+00
-2.864793678667741372e-01
1.259284815321010803e-02
-1.122053863327952400e-01
4.554456758641264313e-01
9.715080090643574140e-01
2.561845068197806871e-02
4.555971821479723460e-01
-8.782998037271992908e-01
1.945365235667723125e-01
-5.900505546449507088e-01
1.243194618660764750e+00
-2.464084080432966672e+00
-1.472111621280387250e-01
-1.191421633861691420e+00
-2.859738910552346303e-01
3.704176175797818105e-01
6.754138154084839973e-01
6.953283496579172329e-01
-1.612094979564474340e+00
-6.692217553349850967e-02
-3.903961992601984732e-01
-8.917967232666382804e-01
4.430467072407595075e-01
-4.778273906867955834e-01
-6.778285913081734115e-01
2.359868272848136828e-01
-9.427362332869283490e-01
3.343047900257101190e-01
9.385811144949204321e-01
3.597713197224909620e-02
-7.428303255776244063e-01
3.373442442984014300e-01
3.998901209668835333e-01
-1.483587497326279481e+00
9.883755302694058331e-01
1.103256297207606984e+00
5.764380357693129481e-02
-2.968509373424784714e-01
-1.118068624783305154e+00
-6.185686194729802523e-01
2.756445011773209219e-01
1.681145059804725617e-01
-1.623168073248912047e-01
-2.560023858892338522e-01
3.657143316625576790e-01
-5.652611356259379383e-01
-4.107519682255432736e-01
3.074836784439493043e-01
8.752579451842583402e-02
-4.987968801081625325e-01
-1.841605794228197146e+00
7.955237884872283505e-02
4.549381793701924304e-01
-3.381496155430527284e-01
-1.878494673325870279e+00
2.225594894323799644e-01
-7.944892467287685278e-01
-2.289188140563013896e+00
-3.736708761142151225e-01
5.492884797511728978e-01
-2.409123989640425678e-01
-2.156937317248154018e-01
8.091674946264244550e-01
-4.978667342204207702e-01
-6.859114196820615961e-01
1.045445650381161135e-02
-5.877876409023733428e-01
-5.979589938221182566e-01
-6.983188934091060229e-01
9.137518654685139463e-01
-7.929803137641439070e-01
-2.253997574545182569e+00
8.892123259530372303e-01
8.147322352128550937e-01
-1.125636471924760684e+00
2.968062280097972239e-01
4.700341453868524255e-02
-5.209123028195473959e-02
-5.704344047118304895e-01
-2.537659152090739334e-01
-5.292581790968635680e-01
-1.451664932075584780e+00
-5.072191447028214784e-01
-1.451051877808509305e+00
1.221508505259285560e+00
1.121919235629089906e+00
-9.285697980422838449e-02
-6.795814092499440351e-01
3.017994702379231398e-01
-6.712395239015771231e-02
-3.618935251520081775e-01
2.027222970116736300e-01
-1.216455639806479416e+00
-4.764105675650162075e-01
3.995250872707452605e-01
-1.391500196000875045e+00
-1.459479557450491294e+00
8.590868664779398312e-02
-7.269418988489478872e-01
-1.168971804727808594e+00
-6.997746107162435836e-01
1.718747438326343746e-01
-8.577964411110582388e-01
-9.577100355411082289e-01
5.641560918281084414e-01
-1.558371658906508639e+00
-3.379347521557870548e-01
-1.016564542132285531e+00
6.066033086244663197e-01
1.218460175871930007e+00
-1.551055113144595321e+00
1.394840468195057026e+00
-2.030399844349420335e-01
-4.847902592737748928e-01
-7.161262245161226225e-02
-1.126967331048974508e+00
-6.102866667449995397e-01
1.130865276769833505e+00
1.026617556113814222e+00
1.699650353215697907e+00
1.604173147002708466e-01
-7.259690780855444503e-01
4.599341156055742480e-02
8.335592471630505207e-01
-3.676719738677460270e-01
6.636289494851856929e-01
8.530793191350820662e-03
4.254558959667951168e-01
6.148456672264699385e-01
-3.255037281507979774e-01
-1.445258182238754463e+00
-3.922786311749362764e-01
4.827460637473741656e-01
7.482616438231899647e-02
-1.154890329956618084e-01
-1.017493455645706035e+00
-5.858804940776733972e-01
3.054773728620127082e-01
-7.251836013640671208e-01
1.782854144894594206e-01
4.060433046025390680e-01
-1.257555976953136055e-02
-2.086677546791984028e-01
-3.582063207558095486e-01
5.555868690241334562e-01
-1.642444607258462419e+00
1.224933407712638783e-01
-8.068756935251675255e-01
-4.936476090952868767e-01
-5.404480695768774101e-01
1.066620900529079652e+00
-6.423819851293489647e-01
5.589317991854627632e-01
5.522951558849271692e-01
-5.974188646390955482e-01
9.692407353200782616e-02
-1.427542471769460142e-01
1.493809475390400987e+00
-7.360388478513497645e-01
6.212133561854723540e-01
-5.202765752354896467e-01
-1.255708653955437182e+00
-1.056538893642969379e+00
8.901893861174015044e-01
-3.402076671408056918e-01
-9.263901709426833886e-01
1.479338453648947616e-01
2.212146792938373199e-02
4.286400566603536938e-02
-1.052511848984375442e+00
-3.007256804456459598e-01
1.433836757390976269e+00
7.076490907141112785e-02
-5.352024942638706345e-02
-5.887317042110453702e-01
-7.321567757727841519e-01
-1.806192526133584053e+00
-1.217181763249719051e+00
1.367469998153597321e-01
-4.128797392414879641e-01
1.467399948126097975e+00
-1.992939069439297051e-01
1.522025958423920633e+00
5.946705111836365631e-01
-2.858680458475929553e-01
2.324433955911502925e-01
1.592347324120882091e+00
4.291903245927114474e-01
-2.891570781792279776e-01
8.134525716153018227e-01
4.648774654286124686e-01
-8.044447358823062499e-01
-8.100405269190485980e-01
-4.937879330777363851e-01
9.429072824245949835e-01
-1.062644161902321693e+00
1.003243311207994815e+00
-4.222973061246778625e-01
2.069603307118120128e+00
-8.299380130592852733e-01
-1.020880868377056050e+00
-1.140447513005399260e+00
2.831330555484415923e-01
-7.536070848221114726e-01
-2.052170093201607148e+00
8.508086765711139754e-02
5.756834500296453827e-01
1.493737200390534703e+00
-2.241829368617078710e-01
3.017483251446464454e-01
-2.708676467026109938e-02
7.696819491740003460e-01
1.881054400378463776e-01
-3.601686910285258753e-02
2.624181760339037717e-01
-1.172275648466966746e+00
-5.725497398918457659e-01
-6.093731352098178400e-01
-4.705558157417911169e-01
1.324967827463966019e+00
4.670295158787384771e-01
-5.513266280213980908e-01
-9.708848626603492349e-01
9.483866019252898960e-01
-1.388668458693374241e-01
3.045678760766726167e+00
4.084110540191241978e-01
1.213348740806823978e+00
-1.040745107731333441e+00
-6.284964936882760922e-01
1.424483903020708153e+00
1.578140243998761072e+00
1.422395736225743779e+00
-1.847579315981239811e-01
-1.223398347313844559e+00
-1.949075340258505096e-01
-5.665914616859899500e-01
6.770640958929531328e-01
2.532541127697588573e-02
1.037885920430070774e+00
-4.584719500650474150e-02
1.223093628761808160e+00
1.550116382963236283e+00
-6.444860121000131059e-01
-6.830335320005170852e-01
-1.032612297241022103e+00
-4.648096474521973831e-01
-9.987084972458125376e-02
5.713866615773440794e-01
1.073090922228450150e-01
-2.537896497787051620e-01
5.042170171284410252e-01
3.834545581829325589e-01
-5.496010476863214672e-02
9.755926481571438602e-01
-2.796428877210525160e-02
7.330917786227367228e-02
-3.661384043263009036e-01
9.639058461390702381e-03
1.100310381328149355e-03
-6.203068982094286365e-01
-3.292626614367568649e-01
1.392509538739117869e-01
-1.872182987034728407e-01
1.803955509481715014e-01
-3.030667816286663485e-01
-2.937754335006407480e+00
8.312755632068783429e-01
1.393974713590450332e+00
1.853143743703642987e-01
-8.229951220599359685e-01
-7.131526826511829231e-01
-2.911461295984131059e+00
-6.437976605369680749e-01
1.190127364843159397e+00
1.475142526865311110e+00
2.816350915207776473e-01
5.584528533823559515e-01
7.299065298863357532e-01
-2.526669677422548888e-01
-1.096861491181732928e+00
2.847420014546802047e-01
1.283084028436826396e-01
-2.201691154703551978e-01
5.312154372041598682e-01
-1.415451515336250798e+00
1.667206045702586570e+00
-1.040901201143358268e+00
2.716472631267678461e-01
5.342709832143485160e-01
3.962943092106975818e-01
3.747664287483972734e-01
1.117408832673369545e+00
1.188419088995585682e+00
-1.144996360336834496e+00
-3.870410534149513193e-01
-9.142439288959172128e-01
-1.077396324028501162e+00
-2.330963322012176708e-01
7.163207413128173107e-01
-1.034755754386243454e-01
-4.531431652094073392e-01
1.538312207999849579e-01
-7.157535830273259458e-01
1.527901545506063163e+00
-3.372596163949564740e+00
-4.344346518049230776e-01
-8.278808227197386183e-01
-7.228336618119597379e-01
-2.377377942793988286e+00
4.898252354109423057e-01
1.293849341611285897e-01
2.241890349359074719e-01
-9.078463665789530124e-01
-9.221887880544888949e-01
-9.453566244221247583e-01
-6.557684893726417608e-01
-4.133902645309664448e-01
1.252948327327907618e+00
-1.071251091486207008e+00
7.779483886881074506e-01
-8.708731699236762491e-01
7.723723955205892278e-01
4.996728836027163334e-01
-1.824259639216502943e-02
3.102922605260018396e-01
1.580348310141324042e+00
1.812992060878310330e+00
-8.412865762268155745e-01
2.360154440608430715e-01
-1.169544116556027857e+00
-1.413703546868194882e+00
-5.490745767694398261e-01
3.518290715026329285e-01
1.011202740953551116e+00
-4.943438888259698571e-01
4.557964610559499530e-01
-1.880243434125463020e+00
2.594168646548595802e-01
1.391784653215810907e+00
1.188623094765289823e+00
-2.384296286286178568e-01
-1.453794744075467271e-01
-9.231428430541337160e-02
-1.630090855329612509e+00
-6.454718435513234764e-02
7.343796523171702839e-01
-1.693608519782711930e-01
