3.059967184331139345e-01
-4.015660199132255470e-01
-1.286844350921320990e+00
-1.486900543615392811e+00
-9.339944197180283236e-01
-9.946209349899567398e-01
2.655404732440603821e-01
5.098096904775609728e-01
-8.677555827552941858e-01
-8.791316566656545151e-01
-2.455319939698438869e+00
-1.176143808365414101e+00
-1.869403352970688381e+00
1.430869131407302541e+00
4.778490921523710355e-01
5.434586219098146431e-01
1.581380657995882011e+00
2.085477274605874953e+00
1.174850399492642916e+00
4.530699505071761335e-02
-6.242180579079115166e-01
-8.866254882464602582e-01
1.314349501475725379e+00
3.779018642754777613e+00
2.328304919930102024e+00
-1.394277989095531467e-01
1.517322319139763787e+00
-1.370058563762567516e+00
2.029210977750069311e+00
-1.626066163892869731e+00
-1.214839242611249093e+00
-3.370127166449066736e-01
1.729803291978782853e-01
-1.499988514310999665e+00
1.534681164989422752e+00
-1.521689596390015220e+00
1.983292081510779070e+00
1.815799487038831650e+00
-6.265458600025335389e-01
-5.859094426942543787e-01
1.410843691211887574e+00
6.326850990058267843e-02
-1.458599197877294751e+00
1.419893674296430541e+00
-5.834371558386572953e-01
-2.000787197857556085e-02
9.263705855574216885e-01
-8.509779528393013326e-01
-5.657997762655676555e-01
-1.434697780027935243e+00
-1.908152224618306025e+00
5.066754975558845908e-01
-1.293201578930030626e+00
1.547647602320338267e+00
-4.973999378242441316e-01
-2.603549922905788350e+00
3.352058027810631557e-01
-1.538815830788809180e-01
1.402391007269537582e+00
-1.146902434932051795e+00
8.279566378921154879e-01
5.872824095468369698e-01
-2.280871196454117497e-02
1.708984002571293515e-01
-6.918513128799057554e-01
6.671045096857520784e-01
5.985967937248596327e-01
-3.349347616619720025e-01
2.207311151738954036e-01
1.081194124540635626e-01
8.834889047625502090e-02
-3.980265630206613059e-01
-1.415935209004215878e+00
8.096239425326633432e-01
-5.162049851991840771e-02
7.924111979878504242e-01
-3.215663517768340696e-01
-1.227610236554584455e+00
1.385377756598225929e+00
3.531877062727514782e-01
1.096791843083860130e+00
5.904079290679388192e-01
-4.064989764543911477e-01
-4.374726105896510897e-01
9.141798583582837479e-01
2.932121975403492731e-01
-7.603973890441988459e-01
-8.598436631976386080e-01
3.634681623405037754e-01
7.817295051061875499e-01
3.374183324447326271e-01
6.002735392963481909e-01
4.563490384460326954e-01
-1.532560788279291970e-03
-4.970107231541691650e-01
-2.508697128406797705e-01
1.325299652131516570e+00
4.393075718933898699e-01
1.485355446093336473e+00
-3.960516306644253248e+00
-2.814163542980953614e-01
-5.421159871289662480e-01
-3.251942845125138870e+00
1.874594311605001673e+00
1.575267370440077697e-01
2.769696961036274829e-01
-1.951595480585498546e-02
3.307177268543646798e-01
-6.399631407724786225e-01
-2.296104235359280599e-01
-3.786532507690176796e-01
2.331736525550090200e-01
2.883376579094413250e-01
2.799212891825429317e+00
-1.057856318662424577e+00
-5.772656410158043538e-01
1.437567935696590693e+00
3.502246108142776371e-01
-4.486974978964741734e-01
-6.523730372342073647e-01
-1.820838232262989242e+00
3.614280128894808986e-02
3.036046551260354054e+00
-7.099005634793187358e-01
2.776737915010340507e-01
-5.681296403802972295e-01
-1.597450871093113678e+00
-8.621260250104832989e-01
-1.067541583483462148e-01
6.477951372506818295e-01
-3.253570226442802343e-03
4.938026758378051828e-01
7.005271367733757470e-01
7.469241561849052080e-02
-1.346064204969031897e+00
-9.916218700692210897e-01
-7.428543137183206690e-01
-2.410219134375151673e-01
-2.075693819058268108e+00
4.372809991421381381e-01
9.891766685694539651e-01
4.055778415731094988e-01
-2.082866714999627611e+00
7.438822579626537257e-01
-5.959339594329334799e-01
-1.049124604844846598e+00
4.640973454147842570e-01
1.395912168167524614e+00
3.834438406625427787e-01
1.346329399082651035e+00
1.214873353946563261e+00
-1.975835908717082368e-01
-5.100493305867104255e-01
1.526904052426558245e+00
-1.175727835491339412e+00
6.436139772026755468e-02
-8.257117272635310368e-01
9.952585296610143573e-01
1.712514989468314042e+00
-2.875490327176461136e+00
6.089308637139770330e-02
-5.516023128023930244e-01
-9.492530864146160319e-01
-9.822374166560116082e-01
3.681981807917708016e-01
1.412802186765184542e+00
-7.745208872549144696e-02
-9.690513038684966940e-01
-1.757249816507892692e+00
-9.103120794070787003e-01
-2.325040543186075448e-01
9.392524782789998250e-01
1.840033994559672759e-01
9.544711758182009564e-01
-4.728321139312191557e-01
-1.896017004607247536e+00
-1.764451420857011232e+00
2.008802421701988195e+00
2.269576134511208931e-01
-4.788847935379010323e+00
2.414200919751049168e-01
-1.457704817000458064e+00
-1.181669351128894929e+00
-8.259386974605663623e-01
7.374566530826539568e-01
-9.554718333202455449e-01
1.462828557887895509e-01
5.260086518913642539e-01
1.052448235139291866e+00
-1.006190501224969669e+00
5.712013054474109897e-01
1.596421900717485132e-01
-1.010661587089578983e+00
-1.882091358187557573e+00
-1.687938119689819993e+00
1.256895698593181454e-02
5.692521825099791100e-01
-3.615736621555529218e-01
9.983569310168151079e-01
1.352149699140178241e-01
-1.184467229911233987e+00
-1.106546676319553724e+00
1.031593099726806129e+00
-3.050231528206346909e-01
4.876891630736996941e-01
-7.989785719387600960e-01
5.456223266723436022e-02
1.779807216633921829e-01
8.863371313668886309e-01
-1.933224241038079272e-01
-1.208330301095697612e+00
-5.092138898841369610e-01
1.019586731506056526e-01
1.127038816945150401e+00
-6.151120961044651558e-01
7.636104389270673698e-01
-7.436331624093113213e-01
5.561415398113795927e-01
-1.100742450622513996e-01
-7.230052846027947844e-01
1.076171696478744444e+00
-3.752499026404775839e-01
-6.754317614060627584e-01
-6.225624877776355648e-01
-8.539848448357976185e-01
-5.145936327240669961e-01
-4.951786098529749602e-01
9.960385546160941406e-01
-1.044487692433273551e+00
-1.048772883177401471e+00
-3.705237622381238327e-01
-2.579445691626097159e-01
-1.453557181392412523e-01
-1.691514473764970328e+00
-3.513012385851697061e+00
-9.381879783949773621e-01
7.568237715398306031e-01
-4.161028478785031015e-01
1.747231864231511889e+00
6.452660481354197675e-01
-8.717758270473741078e-01
2.761759353581476062e-01
1.351623974839643028e+00
1.351476803653161696e+00
-1.130936589934202097e+00
3.681981807917708016e-01
6.457559370306480417e-01
-7.380585576487067589e-01
1.688401070584502506e+00
-1.009245798181451076e-01
-4.220909109557368089e-01
-7.403890941854598950e-02
-1.319912247887847778e-01
-3.364607951371760830e-01
1.363547168051898018e+00
-6.299095926391545808e-01
-1.155205982652516561e-01
-8.102748542049262870e-01
3.579587402096275350e-01
1.409172611270820052e+00
-5.006673785666182486e-01
-4.306519764409715290e-01
-8.765214736884524571e-01
-7.785857092316016415e-01
-1.302110264821105812e-01
-6.205714577579486413e-01
-1.594310455296132245e+00
-9.663358777351439555e-01
5.646489136755407090e-01
1.163567245849399301e+00
1.239447396322138184e+00
-1.488373574057778148e+00
-1.579507453257840588e+00
-5.118967864341227025e-02
1.664318242617310595e-01
-1.802167385574560687e-01
-2.030378059002459157e+00
2.607414884956967271e-01
-8.075691727996686664e-01
-1.153564749580566540e+00
-1.102401253522010238e+00
-1.822677263806296244e+00
-5.185914972171458137e-01
-1.315414264108188735e+00
7.285645410930883248e-01
1.950940874659446322e+00
1.960602076572584007e-01
-6.334905223275737463e-01
-4.728594723806923278e-02
5.977873787985432674e-01
4.530699505071761335e-02
-1.751211809884089421e+00
5.879332836209071322e-01
1.249788232988319869e+00
4.291238315910654300e-01
3.641146817436898275e-01
-7.668509686668888437e-01
1.260001046354192744e-01
-1.758833134421422251e-01
1.679945085187524167e+00
-3.243744645501902557e-01
1.707980380047018576e+00
-1.640866194847284243e+00
-2.242654988059503474e+00
-5.695725914379924371e-01
-9.860946914669994623e-01
1.593644148469260058e+00
5.128965773340666834e-01
-1.245429997465020922e+00
-6.769913346346394245e-02
-1.637205561899213846e+00
5.073731072181985047e-01
1.401377306516675025e+00
-8.015905304544992394e-01
1.214801403127711898e+00
-9.643251312225683278e-04
-5.773136246989833964e-01
1.638070311523872835e+00
1.196920466632609203e+00
2.318623014485832634e+00
1.100532806258753160e+00
3.764284575762638085e-01
-2.035165634173415894e-01
-3.079995401077245676e-01
-1.131726959709774771e+00
7.749825390980066286e-01
1.283467606724113530e+00
1.604583335412618439e+00
-7.299753598396778731e-01
-5.350703001499862443e-01
-1.893849330516856000e+00
3.377859341240816993e-01
4.107111400578454807e-01
3.785027623367108518e+00
-1.728685923169490657e+00
-3.377211862965688316e-01
-4.273107258980652912e-01
7.742682939020630872e-01
-2.635749813013097409e-01
-1.756486057500519893e+00
2.028081700160467848e-01
4.390295262806490073e-01
-1.924078273867328714e-01
4.942384720025028710e-01
6.815669387901582832e-01
-1.728953661111991114e+00
-1.236204648984140952e+00
-1.904086795356612294e+00
9.047557517303969066e-01
7.208602140121533886e-01
4.066019740739874599e-01
2.863936257989645462e-01
6.703571085592031631e-01
2.341969141940708488e-02
-2.072821060221158973e+00
-3.996245902994795540e-01
5.810621653982698392e-02
7.635738978674440069e-01
3.413577514100174515e-01
-1.927723285393046770e-01
1.682511139684429224e+00
3.700036248292304930e-01
1.758922116387038104e+00
-5.460338590742581655e-01
1.231665787701376580e+00
2.184849909928806566e-01
-5.499275133670299409e-01
1.240634554304655746e+00
-2.106144439170120730e+00
-3.287460141036264716e-01
-4.106711482456817941e-01
4.240256923172065484e-01
-3.053929779599344752e-01
-6.305221509448162287e-01
-1.104782870515523374e+00
-1.094542316868060361e+00
-1.352415229442534006e+00
-3.170115270541479235e-01
1.697540038660934503e+00
-5.047309003508877456e-01
1.688058462902005230e+00
-7.799914022143181191e-02
-5.037908406079313339e-01
1.041641513876520264e+00
2.899950361227812135e-01
1.174843772898718219e+00
1.584503923337123421e+00
8.257881452116512533e-02
-1.332898202235323071e-01
-5.923441831380213962e-01
6.598709248644416547e-01
-8.234420910596297327e-01
1.670464824804854365e+00
-1.836110428877216316e+00
4.046198447369841467e-01
-7.652113702781001559e-01
-3.872860572281401903e-01
8.358618304958054246e-01
5.425950711337093960e-03
-5.386850251723125371e-01
-2.282874488467081520e+00
-5.976259772658764069e-01
-2.004026482151526345e+00
1.592051206605564762e-01
7.952021448847984564e-01
8.827985615857155688e-01
-1.123966779457142628e+00
-3.726569886701877055e-01
4.070217765947592437e-01
6.510403512062227227e-01
-7.215492797405207437e-01
1.885287447666134097e+00
-2.894484962816592510e-01
3.848958434356596126e+00
9.579049261829832018e-02
-3.082234530015500185e-01
-1.416415846618829244e+00
-2.714776701435119097e-03
-1.221554706984293165e-01
-1.063832263669309830e+00
-1.207750879434696945e+00
-1.621205811494861315e+00
2.115590583002376679e+00
7.980503113815744509e-01
1.455693371587951646e+00
-9.107893820015398045e-01
-8.745346707042089829e-01
2.273122405719433470e+00
-1.236009880711899989e+00
-1.212829786380120733e+00
1.043474724828062916e+00
-9.911790828007819298e-01
-1.607965153656022161e-01
4.177074120621987463e-01
6.567883880511252159e-02
5.150407716688055748e-01
