-4.894893305240012316e-01
-8.386612003428103312e-01
5.659097392460665787e-01
-1.726228830458469421e-01
3.425402033751285408e-02
-9.492355868354508397e-01
-4.882273747476994497e-01
1.360827720676771158e+00
6.537740094950093006e-01
-1.215035623416495375e-01
-2.028340680815314823e+00
-2.249759825994561702e+00
5.263427028851968004e-01
-2.348877993568584954e-02
-3.625558852081436911e-01
-7.026563863781404295e-02
5.772144300545187789e-01
2.295852220264276433e-01
-1.819891611376849294e+00
-2.845943990009905944e-01
-8.910627346666032123e-02
-2.081636898115886591e+00
2.734974136712249870e-01
1.698488817519289595e+00
8.908389820673858761e-01
-7.482663103270384419e-02
-5.666575580023561765e-01
7.382097207473371503e-01
5.149360687876114451e-01
-6.535299488208897722e-01
-4.781964399275857036e-01
3.929093417821669099e-02
-2.174322740719202951e+00
-5.831070359714726203e-01
3.402126651655828504e-01
-2.065928803191174890e-01
2.469181383713222377e+00
2.703030559626179441e-01
-5.767277758981542712e-01
-1.155000027239925897e+00
1.446261002413657126e-01
1.086765394384989092e+00
-8.384343417580742974e-01
2.761210336707887181e-01
-6.972956755695051134e-01
-8.904851293075922714e-01
6.395069223353479215e-02
1.657264448057368167e+00
2.006432863156312751e-01
-6.743391867601598477e+00
-4.785000857397041507e-01
-1.301578699664266980e-01
-9.334910678133115924e-01
-8.438705833610324891e-01
-5.391633601980603263e-01
-3.240825879908123541e-01
6.323104585745659145e-02
-2.406905639514899387e-01
7.647189243681904447e-01
-1.772126831893998888e+00
3.501565305117836369e-01
1.768013640829604771e+00
-1.930977997618146258e-01
-1.146540077598339272e-02
1.207349529342370387e+00
-2.173865712966757791e+00
1.647675003980197395e-01
-1.005084378762517217e+00
1.465905943433019942e+00
3.337450982308950986e-01
2.242596456559175166e+00
4.812628483435329452e-01
-1.739778973866243694e+00
-4.486061178407558803e-01
-6.872136501779048112e-01
2.349996357115487766e-01
-1.717388941534158997e+00
-2.851600831376565615e-01
-9.023361947391523863e-01
2.177482904448341472e+00
-1.396768470696073017e+00
6.395969568145575268e-01
-8.530162128363837359e-01
1.304232699909907645e+00
-2.993309025662757583e-01
-3.588290982880446012e-01
5.359339166285392864e-01
6.813188067583342972e-03
1.272368037615704717e+00
-5.427437522195204256e-01
1.158681821803816847e+00
-1.343683140624440941e+00
-4.265784023084002174e-01
-6.940637270513835277e-01
-9.460125008204284258e-01
-2.204539397922665511e+00
-3.507471881689503967e-01
1.121995778130955301e+00
1.757031721106028677e+00
-1.257971392927826448e+00
-6.436488255285574001e-01
1.914381242874813871e-01
1.286921868569135263e-01
4.781126980888613098e-01
-8.514514290004050467e-01
7.966556333267619250e-01
2.574299779001135047e+00
1.149073331094538908e+00
-3.242567794147187543e-01
-1.713437767039317050e+00
-3.845525209759301788e-01
-1.982042700046815487e+00
3.672329137958822987e+00
-1.314691935767477449e-01
1.600772962323052884e+00
-4.576523269987463616e-01
-1.186766007407086709e+00
-4.334386897531473104e-01
1.280810596894977671e+00
-7.657257126875590680e-01
-1.262291201470815860e+00
2.007638527753885960e+00
8.368136131548715717e-01
-5.478888619997606124e-01
-1.256795971205991458e-01
-1.845155368276944763e-01
-1.518680201558533005e+00
-3.604784712282617098e-01
1.355273212997468502e+00
7.502061109974764719e-01
2.490886069115145762e-01
-3.159008902561354359e-01
-1.154423148042120761e+00
-6.521596085259694364e-01
-4.143887765350863228e-01
-5.531301060891965493e-01
3.179918247267509712e-01
6.768833491720774864e-01
-1.301758555729370492e+00
-7.431381153067372347e-01
1.615166310299083863e+00
-8.445648148205989747e-01
-3.925246074621675796e-02
-3.002057423688651583e-01
-6.748561468931899565e-01
-2.997783415505330881e-02
-1.883655795984052972e+00
-8.230793785499692650e-01
-6.169254099519034806e-01
1.595689727605974495e+00
-1.210870905147096499e+00
6.169434328524484590e-01
2.315229757468340865e-01
3.656245081546939391e-01
-9.073935421387785416e-01
9.786989214146142591e-02
-8.142326329418727582e-01
1.868083724627349618e-01
7.688161725871067720e-01
-6.560030443772935094e-01
-7.042014897760117131e-01
-4.315215406923639252e-01
-9.389096725711454372e-01
-1.683858948555479129e+00
1.824855891179669176e-01
3.018149789741674249e-01
6.875948382310423934e-01
1.602972345935917087e+00
-6.037191129640001597e-01
3.890981336287318570e-01
-3.250386175896919499e-02
-1.208022702969742679e-01
1.361399341225200343e+00
-2.003715263662951811e-03
8.281334300920629721e-01
-1.031306113021142723e+00
-1.442982290013471447e+00
2.544486900957667608e-01
1.195968072412602057e+00
-1.442341057803165461e+00
5.452264068308952938e-01
-1.384477971804774499e-01
-1.066586060886800524e+00
-6.188417678258384402e-01
-8.399719034528394523e-01
-5.294274696544538639e-01
-1.009680128077180106e+00
9.097618191948306787e-01
1.343736050829519579e-01
-2.745383265773781445e-01
-9.717596078622123823e-01
-1.372311311818769752e+00
-5.430647475451914064e-01
-6.284810572395532757e-02
5.112739976167814948e-01
-1.465067791030525424e-01
1.123869376060854464e+00
1.832781873168465858e-01
1.075643283249995807e+00
1.568841983437678500e-01
1.413786996645755578e-01
-1.199106435350567740e-01
1.394309473853512504e-01
-7.454658515250448536e-01
1.629016042363915506e+00
-3.391623961802752163e-01
-5.213480371658785195e-01
6.279341465147039170e-01
4.032417260025970007e-01
1.105184597668271707e+00
1.488762271638512713e+00
1.018442942237593574e+00
-7.923233304938552823e-01
-1.239786169849112829e+00
1.750286960695414118e-01
3.260450768315627634e+00
8.430446620717666484e-01
-4.978003409826839420e-01
2.519681558774382046e-01
-6.380633666234041268e-01
4.029791291339196446e-01
-1.155989146362403908e+00
-1.425008309926829864e-01
-8.487929687040358662e-01
6.047305401052346929e-02
-9.752794371893818148e-01
5.152423528413513365e-02
7.443585033366708625e-01
-1.241695796613599523e+00
-6.415172594029553421e-01
1.539835709846719969e-01
1.446783039303555229e+00
8.575487949190998549e-01
-1.002327137569830162e+00
-1.019077802098031116e+00
-5.230366731983492334e-01
1.454268580979168612e-01
-3.673548089201952305e-01
1.108506589603658110e+00
1.039581842947453483e+00
2.369196679549012141e-01
8.197657649484206832e-01
-1.587322966448333761e-01
1.977596959372004637e+00
-1.197760497345041059e-01
1.906183865145301970e-01
-8.776261103906963790e-01
1.916971776478737288e+00
2.210006612937542414e+00
1.190388963540472272e-01
-6.285506565245845279e-01
-2.855153694127911257e-02
2.907632527496503139e-01
-7.335644446163424037e-01
7.374796128307401499e-01
-5.110871558013208027e-01
-4.637573319018563067e-01
-8.614981142016175930e-01
-1.317307342558069472e+00
7.591577489749191249e-03
2.389795524603228472e-01
-1.628124785566146038e+00
-1.821239468036951192e-01
-1.165945334707232828e+00
5.566580840033545918e-01
-2.501519347594206355e+00
-7.351802872087530583e-01
-4.200223270343340226e-02
-4.364372820948650422e-01
1.895454816894621419e-01
8.567565919476959335e-01
7.840603920254647363e-01
-1.133069814065597258e+00
2.875886641801189691e-01
1.625509063800180121e+00
1.972941043817263207e+00
-1.257093101345473585e+00
-9.376887113909788685e-01
2.364276994536912146e-01
3.200727511308922302e-01
-6.600457533194170612e-01
-3.781783203123100234e-01
-8.802336820062379719e-01
-1.952596484477750194e-01
2.109685935200915907e-01
-5.313149253517020221e-02
4.353925292830251870e-01
-1.630044868551129011e-01
-1.482514286174724027e+00
1.657255907770458725e+00
-5.783617701182994786e-01
1.478858196523845647e+00
-1.930958197892949757e+00
6.738119629667123078e-01
-9.983047426545069714e-01
1.939847626295434779e-01
1.400923094214789666e+00
-1.303170670530024167e-01
-2.038590147058195745e-01
3.901591829714996962e+00
-6.874055561835402672e-01
-6.408041156897621438e-01
-6.749558705647394907e-01
-1.972693135619485449e+00
1.564624584922004180e-01
7.093307357599243357e-01
-2.048455122393554040e-02
1.977167189849831530e+00
-4.503580247163483929e-01
2.397147288016244493e-01
-1.490351519262814284e+00
5.428042318789322307e-01
4.853394143324499810e-01
7.840603920254647363e-01
-7.876791351307030897e-01
8.059295940480949438e-01
-1.136732709864164415e+00
1.025509515162619456e+00
-9.392333744460742428e-01
8.677623806920347072e-01
1.740889893309328085e-01
1.991946611926727895e-01
-7.734338106248593858e-01
-7.215335300534013729e-01
-4.708661557437055500e-01
7.645271367304204979e-01
2.473445811552007267e+00
2.845241460879550099e-01
7.880835668448990528e-02
1.720890349168707312e+00
7.293005809521870830e-01
1.176383502046882246e+00
-1.152439023786294703e+00
-1.497802866924885686e-02
-2.687635083812212056e-01
9.560892356551432825e-02
1.731733209366098425e+00
5.220115939376792635e-01
2.671068006079719837e+00
-2.042930658094833873e+00
-4.779589892456190814e-01
1.215661697676693853e+00
-1.521897382674488819e+00
-8.305460708458851649e-01
8.659008193439174939e-01
-1.216478106177567797e+00
-3.892352646889679635e-01
4.929457869853968721e-01
9.054325671399271469e-02
7.770730736345179412e-01
-1.733519615806225767e-01
1.804309652058778413e-01
-1.848275608556179395e-01
1.248582093540234084e+00
3.225516107454415859e-01
2.327562752723210782e+00
1.550501677425981661e+00
-1.403779005449078854e+00
-4.736744360712519808e-01
-2.030866685676084582e-01
-7.681582641520195986e-01
1.091653557647811912e+00
3.109926188005893155e-01
5.237267002546072137e-01
-1.576763303222545876e-01
3.744353154707882325e-01
7.917500339001911636e-01
-3.637870574728785944e-01
-1.896293170416382790e+00
2.945484927309439116e-01
1.470185577902224594e+00
-7.893368795997418585e-01
-8.770418547205067750e-01
2.710153229444358519e-02
-2.407259907858563114e-02
-4.803674096806071492e-01
-1.002030174810454310e+00
2.780609744157962887e-02
-3.753125298759993900e-01
-4.549754338253473307e-01
-5.245665671786190476e-01
-1.524788688724151964e+00
-5.895561501499043677e-01
-3.185797852639823957e-01
-5.256692738216377503e-01
3.163445679494907292e-01
-1.151167403940373951e-01
1.672906082503359038e+00
1.482251700795766736e+00
-5.544612066393763555e-02
1.708877644868769474e+00
-1.431220824063303532e+00
-1.669074391871973040e+00
8.125779859325359400e-01
-1.016209953544519706e+00
3.894338345446420879e-01
-5.553527500699089181e-01
1.773583157624872397e+00
1.463983218560263255e+00
9.161642526018803911e-01
-4.113972522841545798e-01
1.236093231824891142e-02
-6.285318453918558035e-01
-8.851364390222563605e-01
-7.942178182787258400e-01
1.566297653953537594e+00
9.416131385529303843e-01
2.866955772148067072e-01
-2.503165495373770311e-01
3.076843733128590830e-01
-1.317284707238872921e+00
1.176001991882849484e+00
-9.840072164306851166e-01
-2.821079990611628507e-01
1.396029732482654717e+00
-8.408632834858902338e-01
5.652083416459851434e-02
-2.018090689401059179e-01
7.367565259606111416e-01
3.132584526794632840e-01
1.005067683538870771e+00
1.068331845033270833e+00
3.327559376046662076e-01
-1.395641739606504061e-02
2.301712712828423713e-01
-1.000400561316761250e+00
4.090663509231169948e-01
2.114540874458622710e+00
8.786631668650154436e-01
3.269653288063312790e-01
1.643938457474670434e-01
3.470842143687912773e-01
1.569210105783386044e+00
5.468502480522133835e-01
3.601367937098373107e-01
-1.639416321953864053e-02
