1.388653465666109810e-01
7.467489357724499399e-01
6.018772523515885098e-01
2.836536749192664075e-01
5.782491301364736103e-01
6.146890250500813835e-01
3.952650854881785136e-01
9.072096895099672764e-01
9.010566340480643532e-01
4.084613532884944220e-01
6.249426398026276530e-01
7.467489357724499399e-01
4.169921153222979626e-01
5.571176481502764233e-01
4.600438116457503668e-01
4.129160401018410198e-01
4.019560504677137658e-01
1.074856426613433058e-01
6.791983746446792480e-01
1.323686811402868813e-01
2.675044856361310508e-01
1.074856426613433058e-01
5.942107836965888623e-01
4.001395919791050915e-01
8.905540723041269757e-01
3.759539738688939536e-01
5.314427608751515208e-01
5.522655783875052293e-01
3.285209384474132577e-01
6.018772523515885098e-01
-6.686813136830949134e-02
6.254831982258135525e-01
6.146890250500813835e-01
4.235883123214385648e-01
4.393874383704634567e-01
6.249426398026276530e-01
6.791983746446792480e-01
7.248586599382456086e-01
7.415621441951891768e-01
6.368835349401784640e-01
1.089596626576259553e+00
5.025017906391564537e-01
1.323686811402868813e-01
6.018772523515885098e-01
4.473567105973081937e-01
3.641846964937816011e-01
7.248586599382456086e-01
6.254831982258135525e-01
5.825571391568704627e-01
5.314427608751515208e-01
6.146890250500813835e-01
5.025017906391564537e-01
1.603902645376464875e-01
5.033976363742347360e-01
5.825571391568704627e-01
3.952650854881785136e-01
4.493151659678886745e-01
8.256678121667277992e-01
8.905540723041269757e-01
6.842717081113818267e-01
3.829684946444356086e-01
5.648272114365955332e-01
4.637975338697337691e-01
5.231209995657621903e-01
2.160468618519324480e-01
5.030303423867543700e-01
6.916987245621779579e-01
2.918530636397864697e-01
8.697303433591070387e-01
9.010566340480643532e-01
4.084613532884944220e-01
5.562169670580221492e-01
7.725405825555782258e-01
5.245556323331790338e-01
6.112904116826829437e-01
9.914454194278903287e-01
6.752469859741623281e-01
8.520896645065594299e-01
2.160468618519324480e-01
1.211508923992132836e+00
8.905540723041269757e-01
9.296448025163535078e-01
2.565769759883700374e-01
2.845523098791566952e-01
8.308084262455786018e-01
5.782491301364736103e-01
5.522655783875052293e-01
7.104805656368675670e-01
4.996571780385181683e-01
1.064822420393388924e+00
5.033976363742347360e-01
3.549355446493809296e-01
9.244044425584299063e-01
2.775562296794049644e-01
8.562691903712078556e-01
9.701663586811317685e-01
4.084613532884944220e-01
6.146890250500813835e-01
4.256519422568949551e-01
9.547661898990291718e-01
5.025017906391564537e-01
4.138789012162913394e-01
4.047729750346871214e-01
3.203782251784605961e-01
6.937951428874349347e-01
7.205621555048029592e-01
6.791983746446792480e-01
3.255796107050521471e-01
6.935623111011821607e-01
6.146890250500813835e-01
4.235883123214385648e-01
6.509559027552711541e-01
4.533262166503728707e-01
5.266791827757515421e-01
5.025017906391564537e-01
7.583491103373276587e-01
5.615024003788136042e-01
9.010566340480643532e-01
1.957682213182962983e-01
5.818649429326292477e-01
1.609963949609074518e-01
7.752197696151039708e-01
3.552747286172266428e-01
4.518149724118991628e-01
3.320150077992511939e-01
9.238655527410255530e-01
2.194546561636840920e-01
7.671957541746685649e-01
5.025017906391564537e-01
7.248586599382456086e-01
3.637211926400070183e-01
7.467206137914494946e-01
2.325379192931045225e-01
6.146890250500813835e-01
3.904858932227881496e-01
3.863398876474519739e-01
6.146890250500813835e-01
8.905540723041269757e-01
6.932783284195433993e-01
5.562169670580221492e-01
1.024088439801831285e+00
1.361342867856244254e+00
1.875531603820821402e-01
2.061382749917584079e-01
5.585283510664709183e-01
7.415621441951891768e-01
8.471849510944746697e-01
3.602159964470317277e-01
8.641225138689101470e-01
1.024038041634721452e+00
7.451507016795062555e-01
8.011106720605525311e-01
7.020943081747983427e-01
5.308515407389453600e-01
3.532620385698681531e-01
5.492492391646486283e-02
1.407496077573515691e-01
4.326851089127785599e-01
3.747687389425067295e-01
6.254831982258135525e-01
7.376704326367384823e-01
3.676769745298269498e-01
6.691929256923039304e-01
6.249426398026276530e-01
8.011106720605525311e-01
6.917012920781768770e-01
6.754422305144736072e-01
9.537898338322357006e-01
1.064822420393388924e+00
1.109687283755267373e+00
2.560927622333206699e-01
5.852570387293987153e-01
6.254831982258135525e-01
5.763076242370299695e-01
6.543391946326924113e-01
2.560927622333206699e-01
7.362293346148334194e-01
5.435361224464774210e-01
6.917012920781768770e-01
7.415621441951891768e-01
4.712293761099317635e-01
5.560479929749568839e-01
6.102540178879127808e-01
6.249426398026276530e-01
7.479240473892847518e-01
2.169044389553036467e-01
1.148068684568318787e+00
4.138789012162913394e-01
5.465697199080938873e-01
4.204101743139982972e-01
1.105503056148684493e-01
4.533262166503728707e-01
8.093720986236974113e-01
5.615024003788136042e-01
2.442421420560734191e-01
8.092130125793453033e-01
2.216997168837711030e-01
8.471849510944746697e-01
1.211508923992132836e+00
4.533262166503728707e-01
1.008956379375776535e+00
8.435435630914600580e-01
3.873722983742950987e-01
1.382267912356631712e-01
5.524112988186260509e-01
5.465340866578518586e-01
4.782561362038837416e-01
4.533262166503728707e-01
8.905540723041269757e-01
6.146890250500813835e-01
5.337507801212559855e-01
6.781292644738954323e-01
6.879739510010480785e-01
1.074856426613433058e-01
5.852570387293987153e-01
2.637310153440086680e-01
6.791983746446792480e-01
9.128701269784578187e-01
6.353677027506705599e-01
3.855962541689379464e-01
1.064822420393388924e+00
2.462984451924246088e-01
-1.453164045902610724e-02
9.793551954354651201e-01
4.533262166503728707e-01
3.519735861746422501e-01
6.791983746446792480e-01
-6.686813136830949134e-02
6.249426398026276530e-01
7.376704326367384823e-01
9.010566340480643532e-01
2.407397850533499195e-01
5.763076242370299695e-01
5.763076242370299695e-01
8.016946372229014628e-01
5.597218083609369899e-01
2.701377143953926918e-01
6.146890250500813835e-01
7.675726647174698769e-01
1.089596626576259553e+00
4.234474195004267472e-01
8.165437186878392595e-01
9.537898338322357006e-01
6.413481223841976941e-01
2.194546561636840920e-01
8.011106720605525311e-01
7.583491103373276587e-01
5.025017906391564537e-01
6.781292644738954323e-01
4.186308260306716988e-01
6.146890250500813835e-01
3.251613852480037536e-01
9.537898338322357006e-01
9.010566340480643532e-01
5.152140971992338336e-01
4.468324360010544893e-01
3.192528652707267156e-01
4.712293761099317635e-01
9.877021511461325787e-01
3.246436239919123778e-01
4.235883123214385648e-01
9.437406969753947550e-01
6.781292644738954323e-01
3.553873392622826088e-01
8.971008521582444217e-01
8.695417513117060793e-01
7.415621441951891768e-01
6.425860731659618352e-01
2.992855672977867698e-01
8.092130125793453033e-01
4.784832727527774665e-01
4.533262166503728707e-01
5.465697199080938873e-01
3.297157954861944518e-01
1.064822420393388924e+00
9.734173037262916495e-01
3.552747286172266428e-01
3.361255818265362905e-01
6.146890250500813835e-01
6.263790439608918348e-01
4.990848151148306044e-01
6.932783284195433993e-01
2.850161682883243230e-01
2.606706926893629372e-01
3.105345679687392391e-01
3.552747286172266428e-01
2.637310153440086680e-01
8.905540723041269757e-01
1.534400999859029113e+00
7.424215479917979366e-01
1.323686811402868813e-01
7.728254124470730346e-01
7.675726647174698769e-01
6.752469859741623281e-01
9.871830929711400415e-02
3.307428543506727436e-01
8.732655060601981489e-01
5.358939091669139287e-01
3.558904482831195537e-01
5.025017906391564537e-01
4.299158951893051750e-01
4.374717574452162694e-01
7.344093662823922841e-01
6.917012920781768770e-01
1.464840789624766160e-01
4.842079952975879564e-01
1.148068684568318787e+00
5.025017906391564537e-01
4.701325819086363822e-01
1.810009973589519205e-01
7.752197696151039708e-01
7.134577304258016284e-01
6.509559027552711541e-01
4.533262166503728707e-01
1.326586830484933088e+00
5.615024003788136042e-01
4.406104721338177654e-01
2.560927622333206699e-01
6.260117499734114688e-01
5.231209995657621903e-01
5.763076242370299695e-01
5.025017906391564537e-01
7.554151401656721276e-01
1.089596626576259553e+00
1.035881450157393857e+00
1.425815966470285190e-01
8.308084262455786018e-01
7.083624769370366892e-01
9.537898338322357006e-01
5.562169670580221492e-01
6.254831982258135525e-01
8.641225138689101470e-01
6.260117499734114688e-01
6.249426398026276530e-01
7.094786570657429792e-01
2.194546561636840920e-01
8.697303433591070387e-01
7.134577304258016284e-01
1.089596626576259553e+00
5.030303423867543700e-01
4.168301696170750859e-01
3.611991644196930196e-01
4.782561362038837416e-01
5.025017906391564537e-01
6.263790439608918348e-01
7.583491103373276587e-01
5.492492391646486283e-02
4.493151659678886745e-01
1.606722673326110851e-01
7.479240473892847518e-01
1.074856426613433058e-01
5.818600553388506569e-01
7.668630785933707728e-01
2.974287667273411984e-01
8.473201656628166489e-01
2.407397850533499195e-01
8.265759213395540428e-01
6.917012920781768770e-01
9.871039214555672459e-01
3.307428543506727436e-01
3.152491125900702684e-01
2.637310153440086680e-01
4.084613532884944220e-01
4.872726103012556820e-01
2.304670502479986283e-01
5.903925431026380011e-01
3.916266949293607524e-01
4.005376372660620632e-01
4.996571780385181683e-01
2.770515132362483257e-01
2.143178609648632715e-01
8.165437186878392595e-01
5.025017906391564537e-01
5.615024003788136042e-01
3.314416431097040316e-01
7.358360776308465745e-01
8.364649285176852800e-01
6.781292644738954323e-01
3.246436239919123778e-01
6.018772523515885098e-01
5.361159664081363019e-01
6.146890250500813835e-01
3.790741698199777687e-01
5.399186437662066851e-01
3.552747286172266428e-01
7.675726647174698769e-01
6.935623111011821607e-01
2.407397850533499195e-01
5.562169670580221492e-01
6.691929256923039304e-01
5.955333117983308000e-02
5.786557616464733655e-01
3.552747286172266428e-01
6.146890250500813835e-01
8.379516455227751237e-01
5.648272114365955332e-01
6.425860731659618352e-01
4.533262166503728707e-01
9.861036616075118388e-01
6.018772523515885098e-01
4.467245218243682814e-01
6.425860731659618352e-01
6.781292644738954323e-01
9.365641136546081214e-01
5.465697199080938873e-01
4.906583821164840487e-01
4.382305201767273672e-01
1.035881450157393857e+00
3.057151222749361352e-01
5.687198844915197782e-01
8.165437186878392595e-01
6.935623111011821607e-01
2.872633729009379522e-01
3.944039628989415291e-01
8.011106720605525311e-01
4.872726103012556820e-01
4.807485237922612953e-01
7.205621555048029592e-01
7.376704326367384823e-01
9.701663586811317685e-01
9.866731524326759484e-01
4.005376372660620632e-01
7.752197696151039708e-01
9.387273553629782441e-03
6.102540178879127808e-01
5.852570387293987153e-01
1.023352983352399548e+00
7.643295299708547930e-01
5.942107836965888623e-01
8.271516220309909073e-01
6.310631562481763268e-01
4.779169522360380284e-01
1.148068684568318787e+00
6.249426398026276530e-01
6.573328158831479584e-01
5.347765885709456768e-01
