1.476646381409838948e+00
-1.015693177259574309e+00
-5.170198842653826038e-02
2.129565851952259337e+00
2.096136832604543476e-01
-1.187662127486548980e-01
1.066223173394932333e+00
-1.636829958769882243e+00
-6.946398272977886146e-01
1.281894734388754564e+00
-1.700038557297125497e-01
-1.015693177259574309e+00
9.515050660364741120e-01
1.291428619280001744e-01
4.418903013184498074e-01
5.937241054130116824e-01
6.290344301848090902e-01
3.001186426144272446e+00
-5.569020163998981143e-01
1.062654126143444788e+00
2.239248216901650768e+00
3.001186426144272446e+00
3.308546898583934054e-02
1.207682105677747142e+00
-1.797780459692424504e+00
7.128065686717438565e-01
4.466273167855651094e-01
4.969792731401233010e-01
8.656238560557952821e-01
-5.170198842653826038e-02
1.518128476430636198e+00
-1.920782794307866193e-01
-1.187662127486548980e-01
1.920087969919672233e+00
1.745357231777164841e+00
-1.700038557297125497e-01
-5.569020163998981143e-01
-1.411817228898804899e+00
-1.596549734020354716e+00
-2.095154542793963570e-01
-1.125660227186119577e+00
6.431891381724027523e-01
1.062654126143444788e+00
-5.170198842653826038e-02
4.827649438489649558e-01
7.507242146109843750e-01
-1.411817228898804899e+00
-1.920782794307866193e-01
7.732638979451078587e-02
4.466273167855651094e-01
-1.187662127486548980e-01
6.431891381724027523e-01
1.407298519813610094e+00
1.037435216904873503e+00
7.732638979451078587e-02
1.066223173394932333e+00
9.063138698623427469e-01
-1.206291136358812022e+00
-1.797780459692424504e+00
-2.805154774648316862e-01
6.902075503358456876e-01
1.709399102435029683e-01
4.297967542206270197e-01
4.540012264074891335e-01
2.335878419512776194e+00
5.771250746779879037e-01
-3.044434529208026041e-01
1.612235744608390142e+00
-1.850960594862763653e+00
-6.946398272977886146e-01
1.281894734388754564e+00
2.783654012032912295e-01
-5.648955478766196636e-01
2.340494715242296964e-01
-4.538813107210164233e-02
-1.270151770018490556e+00
-8.631359673321433723e-01
-1.345797774701538829e+00
2.335878419512776194e+00
-1.404363363209829352e+00
-1.797780459692424504e+00
-1.755286725392629643e+00
1.097409173798123749e+00
1.650783519435594648e+00
-5.340457262137016103e-01
2.096136832604543476e-01
4.969792731401233010e-01
-2.589647638045299294e-01
1.078802887747109196e+00
-1.069024029673488307e+00
1.037435216904873503e+00
5.538450547882769470e-01
-1.054162636332808711e+00
1.958923598964788626e+00
-8.346480233218900313e-01
-2.285677444893678079e+00
1.281894734388754564e+00
-1.187662127486548980e-01
9.057814230179194182e-01
-1.887926945282860425e+00
6.431891381724027523e-01
4.190949215271287387e-01
1.016021783601841921e+00
8.918576263100166379e-01
-3.111975844842003736e-01
-1.364299955553528676e+00
-5.569020163998981143e-01
1.434160523254967234e+00
-5.905335537906878374e-01
-1.187662127486548980e-01
1.920087969919672233e+00
-2.838171611452092735e-01
9.771807186950365320e-01
2.272079271159169189e-01
6.431891381724027523e-01
-1.782205508655444026e+00
2.187841437600852867e-01
-6.946398272977886146e-01
2.726467914749364674e+00
4.941331425878223854e-02
1.405345720329861603e+00
-1.968786889132406071e+00
1.482632525667810564e+00
4.684015477285228268e-01
8.543668450815868898e-01
-7.467831902216540696e-01
8.635672837397750934e-01
-8.975603122463822192e-01
6.431891381724027523e-01
-1.411817228898804899e+00
1.585761791868005366e+00
-7.894521460315488959e-01
1.174856956821055842e+00
-1.187662127486548980e-01
1.403980799298461424e+00
1.113347967345372558e+00
-1.187662127486548980e-01
-1.797780459692424504e+00
-5.072783801011466753e-01
2.783654012032912295e-01
-2.253946477975319773e+00
-2.461868137668540069e+00
2.510499595175681442e+00
1.259909958261662632e+00
1.245979326178260904e-01
-1.596549734020354716e+00
-1.531996565623420015e+00
7.635103660810760307e-01
-6.102049069624541078e-01
-9.757870511097538335e-01
-7.811630541687287765e-01
-1.384908231606662987e+00
-3.379354037170890779e-01
7.338082340164270301e-01
1.287998081541385398e+00
1.239697939288153750e+00
1.043494528789680409e+00
5.300331473507324809e-01
1.174443307551978011e+00
-1.920782794307866193e-01
-9.540336303518442973e-01
1.558894838654909742e+00
-7.961809713073068062e-01
-1.700038557297125497e-01
-1.384908231606662987e+00
-1.045112681883051842e+00
-2.520691256050323070e-01
-8.151929500256669403e-01
-1.069024029673488307e+00
-1.171589385107457248e+00
7.798090798832417736e-01
1.321095835097850224e-01
-1.920782794307866193e-01
1.419133010918471605e-01
-3.016808472441491751e-01
7.798090798832417736e-01
-4.479098571543807528e-01
1.728991153102456546e-01
-1.045112681883051842e+00
-1.596549734020354716e+00
1.393200709458106035e+00
2.172939371719350699e-01
-1.443449878473190562e-01
-1.700038557297125497e-01
-9.236847349999705026e-01
2.582914557619977458e+00
-1.259332926967637434e+00
4.190949215271287387e-01
5.599727294474251549e-01
1.200740508906803283e+00
1.567870308193450857e+00
9.771807186950365320e-01
-6.835574114018694303e-01
2.187841437600852867e-01
2.163086092668129901e+00
-2.344735812925318630e+00
8.584348608709200246e-01
-1.531996565623420015e+00
-1.404363363209829352e+00
9.771807186950365320e-01
-2.174049623883243409e+00
-2.724415196025795627e+00
6.760196044414084060e-01
1.478703645775337971e+00
2.364955801871570229e-01
1.632404300840998024e-01
7.289516463975524996e-01
9.771807186950365320e-01
-1.797780459692424504e+00
-1.187662127486548980e-01
3.350225948611889049e-01
-5.496408140034735323e-01
-2.924431711198633432e-01
3.001186426144272446e+00
1.321095835097850224e-01
7.623473049777150790e-01
-5.569020163998981143e-01
-1.017001978089024927e+00
-4.220902681831772973e-01
6.817415713221940399e-01
-1.069024029673488307e+00
1.130524009915452988e+00
1.398482268016270957e+00
-2.017756203975959561e+00
9.771807186950365320e-01
1.294801074004242603e+00
-5.569020163998981143e-01
1.518128476430636198e+00
-1.700038557297125497e-01
-9.540336303518442973e-01
-6.946398272977886146e-01
2.421029209471194488e+00
1.419133010918471605e-01
1.419133010918471605e-01
-1.079713445900164492e+00
1.978962951066499110e-01
1.053719891847859635e+00
-1.187662127486548980e-01
-1.044099580422166440e+00
-1.125660227186119577e+00
9.174212412618995005e-01
-1.344214433060945790e+00
-8.151929500256669403e-01
-2.330883506036757202e-01
8.635672837397750934e-01
-1.384908231606662987e+00
-1.782205508655444026e+00
6.431891381724027523e-01
-5.496408140034735323e-01
5.753125052304740583e-01
-1.187662127486548980e-01
8.764474898838693351e-01
-8.151929500256669403e-01
-6.946398272977886146e-01
9.067508413402173284e-01
3.437599989454459548e-01
1.467565561472607971e+00
1.393200709458106035e+00
-1.258091902888209379e+00
1.439102506814792903e+00
1.920087969919672233e+00
-2.353625494818604835e+00
-5.496408140034735323e-01
7.790670827475093541e-01
-6.855965327205586490e-01
-1.437944302921330575e+00
-1.596549734020354716e+00
-5.019219745026370916e-01
9.598128548211712907e-01
-2.344735812925318630e+00
6.268334816753209360e-01
9.771807186950365320e-01
5.599727294474251549e-01
8.617743277712194283e-01
-1.069024029673488307e+00
-1.986404302506843633e+00
1.482632525667810564e+00
8.411236113973143969e-01
-1.187662127486548980e-01
-3.226800235673931150e-01
5.180579165620224913e-01
-5.072783801011466753e-01
1.005785262655715995e+00
1.084220250171253674e+00
1.756818715905423378e+00
1.482632525667810564e+00
7.623473049777150790e-01
-1.797780459692424504e+00
-3.019417829722195634e+00
-7.667531993411444979e-01
1.062654126143444788e+00
-9.272847498255559762e-01
-1.044099580422166440e+00
-8.631359673321433723e-01
1.139582084682885244e+00
1.809744684894879496e+00
-6.311066588805545052e-01
6.780420634908238542e-01
1.274120152069714962e+00
6.431891381724027523e-01
5.389548561481468658e-01
9.788951707604880426e-01
-7.244491049236148061e-01
-1.045112681883051842e+00
1.452100745489732336e+00
5.966071074075575131e-01
-1.259332926967637434e+00
6.431891381724027523e-01
6.709248948178156979e-01
9.514760142586144998e-01
-1.968786889132406071e+00
-6.138250559909227411e-01
-2.838171611452092735e-01
9.771807186950365320e-01
-2.349892943500444087e+00
2.187841437600852867e-01
5.044996241804219350e-01
7.798090798832417736e-01
-1.765558045922700769e-01
4.540012264074891335e-01
1.419133010918471605e-01
6.431891381724027523e-01
-5.097216879702785031e-01
-1.125660227186119577e+00
-1.002862212241521389e+00
2.786103919139127694e+00
-5.340457262137016103e-01
-5.869222606615406290e-01
-8.151929500256669403e-01
2.783654012032912295e-01
-1.920782794307866193e-01
-6.102049069624541078e-01
-1.765558045922700769e-01
-1.700038557297125497e-01
-5.928156603951399983e-01
8.635672837397750934e-01
-1.850960594862763653e+00
-6.138250559909227411e-01
-1.125660227186119577e+00
5.771250746779879037e-01
5.811137664441283768e-01
2.610081950037761001e+00
7.289516463975524996e-01
6.431891381724027523e-01
-3.226800235673931150e-01
-1.782205508655444026e+00
1.239697939288153750e+00
9.063138698623427469e-01
2.964833269555436690e+00
-9.236847349999705026e-01
3.001186426144272446e+00
4.942906085430247981e-02
-5.466040607957859399e-01
2.036007926509992405e+00
-8.058165207938043917e-01
2.421029209471194488e+00
-7.389837929672106176e-01
-1.045112681883051842e+00
-8.913521307744194377e-01
1.809744684894879496e+00
3.118267431244931220e+00
7.623473049777150790e-01
1.281894734388754564e+00
1.215770252624947645e+00
2.247505546874025484e+00
3.595567700449557591e-02
1.085433773367644683e+00
1.205242719694530784e+00
1.078802887747109196e+00
1.031445374204401411e+00
2.346474451339026768e+00
-1.344214433060945790e+00
6.431891381724027523e-01
2.187841437600852867e-01
1.403209156783348899e+00
-4.466428822495766005e-01
-7.708436821447659515e-01
-5.496408140034735323e-01
1.439102506814792903e+00
-5.170198842653826038e-02
1.968049882460553845e-01
-1.187662127486548980e-01
4.986618560712764991e-01
1.845537200425049484e-01
1.482632525667810564e+00
-1.044099580422166440e+00
-5.905335537906878374e-01
2.421029209471194488e+00
2.783654012032912295e-01
-7.961809713073068062e-01
3.294935435622677211e+00
9.792555348603279586e-02
1.482632525667810564e+00
-1.187662127486548980e-01
-1.271149431508732608e+00
1.709399102435029683e-01
-5.019219745026370916e-01
9.771807186950365320e-01
-2.053387915845478418e+00
-5.170198842653826038e-02
7.945187946882598107e-01
-5.019219745026370916e-01
-5.496408140034735323e-01
-1.791820493885843524e+00
5.599727294474251549e-01
7.236274210517202876e-01
1.758152190772664492e+00
-1.002862212241521389e+00
1.539044464306510207e+00
3.150025585892148317e-01
-1.344214433060945790e+00
-5.905335537906878374e-01
9.985453356713884787e-01
6.533653532659817742e-01
-1.384908231606662987e+00
1.215770252624947645e+00
3.751849362035589164e-01
-1.364299955553528676e+00
-9.540336303518442973e-01
-2.285677444893678079e+00
-2.056394811409189671e+00
1.205242719694530784e+00
-1.968786889132406071e+00
1.343801349955410229e+00
-1.443449878473190562e-01
1.321095835097850224e-01
-2.894337706172583680e+00
-8.824267289431472205e-01
3.308546898583934054e-02
-7.408385555230698749e-01
-1.090909314892991311e-01
2.726978309763116726e-01
-1.259332926967637434e+00
-1.700038557297125497e-01
-1.937251550899391772e-01
3.296063550548663512e-01
