-1.382629734894132545e+00
-7.704558363670200860e-01
2.233793648512766294e-01
-2.026663511785703697e+00
1.426844808446378066e-01
1.491368399377280551e-01
2.535603087152781820e-01
-8.469658512584801180e-01
-3.467434898844957147e-01
-1.518302872856432950e+00
-1.635282265844599126e+00
-8.378284860396479489e-03
2.295233836294130914e+00
-1.415753990861245981e+00
-1.761138900773193239e+00
-1.406129606349692196e+00
-1.133548021579080300e+00
4.121376030620981012e+00
1.601818510268539164e+00
-3.302516109683070189e-01
6.470328502799262971e-01
4.052706114467300447e-01
-6.024557751757443347e-01
-1.696393091727323998e-01
4.876870502982555422e-01
-1.139457675893007282e+00
1.561338629627253005e-01
1.814800977545239169e+00
7.026324866166506755e-01
2.282233371629041940e+00
-1.014786742227029581e+00
2.743808956433501089e-01
-1.346748481185479740e+00
2.329034391223458567e+00
2.521743208709487760e+00
1.889530922297255833e+00
1.479240479055993485e-01
1.100822794281986372e+00
-8.728905744254837895e-01
-5.146666984880282625e-01
-2.124039452747040480e-01
-1.350358529735210755e+00
-1.545837840936129526e+00
2.479247974585271130e+00
-8.429612187293027414e-01
-1.113760019239267152e+00
1.664851165572917235e+00
-9.268636440031368107e-01
1.569043639316514804e+00
4.654431651800146064e-01
-6.675946085943341712e-01
-2.005454657568438159e-01
4.432270045511466083e-01
-1.953858056753849048e+00
-2.079658316625336845e+00
-2.360308290654772989e+00
2.633348110578228152e+00
-9.237062937090622095e-01
3.119430879140091317e+00
-1.414348453440308129e+00
-1.036189682924610195e-01
3.733331970195460370e-01
-6.379698942667773043e-01
-1.141412734918711980e+00
1.617136461475678466e+00
-2.022838745598261490e+00
3.701288904846562922e+00
-4.053341526829253305e-01
-4.116146112663932599e-01
5.055316896254026249e-01
-6.269151772962798796e-01
-1.259545165971243330e+00
-1.149440175271001729e+00
7.127038744685544325e-01
-1.061289536886748319e+00
-8.215450721450464622e-01
-1.337463363461547372e+00
2.843004568203046478e+00
1.912637074238701329e+00
-3.147195999992226101e-01
-1.988367667958463203e+00
7.674047886512521677e-01
-5.614187524663205586e-01
8.912666752817310911e-01
6.160247241762325521e-01
-1.913466688105749824e+00
2.139842602611002065e-01
-1.097405480743065542e+00
-3.745256586624202688e-01
2.015197832988208926e-01
6.456544382434407092e-01
4.219752727159455929e-01
7.280384708316127440e-02
-1.050284801691183656e+00
-2.083124977931734845e-01
-1.116535550983353664e+00
-1.122476840135003817e+00
-1.917943967575619912e-01
-9.593416597698416481e-01
7.292418685343010631e-01
3.173742323571898671e-01
-7.216466510114671884e-01
-7.098258002141369372e-02
8.842779880005612325e-01
-4.073102617518914448e-01
1.047910652580327229e+00
2.232496866809797975e+00
7.277236768285744173e-01
1.369947161045863337e+00
-1.942197578958741122e+00
1.296863379215731638e-01
-4.400841301146138917e-01
5.849043761525444252e-01
-6.448111472515154485e-01
1.457758994861322321e-01
-4.426627709755606710e-01
1.143438448848006050e+00
-1.200243285020892170e+00
3.799091906439346911e-01
-8.182695947329884367e-01
-9.140188261344573961e-01
-2.977906993430958216e-01
1.806003252287278205e+00
-7.012577167296542013e-01
-1.389775952969195538e+00
-1.199832175554889968e+00
-5.162734491207551235e-01
-2.785126272260880942e+00
1.047714155638814343e-01
-2.595712729940305441e-01
5.567818926607261965e-01
-5.531568311882191225e-01
-9.592791745074373544e-02
2.153867047703648119e+00
-8.864697726389965116e-01
1.744433842826540459e+00
2.250210120576641160e+00
1.231649473448477528e+00
-4.311342134876501753e+00
6.831163265117202732e-01
-3.474664407306016223e-01
-4.358836400495673669e-01
-1.177137757296799592e+00
-1.880508746989835833e+00
-6.304701854484972001e-01
1.002974581604319376e-01
-2.108515842766077952e+00
7.496559969699704284e-01
-9.658259858233407824e-01
8.618942980222197292e-01
-4.823313906953195507e-01
-5.631748072020759111e-01
-1.337322568460675709e-01
7.078107841527528921e-01
-1.933214036950188452e+00
3.375795156488304305e-01
4.312711962889979600e-01
1.719231458163643089e-01
2.519651037076170996e-01
4.748281579276079079e-01
-1.427329675051821622e+00
-1.773444504375261965e-01
-1.352955368524791702e+00
4.178899326013850168e-01
-1.788692332436018495e-01
6.651062272959192834e-01
-2.714632320653192488e-01
-5.132539069798039977e-01
-5.633162759830758620e-02
3.344109186714583348e-01
2.179689166462510930e-01
-4.715188293885543835e-01
2.679537876866220358e+00
2.621193230992995726e+00
1.115295442905298584e+00
-1.113507355175857638e+00
-1.458155036027429574e+00
-1.247452386619147093e-03
-4.258872536669833231e-01
-6.280058856264407741e-01
6.136508220509454548e-01
3.808298249324831852e-01
-1.248727823932203274e+00
-6.956173018961113730e-01
-1.451996316625653538e+00
-2.241842441192243851e-01
-6.527402113638938186e-01
8.539805878726293153e-01
1.711652185167333862e+00
-6.172223113310358888e-01
-6.658879077951561365e-02
6.963696164444069803e-01
-9.220137482887594826e-01
-1.055658506306110939e-01
-2.125344960694337981e+00
5.006723293131275510e-01
2.786341936904323125e-03
-1.450690799979712953e+00
-2.694177418398392421e-01
4.048189760497870049e-01
-6.291677569637106338e-01
7.684250797686191792e-01
-7.261844965155040965e-01
-1.958675984011898130e+00
-1.378877461822953343e+00
-1.043387921459811629e+00
-2.271420337040392035e+00
-3.894442292835951225e-01
1.729809913953151312e+00
1.329741474406469059e+00
3.253398503646371953e-01
-9.579179504979284943e-01
-5.260052372675260157e-01
-7.532500075296479913e-01
3.736925568199495618e-01
-5.367665076133622953e-02
3.753855206520707588e-01
1.679435446690920319e-01
4.394506673325750817e-02
-7.845688416994604786e-02
-6.704439782345201770e-01
-4.136792130534389655e-01
-3.836746494071862634e-01
-2.803779475105431240e-01
1.439532399188920009e-01
5.625137494826867313e-01
-6.384251258275666641e-02
3.688064945470781453e-01
9.014985575454224076e-01
9.222675027969394757e-01
-1.075212647621378137e+00
3.932475528857580782e-01
-1.417033691931601558e+00
-1.321194377616856208e+00
-1.950057406652871972e+00
7.540055591012484459e-01
3.294354938327518356e-01
-1.211326549193455282e+00
-3.116170123908464928e-01
6.096194864364572474e-01
8.773922633001252080e-02
4.002420941583432756e-01
-5.644597714346466510e-01
1.360312347610928563e-01
-7.112050603449869834e-01
2.034846854205545785e+00
-1.134019277760892175e+00
-1.027975822226661951e+00
7.996342748465848915e-01
-1.120315515616226776e+00
-5.345584905697773337e-01
1.437249010862523546e-01
6.394658792379664947e-01
4.659962964252366557e-01
1.030515377482510153e-01
-1.032446356343184934e+00
-1.921062028640372121e+00
-1.302364375711426492e+00
-1.060267554319731520e+00
4.337735191407426361e-01
4.162936356683752392e-01
-1.429558555000054687e+00
-1.225302461660217723e+00
-1.091629742241269074e+00
-9.120516951532178229e-01
-1.638849700261596043e+00
2.765113106477019578e-01
8.185924306903957781e-01
3.827511676934113871e-01
-6.571849111887378969e-01
1.015227368325341217e+00
-8.257543906791330324e-01
2.567948206205302175e-01
-3.676145787234407214e-01
6.033545566664637594e-01
1.732029421967278715e+00
-2.159911904879953770e+00
-2.288621029949820862e+00
6.695447753110245204e-01
-1.869914515767217567e-01
2.557202300861576849e-01
9.582557514310842406e-02
-6.758379716095859191e-01
-9.725328605729147702e-01
2.714546987108667486e-01
1.022219671982768086e+00
9.815803187603526492e-02
-2.496412675160094297e-01
-1.692397134989668928e+00
1.007018302572595170e+00
-7.139505429095782674e-01
-1.159575595255008196e+00
3.173267902995559053e-01
6.024586959881311071e-02
-2.245727441155566662e-01
2.465400732969830422e+00
-9.194808278470192331e-01
2.138159503702852793e-01
-7.502532300456572489e-01
2.738830220237766788e+00
-1.701322861400071718e+00
2.955573573914048180e-01
-4.560496650118342488e-01
-3.064548950519675685e+00
-2.901159438356530895e-01
-1.538132359283878703e+00
1.287501111388395847e+00
-1.350358529735210755e+00
-8.708795200285419646e-01
-1.015974338435211122e+00
4.238601644513740885e-01
6.849583259207249197e-01
1.218144930761261957e+00
2.064507647824396663e+00
-4.422705793864741830e-01
9.190247959956557855e-01
-5.526179767033964074e-01
-3.077489704494418277e-01
-1.153923523633854087e-01
2.780019921516270642e+00
1.096589220091799488e+00
2.074127111721489058e-01
1.150868140706428622e-01
6.618270385437203807e-01
-2.161667006957289416e+00
-1.890329213956595478e+00
3.048404114044562241e-01
3.086573719188633325e-01
3.196222577800675868e-01
1.616537723121572068e+00
1.493908467855429079e+00
-1.824834227992718771e-01
8.982865357802832795e-01
-9.264746139011668102e-01
-2.667652086178727844e-01
-2.773481413656854189e-01
2.037356397323875079e+00
9.743598529553537668e-01
8.398607235023057838e-01
-1.146363049004744727e+00
7.202200853462282781e-01
6.843994073278355517e-01
1.145288303985747325e+00
-1.803129446072751496e-01
2.113991837688375508e+00
2.016298147040487265e-01
-3.417197348466498585e-01
-2.819978028737450404e-01
-1.532617211434598836e+00
-6.075602028083657569e-01
-8.258802584424068671e-01
-1.047204834332448931e+00
3.147158297375263203e-01
2.398657180832559632e+00
-2.173812726562692976e+00
1.839110074180805965e+00
1.815811766341044742e-01
2.360542486968890130e-01
3.462622580739754818e-01
1.819561806897244782e+00
-1.902039528134405355e+00
-7.544482483802223971e-01
2.632602553034505188e+00
-5.470616965197456771e-01
2.219119214844874899e-01
-5.134874050088351627e-01
-1.785089987396304423e+00
3.341345503115991988e+00
-3.013187355515112742e+00
-9.393927476702629287e-01
4.748568268988553193e-02
1.967002402462034283e+00
-1.086368966046064033e+00
1.477868339416859023e+00
-1.458557443781987928e+00
-8.675933464995213562e-01
-1.398305093392944620e+00
2.034524707116215581e+00
-3.106348717325997932e-01
8.288531832715666237e-02
6.224114265916813604e-01
1.582439484800354235e+00
-1.572760660635164287e+00
-1.636118765517196261e+00
2.830934078630719331e+00
-3.676894384886444239e-02
-9.526756610684332660e-01
2.174469619113666763e+00
9.505290928468861367e-01
4.375041176822219158e-01
1.503538548613403636e+00
-4.631787412498953316e-01
-2.125086967921458569e+00
-9.706105315851925042e-01
1.813257956473510957e+00
3.004282874970709005e-01
2.355181440559345751e-01
2.182233039755958171e+00
1.715273970505916123e-01
1.281466575322018020e+00
-1.224721129656290763e+00
1.080789084094432584e-01
-3.594378568558015408e-01
-5.681805259837447997e-01
-1.078854271844410739e+00
5.691006498522453716e-02
-9.389201120581956994e-01
-1.182444750081630414e+00
-1.813837573275912440e+00
-4.588619623019746241e-01
-2.797694122455717025e+00
2.980581634565332427e-01
-1.239341168003589067e+00
-6.226324493291944817e-01
4.755719117652972283e-01
4.525691097048283318e-01
-1.601027646302810581e+00
1.678937181431466863e-01
-1.644194155563806437e+00
1.220088129620918060e+00
7.787711186416220732e-01
6.089349165174040568e-01
2.198038546788393610e+00
-4.709818416854128498e-01
-1.612196569852210604e-01
-1.156096372450957199e+00
-1.745979240837727819e-01
3.138023841201818431e+00
-9.821958359336310229e-01
-7.239899037349589728e-01
-5.650737175007511937e-01
-1.545805661588442570e+00
-6.461214242843299482e-02
-1.500327038252860845e+00
-1.423786353831013152e+00
4.551594936994688423e-01
