9.903073928221426403e-01
1.034972948692681083e+00
9.727512331261943812e-01
1.085579835691750539e+00
1.014434617932259197e+00
1.036899869945017816e+00
9.844429206902335361e-01
1.022680973131585347e+00
9.900980044661157331e-01
1.039880485126341902e+00
9.900090481539441933e-01
1.034972948692681083e+00
9.842341766939819436e-01
1.029468329472647659e+00
1.030900213478380234e+00
1.031544904805914431e+00
1.031689276295786106e+00
9.966157741039237683e-01
1.080807723580359481e+00
1.114447948457237825e+00
1.041507751012252347e+00
9.966157741039237683e-01
1.014568461364149465e+00
9.933382940968762398e-01
1.031066329545454963e+00
1.032022931294612977e+00
1.082901096083394465e+00
9.722719130166175283e-01
1.032597818451619354e+00
9.727512331261943812e-01
1.147362274643441982e+00
1.081606986869526610e+00
1.036899869945017816e+00
9.711570656050377837e-01
9.712837546910370046e-01
9.900090481539441933e-01
1.080807723580359481e+00
1.015771844083246611e+00
1.015939265574384853e+00
9.817833947596450450e-01
9.874925905580747010e-01
1.038586375912474269e+00
1.114447948457237825e+00
9.727512331261943812e-01
1.031077468898074390e+00
9.874919695638673112e-01
1.015771844083246611e+00
1.081606986869526610e+00
9.824763867228739622e-01
1.082901096083394465e+00
1.036899869945017816e+00
1.038586375912474269e+00
9.900816986225922101e-01
9.718264225122406064e-01
9.824763867228739622e-01
9.844429206902335361e-01
9.926429252816999504e-01
9.790313158108782110e-01
1.031066329545454963e+00
1.027565942294410117e+00
1.031934172983301368e+00
1.027019232782743874e+00
1.030847264045593237e+00
1.036358905053928803e+00
1.039814959548804207e+00
9.918436619925327102e-01
1.027458886183861164e+00
9.871325669438171246e-01
1.077993559649733646e+00
9.900980044661157331e-01
1.039880485126341902e+00
1.037787112623307140e+00
1.026340069776732200e+00
9.850835400795135977e-01
9.838378476445409637e-01
9.797767654395224124e-01
1.015292523973669869e+00
1.023509495890056353e+00
1.039814959548804207e+00
9.856579767194861841e-01
1.031066329545454963e+00
9.774982872959478986e-01
9.889568289439870652e-01
9.877700431831731853e-01
9.909017079862710853e-01
1.014434617932259197e+00
9.722719130166175283e-01
9.920887939931503086e-01
1.013818708997611617e+00
1.032606574018162249e+00
9.718264225122406064e-01
1.023965847583457878e+00
9.803090903406892487e-01
9.948843477346942521e-01
9.809321069592377151e-01
1.030106270240755073e+00
1.039880485126341902e+00
1.036899869945017816e+00
9.841523175222040010e-01
1.021959434266011657e+00
1.038586375912474269e+00
1.074832434844291251e+00
9.843505167164587899e-01
1.032691935185556353e+00
9.827480746061194594e-01
9.740054453061103290e-01
1.080807723580359481e+00
9.854679550184234360e-01
9.890294980619067644e-01
1.036899869945017816e+00
9.711570656050377837e-01
1.026134692632889145e+00
1.039281744727650558e+00
9.850520693665978378e-01
1.038586375912474269e+00
1.016110557708746143e+00
9.909564193142433863e-01
9.900980044661157331e-01
1.042200143770780185e+00
9.842503725681267523e-01
9.900752065624379705e-01
1.016285748435881153e+00
9.939370344955675840e-01
1.031015483773090935e+00
1.032557014171535670e+00
1.034233839904072472e+00
1.041076208486956922e+00
9.799185584891675349e-01
1.038586375912474269e+00
1.015771844083246611e+00
1.084792901627567252e+00
1.024976733199578049e+00
1.033621097149734824e+00
1.036899869945017816e+00
1.084528361969304688e+00
9.845325158189064396e-01
1.036899869945017816e+00
1.031066329545454963e+00
9.810082001974427257e-01
1.037787112623307140e+00
9.762183867923710512e-01
1.021509444110837883e+00
9.958288400397404816e-01
9.895702330565052662e-01
1.029446914115394796e+00
1.015939265574384853e+00
9.870856592837025101e-01
1.032218623224107512e+00
9.905332763002362428e-01
1.033118615423168407e+00
9.802503588862596651e-01
1.078973109741770964e+00
9.826443749285537210e-01
1.014054522724710861e+00
9.849248217166883812e-01
1.064460358745912494e+00
1.051909040425539121e+00
1.031279096251552341e+00
9.846555933419040008e-01
1.081606986869526610e+00
1.079920480902070157e+00
1.040392526531348061e+00
9.734442547482876629e-01
9.900090481539441933e-01
1.078973109741770964e+00
1.015448501232439460e+00
1.027694028213546051e+00
1.033922318943323759e+00
1.032606574018162249e+00
1.032007833619470905e+00
1.036257337709922677e+00
9.725876543287294007e-01
1.081606986869526610e+00
1.082302355684703121e+00
1.026096951121003631e+00
1.036257337709922677e+00
1.026831430233001274e+00
9.848037407940237742e-01
1.015448501232439460e+00
1.015939265574384853e+00
9.715478504070972354e-01
9.827937123631279581e-01
1.014705923893310713e+00
9.900090481539441933e-01
1.033029659110996645e+00
1.041999778449090863e+00
9.866053478797853771e-01
1.074832434844291251e+00
1.014177676562090014e+00
1.084216841008555976e+00
9.905907876887400931e-01
1.039281744727650558e+00
1.025862154361106837e+00
9.909564193142433863e-01
9.952527794207290945e-01
1.016647937466673035e+00
1.100981122304871551e+00
9.870856592837025101e-01
9.856579767194861841e-01
1.039281744727650558e+00
9.764145300139014383e-01
1.017026056263162559e+00
9.871515859169054385e-01
9.903139468583477267e-01
9.828361326853793933e-01
1.029628807260262846e+00
1.036957645452620147e+00
1.039281744727650558e+00
1.031066329545454963e+00
1.036899869945017816e+00
1.027313820713611880e+00
1.035952498784718623e+00
1.027512496643288920e+00
9.966157741039237683e-01
9.725876543287294007e-01
1.094929651382591684e+00
1.080807723580359481e+00
1.024639138977907704e+00
9.730899467516936907e-01
1.031900682207350872e+00
1.032606574018162249e+00
9.890858961201314248e-01
1.138339221660792377e+00
9.768084330970069340e-01
1.039281744727650558e+00
9.849436455014483061e-01
1.080807723580359481e+00
1.147362274643441982e+00
9.900090481539441933e-01
1.079920480902070157e+00
9.900980044661157331e-01
1.041772290670514911e+00
1.082302355684703121e+00
1.082302355684703121e+00
9.793949934748503727e-01
9.827505839217045569e-01
9.887834754242593727e-01
1.036899869945017816e+00
9.880457185884023996e-01
9.874925905580747010e-01
9.841731494343106679e-01
1.032050109018959327e+00
1.033922318943323759e+00
9.817240187559925779e-01
1.041076208486956922e+00
1.078973109741770964e+00
1.016110557708746143e+00
1.038586375912474269e+00
1.035952498784718623e+00
9.866826733593616616e-01
1.036899869945017816e+00
1.032636815247097051e+00
1.033922318943323759e+00
9.900980044661157331e-01
1.013934876186401324e+00
1.070741523095591452e+00
9.856586051031176465e-01
9.715478504070972354e-01
9.798043888885880071e-01
9.854938993808812775e-01
9.711570656050377837e-01
1.077009780176229281e+00
1.035952498784718623e+00
1.032277693003075036e+00
1.034498379562335035e+00
9.783728064910386379e-01
1.015939265574384853e+00
1.014991818041646843e+00
9.883994184048640053e-01
1.016647937466673035e+00
9.836391968781127426e-01
1.039281744727650558e+00
1.014177676562090014e+00
1.032583892910565737e+00
1.032606574018162249e+00
1.021678628546837109e+00
9.939370344955675840e-01
9.878927815179046057e-01
1.036899869945017816e+00
1.014847033469292947e+00
9.834266560430061643e-01
9.810082001974427257e-01
1.033084678292372605e+00
9.889048620280711521e-01
1.038849450996792934e+00
9.939370344955675840e-01
1.094929651382591684e+00
1.031066329545454963e+00
1.021204278395502651e+00
1.025032541949254972e+00
1.114447948457237825e+00
9.798333365652118765e-01
9.880457185884023996e-01
1.015292523973669869e+00
1.057960511347818988e+00
1.040827798365468571e+00
1.034725867340911210e+00
9.721196946028699548e-01
9.848876314395802467e-01
1.038586375912474269e+00
9.865117555160500817e-01
1.037469686857626305e+00
9.804104154118635783e-01
1.015448501232439460e+00
9.902285757531315014e-01
9.835809689316915572e-01
9.866053478797853771e-01
1.038586375912474269e+00
9.837230400236152139e-01
1.046287191098707270e+00
1.016285748435881153e+00
1.025399483526439726e+00
1.026134692632889145e+00
1.039281744727650558e+00
9.782743611879543000e-01
9.909564193142433863e-01
1.031170633014587334e+00
1.036257337709922677e+00
1.034864272949585162e+00
1.036358905053928803e+00
1.082302355684703121e+00
1.038586375912474269e+00
1.026569402032829093e+00
9.874925905580747010e-01
9.882918538472419412e-01
9.962566931400058667e-01
9.909017079862710853e-01
9.807919899271440034e-01
1.033922318943323759e+00
1.037787112623307140e+00
1.081606986869526610e+00
9.905332763002362428e-01
1.034864272949585162e+00
9.900090481539441933e-01
1.025448634380460300e+00
1.041076208486956922e+00
1.077993559649733646e+00
1.025399483526439726e+00
9.874925905580747010e-01
9.918436619925327102e-01
1.031492822797110076e+00
9.706853822517383934e-01
1.036957645452620147e+00
1.038586375912474269e+00
1.014847033469292947e+00
1.016110557708746143e+00
1.064460358745912494e+00
9.926429252816999504e-01
1.042559224734698198e+00
1.033029659110996645e+00
9.966157741039237683e-01
1.029092452409212655e+00
1.026415611640890235e+00
1.041196230051503413e+00
1.025392660426557967e+00
1.041772290670514911e+00
1.025646361295975195e+00
1.015448501232439460e+00
1.033553887257288917e+00
1.040827798365468571e+00
9.703676637895892743e-01
1.094929651382591684e+00
1.039880485126341902e+00
9.716853129362583719e-01
1.039636385060976220e+00
1.026770705407091810e+00
9.844790262971553352e-01
1.037904958691746815e+00
1.013818708997611617e+00
1.033169552188844431e+00
9.955643003814779179e-01
1.032050109018959327e+00
1.038586375912474269e+00
9.909564193142433863e-01
9.853204248136895327e-01
1.026836855834903250e+00
1.025524524300047702e+00
1.035952498784718623e+00
9.854938993808812775e-01
9.727512331261943812e-01
1.029786299659880777e+00
1.036899869945017816e+00
1.079277948666975240e+00
9.848567995039742007e-01
9.939370344955675840e-01
9.880457185884023996e-01
9.890294980619067644e-01
1.041772290670514911e+00
1.037787112623307140e+00
9.734442547482876629e-01
9.974453611523087515e-01
9.825239723972085670e-01
9.939370344955675840e-01
1.036899869945017816e+00
9.788457574717704945e-01
1.027019232782743874e+00
1.014991818041646843e+00
1.039281744727650558e+00
1.021488930718374988e+00
9.727512331261943812e-01
9.839518805009357383e-01
1.014991818041646843e+00
1.035952498784718623e+00
1.022235079967757976e+00
1.014177676562090014e+00
1.083413137488400624e+00
1.013388274746641615e+00
9.882918538472419412e-01
9.862249548159524037e-01
9.724278902753872300e-01
1.032050109018959327e+00
9.890294980619067644e-01
9.885596809348251579e-01
1.031787483153304930e+00
1.078973109741770964e+00
9.716853129362583719e-01
1.030605347598198884e+00
9.740054453061103290e-01
1.079920480902070157e+00
1.030106270240755073e+00
9.767098251201006276e-01
1.037904958691746815e+00
1.016285748435881153e+00
1.071427337500185262e+00
1.014705923893310713e+00
9.725876543287294007e-01
1.076049720871529392e+00
1.024744629713044919e+00
1.014568461364149465e+00
9.812235911718303338e-01
1.028349568598113883e+00
1.066986458540510219e+00
9.866053478797853771e-01
9.900090481539441933e-01
1.027959319816843742e+00
9.830379600388534644e-01
