-1.665742718958391322e+00
1.072097891590382268e+00
8.001084406722008824e-01
5.508212999908090879e-01
1.180651683556584175e-01
-7.141513172287554390e-02
-6.781069480658776794e-01
3.339564283707268100e+00
-4.711330904259383723e-01
-7.900806094614278852e-01
-9.483134643547623532e-02
-1.130626664747507615e+00
-7.092815509907504090e-01
-1.271342548825907359e+00
6.359910559061292545e-01
-1.115558458418802329e-01
4.803734219090969315e-01
-1.254649202283914855e+00
5.479791253350082547e-01
4.438090948594856228e-02
1.125028127346161311e+00
-1.062521564747573172e-01
1.717637641106982249e+00
1.021891570808947325e+00
-1.590894263609472725e+00
-2.597713187847372485e-01
-1.890812701091339809e+00
3.440206866799308538e-01
1.265180663054821686e+00
1.460579923788217993e+00
-3.899720889447000904e-01
-8.351348481042049077e-01
2.685069694075859492e-01
1.481464006861870297e+00
1.657409637898855093e-01
6.371324111250924460e-01
-1.804945535697289216e+00
-3.829926450191679099e-01
1.186074096852881787e+00
1.218456938379842480e+00
5.702485288698676547e-01
9.039739784273961506e-03
1.405602240021011529e+00
1.465165465677952250e-01
4.385382466770849086e-01
1.527951872563861224e+00
1.729923936776526672e+00
-6.422374562614431293e-01
1.210140567689939273e+00
-1.626268722013761714e+00
-3.903637996971943136e-01
-2.551248783866967851e-01
3.818088845002932663e-01
-2.412534894802703000e+00
9.759802851481816366e-02
5.309581338651031546e-01
4.177567551272403645e-01
1.228089860641176978e+00
6.290648319677167866e-01
8.804603322388430131e-01
4.984254022786357430e-01
-4.251260753293249484e-01
-6.026419981888749694e-02
1.549762201237784853e-01
-7.737244977466377627e-01
1.252812093907378355e-01
-3.733791378769284464e-01
5.386364249553667882e-01
2.077135082695253376e-01
-2.447825328909662146e-01
-2.099345628500507988e-01
1.336203636108689530e+00
-2.375420655271581472e-01
5.552375671996246931e-01
-1.138251470934463327e+00
8.120938567239325279e-01
-5.331850613683574158e-01
5.939209292280103192e+00
-1.762274634654741323e-01
-3.054820593345120572e-01
-4.664729672253579151e-01
-4.568887181092430305e-01
2.034756462892503670e+00
-4.729586761068955147e-01
3.908210381865501737e-01
-1.097364705345900582e+00
1.190728551198277474e+00
2.505820382827059212e-01
7.772135264497130880e-01
-8.630709069333000749e-02
3.601790523877803629e-01
6.883097058644530031e-02
9.974288937479189876e-01
3.911892777687015488e-01
7.488663413415796999e-01
-1.848973417770636063e+00
5.350517676675233814e-01
-1.044997054683197701e+00
2.819937235988910218e-01
-3.217346830020423543e+00
1.906629911155781620e+00
7.510964606448905512e-01
-7.185237583133343708e-01
3.176504189584146154e-01
6.552613547107619674e-01
2.050130980969840366e-01
-7.527859047517372337e-01
-8.299357968185716583e-01
-2.629873332663811070e+00
-5.085499365039988784e-02
4.208703230639230380e-02
-1.585083337274322934e+00
-5.169430813558510973e-01
2.896412155638922181e-01
4.996953992406372724e-01
9.533076844047975174e-01
-2.692943368897828815e-01
3.087043781001040932e-01
1.373586072869947827e+00
-2.074613549310389687e-02
-5.145390951594321916e-01
1.037014563657077337e+00
1.031533690441664985e+00
2.325387155153713969e+00
2.092371372534278587e-03
1.508685168531617160e+00
1.441672205897874814e-01
-1.302155185008647686e+00
-8.257399171818410322e-01
-1.012482758801142246e+00
2.564475413615923127e+00
-6.343929056515862364e-01
-8.314980360137876891e-01
-7.216667885972910534e-01
4.525902559484168974e-01
-7.959369299422678345e-01
-2.357388328905338337e+00
2.289271399674984719e-01
-1.079924432504836940e+00
6.304032417339028305e-01
4.480689062342569362e-01
1.285812492699050846e+00
8.834514445284955553e-01
-5.243772541159327227e-01
1.784968899731953718e+00
9.835382313145694944e-02
9.062544113734541940e-01
-1.176143093355873193e+00
-8.498952630729952329e-01
1.319015044207315079e-01
7.943067118660395165e-01
7.190748554550129290e-01
5.951635200868063968e-01
2.129842299943148498e-01
2.836537595182070381e-01
6.219849531971830686e-03
4.861311128893080480e-01
-5.855621063515367153e-01
1.778294617457349736e+00
-9.527528588460475456e-01
1.500832087544451854e+00
6.918315008593649562e-01
4.408755542779047021e-01
8.681860999769354104e-01
-6.797324683493918274e-01
1.947226843462334933e-01
-6.099508531466887318e-01
-3.299886868608519208e-01
4.343287046950999319e-01
3.173824239539937975e-01
-7.971507261436775460e-01
-9.504015729735505735e-02
-3.221206120836873077e-01
2.642445271656898020e-01
2.513870559698158993e-03
-6.928523823536567594e-01
1.901291017360842162e+00
-1.156614464119377406e+00
7.558627487094641273e-01
-2.662329273898547677e-01
-8.302817083239837359e-01
-6.779106760771852480e-01
3.535515123901004086e-01
-1.058747907724530535e+00
-2.175931708767320227e-01
3.280864427011954021e+00
-2.626527033896344232e-01
-5.167148888037784160e-02
1.750808019850178976e+00
-4.110181031617448633e-01
-3.374948502656039739e+00
2.781642793137570346e-01
-1.771159113978894029e-01
7.738077822784040771e-01
-1.099319902107233175e-02
-7.267613975331485010e-01
-1.077668832601071935e-01
4.191935972310614766e-01
3.529648894291924077e-01
-1.087430531180939158e-01
1.063466718530646116e+00
9.832785978449211095e-01
-2.271618746225091967e-01
-4.181554580209610461e-01
8.872682465271978236e-01
-4.361062065055502646e-01
-1.464813709170177836e+00
-1.598068938116090409e+00
5.651769753405780534e-03
-1.703816817033597442e+00
-6.308680081009735430e-01
1.870720757697480197e-01
1.112393352765085996e+00
-2.204751937441664200e+00
-1.267884389536373946e-01
8.043365003599391994e-01
3.794789427874033505e-01
-1.628227530483977725e+00
1.424685665577986260e+00
-9.936768054411827533e-01
-7.459284988971562891e-01
3.210906065931267706e-01
5.626752340958455223e-01
1.005160253606398824e+00
-9.192568273869584916e-02
-4.087545196960973848e-01
2.112745506021712849e+00
-2.266118632703899988e-02
2.105060725599200988e-01
1.437546958765885341e+00
-4.671187994750023997e-01
1.201325570133018550e+00
-5.187759809994804128e-01
4.329909981236154115e-01
3.620675491440951688e-01
3.012098703352455997e-02
8.876833018306831136e-01
1.429310512126642729e+00
-3.119374747706577522e-01
4.444114492845279221e-03
-4.483588963559514418e-01
-9.621755649080712680e-02
-7.464484008673112347e-01
-1.707087224372647039e-01
-4.973331270800759873e-01
-2.142061103400892119e-01
6.662754037942980601e-01
-2.268072220671848438e-01
1.768606641359750098e+00
3.965424093281835760e-01
-2.681337990030353002e-01
8.533368437672589346e-01
-2.248957436373225649e-01
8.565079242789910841e-02
-4.106731424017562304e-01
-3.892937983735612062e-01
-6.937045349672837924e-01
4.657190323171020996e-01
1.123139969250547932e+00
-1.031686303837788588e+00
-1.080472882569214754e-01
4.334375524142403124e-01
5.731703083467318827e-01
-2.502977252233596350e-01
-4.216091534299393206e-02
-1.253276591846680832e+00
-9.365212481502401820e-01
1.009927741956771152e+00
8.648409599292669059e-01
1.690395866890387344e+00
6.987370749033796624e-01
-9.219683229898365528e-01
4.313632948249252475e-01
2.052652152215582948e+00
-8.785308651352833342e-01
-1.224508820568659395e+00
-2.188292008932857802e-01
-1.672629289814796083e+00
1.570139496135151358e+00
-6.752521525783229395e-01
1.414263883115115528e+00
-1.990885942431323483e-02
-1.683291547768861196e-01
-3.631612380994300726e-02
4.578341693929062206e-01
-7.365634570464735242e-01
2.577463571201745740e-01
4.159234482296738644e-01
-7.522047295583044191e-01
-1.805386973105238990e+00
8.743596979069580000e-01
1.361414675300680888e-01
4.030324202494525720e-01
-4.284587444779455745e-01
-1.788589645333456268e-01
-2.645791364826470260e-01
-1.135465266292201125e+00
-2.033731121196665770e-01
3.105044844988223307e+00
-4.249603463273843862e-01
2.333806445401652940e+00
-9.168893787048986166e-01
-7.322597541100090979e-01
4.275917911352010714e-01
-1.594836735902080083e+00
7.795861772238772414e-01
7.097858467249440473e-01
1.904491593462563914e+00
1.202513155011964985e+00
-1.083289754354524875e-01
-3.587995578102362026e-01
-6.715629810666365884e-01
-2.864935406160640241e+00
5.637350099286214666e-01
-7.771428259554511442e-01
-5.101566621419357378e-02
-3.616537766768684881e-01
5.272693926476239579e-01
-1.883152572600407026e+00
-1.512526170715162932e+00
-5.247692452385795958e-01
-3.344735940196963409e-01
-2.950329286116641359e-01
-3.108955916461451086e-01
7.453273041441058622e-01
1.407102912446727416e-01
-3.441037313764316319e-01
7.527169525574067821e-01
9.168194983273606491e-01
-2.436283845241411061e+00
6.993896342790208165e-02
-4.310331114916043926e-02
-6.589455595860952419e-01
6.516073814752244564e-01
-5.901836862283214025e-01
2.859357320748546205e-01
-1.596514890204637216e-01
-9.112749804821699273e-01
3.601064943376640626e-01
-4.590098510036045298e-01
-2.075733827644112572e-01
3.751270294820704954e-01
-1.153887634157570868e-02
6.154065555503530627e-01
-1.064182438808958020e+00
4.060419594554928735e-01
1.329371429367193658e+00
2.094421599650754251e-01
1.452267132055733434e+00
-1.746381405960721056e-01
1.709471052627791643e+00
-6.234915241097686023e-01
-2.401612621473330766e-01
6.492576369208972187e-01
-1.256967653439179822e+00
-3.383546295049548180e-01
-1.413586891379739807e+00
-1.984371767006626042e-01
8.316210314525950276e-01
-7.168872065258606596e-02
-2.393424708486673769e+00
1.651669845365322797e-01
-5.301986021328505272e-01
1.404859110634574915e+00
4.993247362769586140e-01
1.044072968578003691e+00
3.326965800375532578e-01
2.316033690832322300e-01
4.489425688754499766e-01
-3.428707811895001512e-02
1.017027636879612729e+00
-1.284338945913791608e-01
1.340248718914857751e+00
7.001425328926345060e-01
-1.384472452521604280e-01
9.704125058458568098e-01
5.386542790637877109e-01
1.172617897523737795e+00
7.171029108426559828e-01
2.120294923274004470e-02
5.551284788011834337e-02
2.289648523478323219e-02
1.615474258541621966e+00
1.142926987173353615e+00
6.112685617603254018e-01
5.350219448374364806e-01
7.632162043534019835e-01
5.425662633659104062e-01
1.050859138222786648e-01
7.888551250979932705e-01
-1.467117306364728258e+00
1.320071345447021427e-01
5.533612905818415806e-01
-5.828564380179979132e-01
5.817097572826159801e-01
-1.905191844096538523e+00
4.591458430799912893e-01
-2.661354645988395884e+00
-2.488578170270056289e-01
-6.682505245008929506e-02
-4.591685390300575542e-01
1.686349527916630064e+00
-8.292184007879837004e-01
-1.149806749836146613e+00
6.915967391637303230e-01
1.793052134523918539e+00
-1.397592758400776569e+00
9.633597640913997562e-02
-1.753009820852748923e+00
-1.113342473764147716e-01
7.193507856637032516e-01
-1.561236282567440403e+00
2.362042739126158697e+00
2.721777402531311285e-01
5.365348559535664252e-01
-8.581600093829678810e-01
-9.556262828591932657e-01
-2.280770242368182765e-01
-2.269824247482477020e+00
-2.253296715968419739e-01
9.635381843146174630e-01
-1.331687315881100009e+00
1.346616422555402537e-01
6.556809284445712649e-01
3.325489942742349547e-01
1.458169485819279521e+00
-1.996632200950620550e+00
1.070497311217227576e+00
-1.413053564768582016e+00
-6.905192823866887486e-02
-6.386214660092549844e-02
-2.981343707675799815e-01
-5.907369614221047449e-02
-2.000847773871865520e+00
-1.090059881977386125e+00
1.327265878410115452e+00
