9.073649395066965440e+00
1.017043761619860298e+01
1.406078361575529634e+01
9.685564403771335762e+00
1.394173080614927684e+01
1.002458656377685209e+01
9.921439609328553288e+00
1.032917206638023799e+01
1.147187223913424248e+01
9.811103165781357660e+00
9.681295257157250589e+00
1.017043761619860298e+01
9.932614437718550349e+00
9.419482484274681156e+00
9.318130023922968519e+00
9.270943936493242887e+00
9.260208170844194342e+00
9.211793978952426798e+00
1.002286632779882503e+01
1.117689058888930909e+01
9.686296844307859644e+00
9.211793978952426798e+00
1.396131518183257647e+01
9.442645798831231119e+00
9.902340347255899289e+00
9.235151715400263583e+00
9.872133662651222608e+00
1.399979602677923474e+01
9.191205864057154784e+00
1.406078361575529634e+01
1.111685960192734512e+01
9.966557413200996862e+00
1.002458656377685209e+01
1.384184740322256779e+01
1.386122130067312241e+01
9.681295257157250589e+00
1.002286632779882503e+01
1.412181411262516129e+01
1.414235830845922948e+01
1.011630176401765446e+01
1.166134195487868652e+01
9.905526916331131915e+00
1.117689058888930909e+01
1.406078361575529634e+01
9.305275665902893678e+00
9.284913652369965575e+00
1.412181411262516129e+01
9.966557413200996862e+00
1.006416776584474704e+01
9.872133662651222608e+00
1.002458656377685209e+01
9.905526916331131915e+00
9.091068321299708543e+00
1.393977056124547076e+01
1.006416776584474704e+01
9.921439609328553288e+00
9.492786988382086122e+00
1.031275513347822148e+01
9.902340347255899289e+00
9.558107583656640927e+00
9.241850669468272272e+00
1.000906715631628963e+01
9.321952997662808826e+00
9.503676295701096066e+00
9.269906702100488616e+00
9.549095902979916062e+00
9.566357380361294460e+00
9.940945009228464357e+00
1.023146811306846793e+01
1.147187223913424248e+01
9.811103165781357660e+00
9.961835830928961855e+00
9.657015962810630683e+00
9.456495429819341325e+00
9.552882857253043980e+00
9.991566055047966799e+00
1.406082652364909791e+01
1.027095758230705336e+01
9.269906702100488616e+00
1.179354130905602105e+01
9.902340347255899289e+00
1.042719437732950283e+01
9.177557661229073460e+00
9.949341870535311827e+00
1.140978219654735071e+01
1.394173080614927684e+01
1.399979602677923474e+01
1.132968525162634421e+01
1.384538431546233461e+01
1.157163978660094728e+01
1.393977056124547076e+01
1.129375425031636659e+01
9.912837207116467653e+00
9.326121528890844559e+00
9.833315358890727609e+00
9.993418161717862347e+00
9.811103165781357660e+00
1.002458656377685209e+01
9.937709166136460937e+00
1.038042486479822024e+01
9.905526916331131915e+00
1.131615719543526488e+01
9.926019155457090903e+00
9.183931599084294461e+00
9.646180301650582933e+00
1.420686839592494088e+01
1.002286632779882503e+01
9.913459693092207203e+00
9.757697688249557189e+00
1.002458656377685209e+01
1.384184740322256779e+01
1.007605359143832757e+01
9.855385726780276912e+00
9.458830811608761380e+00
9.905526916331131915e+00
1.416301043058312104e+01
9.611846635827806296e+00
1.147187223913424248e+01
9.638864913654973776e+00
9.519965927932453553e+00
9.091571639039168318e+00
1.418377073491811835e+01
9.398363237832311867e+00
9.309780738874668060e+00
9.194353849481510466e+00
1.144683346512744926e+01
1.121441638352972170e+01
1.025000440063033125e+01
9.905526916331131915e+00
1.412181411262516129e+01
9.727641150690597982e+00
1.016447577403491742e+01
9.112621120210894432e+00
1.002458656377685209e+01
9.747327341177724591e+00
9.917651516315803661e+00
1.002458656377685209e+01
9.902340347255899289e+00
1.017291593522433679e+01
9.961835830928961855e+00
1.053352540016929773e+01
1.034583176879998412e+01
9.253870725871689018e+00
9.130713695622642234e+00
9.420988723841672297e+00
1.414235830845922948e+01
9.932387664847997399e+00
9.220297519286727805e+00
1.143836758078961502e+01
1.153290273600410565e+01
1.022672218989899484e+01
1.015506568197615955e+01
9.655638219410372258e+00
1.388360885787632526e+01
9.909394411776498046e+00
1.113426385854490164e+01
1.117350240394450367e+01
9.290545483381043468e+00
9.913603305212808081e+00
9.966557413200996862e+00
1.008561706064671704e+01
9.772366115184517810e+00
1.414360898051564241e+01
9.681295257157250589e+00
1.015506568197615955e+01
1.408104847614137789e+01
9.548319057461540638e+00
1.147081269341721566e+01
1.157163978660094728e+01
1.161592234759986653e+01
1.123491444278720230e+01
1.404034709028977268e+01
9.966557413200996862e+00
9.916416223650141859e+00
1.007898263123351512e+01
1.123491444278720230e+01
9.616110334892473688e+00
9.477416128317011967e+00
1.408104847614137789e+01
1.414235830845922948e+01
1.390028468496271152e+01
1.003982404237043546e+01
1.398100518051416863e+01
9.681295257157250589e+00
9.742325754027113760e+00
9.650904382986393415e+00
1.172409268772657676e+01
1.131615719543526488e+01
1.390287790009243274e+01
9.771306569467490988e+00
9.052302085445681712e+00
9.855385726780276912e+00
9.698783042591564652e+00
9.611846635827806296e+00
9.297536144648580247e+00
1.422561691390655803e+01
1.121458675517041570e+01
9.932387664847997399e+00
1.179354130905602105e+01
9.855385726780276912e+00
1.051636245031963135e+01
1.426789889279480406e+01
9.309022773025205311e+00
9.073147059163455097e+00
1.003655065338808150e+01
9.408209043240750802e+00
9.459393734702176815e+00
9.855385726780276912e+00
9.902340347255899289e+00
1.002458656377685209e+01
9.990193559643449461e+00
1.009403518510629638e+01
9.562218158063405582e+00
9.211793978952426798e+00
1.404034709028977268e+01
1.123453290081436862e+01
1.002286632779882503e+01
9.817421581464953917e+00
1.410197993371325609e+01
9.244372061612173397e+00
1.157163978660094728e+01
9.167791410299571453e+00
1.112935996211306566e+01
1.048292116836297794e+01
9.855385726780276912e+00
9.909311140101689119e+00
1.002286632779882503e+01
1.111685960192734512e+01
9.681295257157250589e+00
1.008561706064671704e+01
1.147187223913424248e+01
9.666610653820734811e+00
9.916416223650141859e+00
9.916416223650141859e+00
1.028686542531303161e+01
1.004314787656641172e+01
9.190594516291371363e+00
1.002458656377685209e+01
9.841309850386034341e+00
1.166134195487868652e+01
9.936381734482040429e+00
9.818728185119422136e+00
1.147081269341721566e+01
1.012070025729756217e+01
1.121441638352972170e+01
1.015506568197615955e+01
1.416301043058312104e+01
9.905526916331131915e+00
1.009403518510629638e+01
9.341952394382373015e+00
1.002458656377685209e+01
9.188193955076473074e+00
1.147081269341721566e+01
1.147187223913424248e+01
1.386444441497338786e+01
1.133584876039228284e+01
9.916530497111258668e+00
1.390028468496271152e+01
9.987158605753949203e+00
9.913854756383326361e+00
1.384184740322256779e+01
1.031508027520494508e+01
1.009403518510629638e+01
9.215791448498274363e+00
1.142714727464032265e+01
1.036065066280203339e+01
1.414235830845922948e+01
1.402070307055735832e+01
9.219148422145281074e+00
1.422561691390655803e+01
9.974465414009229036e+00
9.855385726780276912e+00
1.390287790009243274e+01
9.192280613900740249e+00
1.157163978660094728e+01
1.040074700067032509e+01
9.398363237832311867e+00
9.256146804193189581e+00
1.002458656377685209e+01
1.400080105811533393e+01
9.990781474312871779e+00
1.017291593522433679e+01
9.153465901376495850e+00
9.181475494341542642e+00
9.314901222741552189e+00
9.398363237832311867e+00
1.123453290081436862e+01
9.902340347255899289e+00
1.055369182995777777e+01
1.016030223235259200e+01
1.117689058888930909e+01
1.025598536268996774e+01
9.841309850386034341e+00
1.406082652364909791e+01
1.115355625830055075e+01
9.738861456839890351e+00
1.141144100380598125e+01
1.397968097689165567e+01
9.909630880048025503e+00
9.905526916331131915e+00
9.353950815596656199e+00
9.420656684105335188e+00
1.021546248413971547e+01
1.408104847614137789e+01
9.079709478484577545e+00
9.978907796862173996e+00
1.172409268772657676e+01
9.905526916331131915e+00
9.968123034769632795e+00
1.119386740813485659e+01
1.418377073491811835e+01
1.013262264887250197e+01
1.007605359143832757e+01
9.855385726780276912e+00
1.039056825004784024e+01
9.611846635827806296e+00
9.298483985459512269e+00
1.123491444278720230e+01
9.610126399849779233e+00
9.503676295701096066e+00
9.916416223650141859e+00
9.905526916331131915e+00
9.637688375981239730e+00
1.166134195487868652e+01
1.160503304028085658e+01
9.226124985705927983e+00
1.140978219654735071e+01
1.018840880492530765e+01
1.147081269341721566e+01
9.961835830928961855e+00
9.966557413200996862e+00
1.143836758078961502e+01
9.610126399849779233e+00
9.681295257157250589e+00
1.012888398071414464e+01
1.121441638352972170e+01
1.023146811306846793e+01
1.013262264887250197e+01
1.166134195487868652e+01
9.549095902979916062e+00
9.274801298878681877e+00
1.376539780655202527e+01
9.459393734702176815e+00
9.905526916331131915e+00
1.400080105811533393e+01
1.416301043058312104e+01
1.113426385854490164e+01
9.492786988382086122e+00
9.624533906901472591e+00
9.742325754027113760e+00
9.211793978952426798e+00
9.446017128597974377e+00
9.650601612403425733e+00
9.710276072597626040e+00
9.742078516376684760e+00
9.666610653820734811e+00
9.718379695661090167e+00
1.408104847614137789e+01
1.149939807765947997e+01
9.738861456839890351e+00
1.370915173604150539e+01
1.123453290081436862e+01
9.811103165781357660e+00
1.391997468364430368e+01
9.272824475822289969e+00
1.002712380476431697e+01
9.919831589576608266e+00
9.387152025760709506e+00
1.384538431546233461e+01
9.146890738571531898e+00
9.273556916358813851e+00
9.818728185119422136e+00
9.905526916331131915e+00
9.611846635827806296e+00
9.911423168078355772e+00
9.615668900390854645e+00
9.729667948446040882e+00
1.009403518510629638e+01
9.913854756383326361e+00
1.406078361575529634e+01
9.397159573583811820e+00
1.002458656377685209e+01
1.129594493965706548e+01
9.473420849425290058e+00
9.398363237832311867e+00
9.841309850386034341e+00
9.757697688249557189e+00
9.666610653820734811e+00
9.961835830928961855e+00
1.414360898051564241e+01
9.213356384886719042e+00
1.006053468488588720e+01
9.398363237832311867e+00
1.002458656377685209e+01
1.032610083718458505e+01
1.000906715631628963e+01
1.402070307055735832e+01
9.855385726780276912e+00
1.041463467756596373e+01
1.406078361575529634e+01
9.951329595563807473e+00
1.402070307055735832e+01
1.009403518510629638e+01
1.036070784218098595e+01
1.390287790009243274e+01
9.833396612054380981e+00
1.377018223291137033e+01
1.160503304028085658e+01
9.926464811045894621e+00
1.402001797927151294e+01
9.818728185119422136e+00
9.757697688249557189e+00
9.207287865121072556e+00
9.252868776150911856e+00
1.015506568197615955e+01
1.391997468364430368e+01
9.339323702805522487e+00
1.420686839592494088e+01
1.008561706064671704e+01
9.993418161717862347e+00
1.049117155143750857e+01
9.387152025760709506e+00
1.418377073491811835e+01
1.111586009201944414e+01
1.398100518051416863e+01
1.404034709028977268e+01
1.040615808966690814e+01
1.018173075416742712e+01
1.396131518183257647e+01
9.799501186553973398e+00
9.499455396694667542e+00
1.135478474718623154e+01
1.172409268772657676e+01
9.681295257157250589e+00
9.528309979304522059e+00
1.002092942754541305e+01
