-1.001427875183241945e+00
2.208206189126991070e-01
-9.551816194742913657e-01
4.277938723195279930e-02
-1.896524532345224834e-01
-7.913189170017137508e-01
5.519620717439377433e-01
-1.883165079814732024e-01
2.236947291330816601e+00
-2.010962946710048715e+00
-3.517804082800863874e-01
-4.080532030882968453e-01
1.551010552722001501e+00
-8.467512092135975887e-01
-3.336095701951009018e-01
-6.272653070447848922e-01
-7.163683197242962652e-01
-6.075682079739728320e-02
-2.058039555111486063e-01
-1.092152572458188198e+00
8.172251095383568087e-01
-6.481744573898069461e-01
-8.844058388220824574e-01
-1.361828900454737257e+00
-3.899221777376589149e-01
-9.838094339966022561e-01
-9.069079429166252426e-01
2.835475293416467868e-01
5.218371887556823019e-01
-5.598533914256007687e-02
-5.803256020794409498e-01
-8.349788984991534102e-01
1.456679384960123613e+00
6.549865451905451108e-02
1.245437019041351762e-01
-3.036631375783286346e-01
1.560181398730879465e+00
-1.251682639713076473e+00
-1.182431794713873163e+00
1.318138271037682330e+00
-1.329849141348641073e+00
1.414699184367065599e-01
-1.786441389588783846e+00
1.380995557646543491e-02
-1.044368497909078153e+00
3.900270822041173591e-01
1.096540791399825965e+00
2.409346230277337464e-01
-1.175610578749128748e-01
-6.495690026844440634e-01
-5.189381695117660787e-01
-4.897552378511550453e-01
-6.407451412722118267e-01
-1.740519541263178649e+00
2.316913101347724269e-01
-3.157345889469816425e-01
1.715007580006716603e+00
-1.223615403584557670e+00
5.820551890880681922e-01
-8.256443108803498410e-01
1.135001859733777707e-01
-5.554744927008234967e-01
-9.426840330436894178e-01
2.871277134448161350e-01
1.452378458606541800e+00
-1.311676523140833828e+00
-2.232980221981586688e-01
-7.355062192714245661e-02
-1.974809070055563720e-01
7.337998603315972757e-01
5.974891154655905812e-01
-7.789702807967165965e-01
-1.769270386006248919e-01
1.459407071865624350e-01
-4.823661064768414164e-01
-1.230364427260737248e+00
-1.457322592307047859e+00
7.260494162463294598e-01
1.046738642973876088e+00
4.973188657333331153e-01
3.291037034617933621e+00
3.845471875148037677e-01
-5.510712015238962147e-01
5.397012577800583966e-01
-4.055481346903541118e-01
1.023374416400278042e+00
1.919675748921924940e+00
-8.813568695104042616e-01
-7.732420039291785230e-01
6.329661264074526450e-01
1.675314595850505572e-01
-8.179172713485129975e-01
-2.535943162486128943e-01
4.767188132776701281e-01
-1.731878326807176904e-01
-1.459448196969140410e+00
1.220338684688861752e+00
2.352649932114323494e-01
7.585231654935199463e-01
-2.013495966352559119e+00
-7.553082078923146758e-01
1.444838414625757794e+00
-1.218254336003162575e+00
2.369606041405943053e-01
-3.074816185482209807e-01
6.192169770606463786e-01
-2.767449037616511731e-01
-5.639601267024514364e-01
1.557516806645385055e+00
-1.827384651489420309e+00
4.045294017372971229e-01
-3.656234509225601559e-01
-1.434435898082514260e+00
2.312204228110490700e-01
-7.151253900708154365e-01
8.919718405216205959e-01
-3.508123747088246480e-01
-6.304685798266859154e-01
2.640443808056618380e-01
-1.688777835558357143e-01
5.866524004053443875e-01
-1.366300908680899928e+00
-1.324773196539010822e+00
-4.831108970057530760e-02
4.655800117783784331e-01
-1.193450485445212594e+00
1.441155900719249261e-01
3.005452280950495214e-01
1.151293341762386069e+00
-1.859933941369428023e+00
-1.609975542397455162e-01
-1.370877453235686515e-02
4.937952273903462586e-01
-7.394451172341389711e-01
-2.645126160665323828e-02
2.032074917934037828e+00
1.688990847180763810e-01
5.126016467126016662e-01
-1.517865232827613209e+00
1.971429530646220396e-01
-9.553875996477696475e-01
1.855510876490369110e-01
-2.228251545365515618e+00
-3.455449967537222999e-01
-1.194056713978442152e+00
-3.009772539014032855e-01
-7.554177816045757332e-01
-6.246207516437777239e-03
-6.225653577863758670e-02
2.765307600864775894e-01
-1.428561818478913725e+00
1.399002614583660931e+00
-3.819308264162778466e-01
4.775208075267304841e-01
3.171264621933918004e-01
-2.148675782434598669e-01
-1.571609697758129531e+00
-2.771757002156607572e-02
-7.796894520040548171e-01
-1.421578996131224182e+00
3.422475242019464847e-01
7.494279593631388847e-01
-1.040031505044808346e+00
-6.203822768364611884e-01
1.271875607530588814e+00
3.679649096860401758e-01
-7.419401957558563465e-01
-1.610951778378431731e+00
-7.377901774762944953e-01
-6.700172482330906121e-01
-5.190868226835646526e-01
-3.897358338531656807e-01
1.175959686923441661e+00
1.553059400623933439e-01
-9.529417204949768294e-01
-2.150068512819827582e+00
-4.082153520087705156e-01
-7.500012486151549362e-01
-9.040080525010786294e-01
9.811203496107513411e-01
7.340569492581142663e-01
-9.254577682340027200e-01
-3.366886660385879915e-01
-5.014358804018643756e-01
-7.679708205327806514e-01
-3.284129498268570369e-01
-3.785543530331155204e-01
3.436451921388801178e-01
1.218024785061440740e+00
-3.184158243635170638e-01
3.021191627123568368e-01
-2.563308367803094900e-01
-5.177734818486987578e-01
-6.126460255751465800e-01
-1.493736062038469314e-01
-6.167737361437150012e-01
1.312867547165230242e+00
8.777357165385395454e-01
-3.845116759224336822e-01
2.120517785355805762e-01
-3.815650697738498520e-01
-4.273064731118762505e-01
6.165949902811682093e-02
-6.900151119304120950e-01
-1.424597997256507875e-01
5.655763752165191560e-01
3.114057584652558663e-01
1.373596154198860164e+00
1.294152498555893871e+00
6.437135134867134623e-01
-1.304413771045530301e-01
9.385348817065941596e-01
4.738456748927552531e-01
-2.742357628880535136e-01
4.367058402503761205e-01
-1.325726209794887644e+00
2.731466768833425429e-01
-1.298876926576159052e+00
1.229531272402424324e+00
-7.328363460741160740e-01
-9.008221820550810222e-01
4.745369711742163377e-01
-2.205262021420010266e-01
-4.978374925372822113e-01
-4.489445166404198995e-01
4.583114096364380718e-01
-2.531241822827883792e-01
-6.416427463469843717e-01
-2.312809224065681124e-01
4.642860769642357388e-01
6.147253790961244579e-01
8.402977521511315051e-02
6.644736524987263637e-01
-1.710472438512055771e+00
-1.408642199054072952e+00
-1.014537794373952861e+00
-1.314038664180429139e-01
-1.896312774648846733e-01
-4.217589400457693039e-01
-1.119319708898589422e-01
6.382911202295871167e-01
6.816352761569830498e-01
-3.568335094933107188e-01
6.582917653296595402e-03
-1.036384406333163755e+00
-5.584146597161457892e-01
-2.441301205288672005e+00
-1.492086572369881070e+00
-7.114651647080086905e-01
-8.192141585444628893e-01
-1.341787577791988095e+00
8.915272640780463886e-01
-2.437336607901920138e-01
1.061211426961533810e+00
-1.386575881125936271e-01
6.166216630071196247e-01
-3.378203116802990791e-01
-9.050149774603175601e-01
-6.416070700797128490e-01
4.055734085569298597e-01
5.468499523026476572e-01
-1.600697420071575117e+00
-1.428719591434096214e+00
-9.300261594165474266e-01
-6.224216900390644458e-01
-4.915926809061283986e-01
-1.136161827349351228e+00
-2.901417009872910291e-01
-6.397859445767147824e-01
-1.031062390392917250e+00
1.090472508730120804e+00
2.480418682638924344e-01
-3.816931182100398723e-01
-2.636062777522740763e-01
5.951162415445723775e-02
-7.092174970850558813e-01
-8.569408096722201940e-01
-5.375250404369001644e-02
7.608547973990701374e-01
-3.919057891989331521e-01
-1.574384376518451478e-01
2.826432024342616645e-01
-9.526841083348597250e-02
-1.049365600965092682e+00
1.167330514148138709e+00
-1.736647050754052790e+00
-4.656369640048038661e-01
-1.110259928664719897e+00
-1.411472443472803873e+00
-4.251849615232308199e-01
1.431078416537953091e+00
-1.437940534369545054e+00
-8.574878838654244051e-01
-2.476266918055154698e-01
2.450435167005548531e-01
-1.267865230382077789e-02
-9.669965227011013686e-01
5.469969097157418442e-02
-5.556093921340927722e-01
-3.732015049203178947e-01
8.544542633938718990e-02
-2.227523365232040795e-02
6.940415572966776026e-01
-2.685257787260598050e+00
3.252598553929076375e-01
-1.793222689158867622e-01
-1.823723903773276644e+00
-4.315611327977476042e-01
-1.862115258279791186e-01
5.806405306241795294e-01
-1.174579049454783863e+00
5.356258047898312391e-01
-2.124733201448917586e-01
1.442953151775755671e+00
-4.864097484528326909e-01
1.020694498103350112e+00
-7.642171963632651277e-01
4.032077715803577544e-01
-3.970093325866277945e-01
-6.145137611316463522e-01
8.614310168833799741e-01
-4.199024401025964748e-01
-4.421992916251590855e-01
7.015203207080918935e-01
-9.584275205199092040e-01
1.513766206461561792e+00
4.441209247242625113e-01
-3.271357987067248785e-01
8.601412922271278738e-02
1.205453552141136031e+00
9.760429307731900428e-01
4.624255600225917195e-01
7.502070605556334648e-01
5.936610377968363217e-01
-3.146582091114328850e-01
-3.138509076134446962e-01
1.868725813583927975e+00
-9.210198513943252951e-01
1.123263175976293438e+00
1.260052832633098641e+00
6.692810506238485724e-01
2.642879457820067057e-01
-1.558802497493587125e-01
-9.549920510485515601e-01
-4.320223453020758386e-01
-5.260362504846350928e-01
-1.429191907613600321e-01
-5.628046699465337754e-01
-1.368113513898200573e+00
3.040040052487984479e-01
8.278609375677288273e-01
-3.811433657509711859e-01
-1.737580676615670811e-02
-3.372469130790306524e-01
-7.706457548366230093e-01
-3.777239190634346100e-01
4.166332018093191203e-02
-5.365551602673773735e-01
-1.322871337838755545e+00
1.614514230033197162e+00
-1.612553063834784473e+00
4.361118803221490925e-01
-8.103544239084320422e-01
1.713832660694950771e+00
3.201650538299551929e-01
-1.627294518989701677e+00
1.152797461775757704e+00
1.461088226915802535e+00
-2.554491738688697833e+00
-5.889353550793334779e-01
6.012492606203359014e-01
-1.012104645905261613e+00
6.868602207482805699e-01
-8.535988831696537105e-01
1.216139854129904885e+00
-1.096001534719658110e+00
7.577332722732453563e-02
-1.350344264964105756e+00
-3.617269542931193516e-01
2.830454080756825141e-01
9.824906908002611905e-02
4.904619117623856273e-01
-1.662591670524747878e+00
-6.582594445546383621e-01
2.478922505539188914e-01
6.915279251619645962e-01
-1.484337606338369087e+00
-2.035895160241981416e-01
1.155271361096505744e+00
-1.959614563655977526e-01
3.106429952677652317e-01
-1.165194510071532630e+00
-1.886675575983124201e-02
-2.804474526692567249e+00
-1.783147154773524923e+00
-1.834778841098589464e+00
-1.514057892844096864e+00
-1.478513475796334298e+00
-6.998021707281111281e-01
-1.133316654806052926e+00
-1.525213512049271136e+00
-1.555272393399085518e+00
-5.893446191897804276e-01
-4.280474753144468680e-01
-2.296958073014076618e+00
-6.077944047623977664e-01
5.153280236377473233e-01
-1.080466492799647238e+00
-3.565418052908491120e-01
-2.330926787383126308e-01
1.993358657174585380e-01
5.953638257093395447e-01
1.400576762499836647e-01
8.238186514270203764e-01
9.756072508877537963e-01
1.084023378272001570e-01
1.194943403765855311e-01
-7.136275733040491065e-02
-8.019613742962121705e-01
-1.303042011960476643e+00
5.316755631295150275e-01
2.160394551333141289e-01
-8.708681426294727634e-01
-1.594306276702754266e+00
1.322594063094634786e-01
-1.671832127843214666e-01
3.812513216601903787e-02
1.800715000664695697e+00
4.092715897264388447e-01
-6.665270344776549338e-01
3.171343266397291250e-01
-7.980590132922731339e-01
-3.694567186025781158e-01
-1.040177030440510991e-01
-6.861852106490231584e-01
1.085586712139793297e+00
