-1.952940551061646435e+00
-9.826530391774739304e-01
-1.260200017244916593e+00
5.662970275985466095e-01
-1.098525584052297610e+00
-1.004279000691211010e+00
-1.835763517415229362e+00
2.725334536204283342e+00
1.910867952977462814e+00
-7.887265678671450120e-01
2.101888088353900841e+00
1.504139573042122535e-01
-3.930115370265851449e-01
-2.230800268623335247e-01
-7.072105832783793788e-01
-1.025055544397621476e+00
-4.202695072578798152e-01
1.754205298863114271e+00
-1.520267188756627919e+00
1.849088556072556733e-01
-1.587575020476458265e+00
1.140998299383356507e+00
1.574304440584376463e+00
3.414291905309982389e-01
3.810768323815930114e-01
8.451839961494553854e-01
-6.182376923428604121e-01
-1.073300102472380529e-01
7.332199679872579701e-01
5.576096041793006108e-01
3.089124118972627620e-01
1.769773018203428805e-01
-8.987898815065228364e-01
6.128245497400207631e-01
-4.533323922033768438e-01
6.917716576585065946e-02
8.976427765898813416e-01
4.314268862419907147e-01
2.853787660402779536e-01
1.634237068031961337e+00
-1.060221484172445994e+00
9.717496119944471489e-02
-3.024840485386963707e-01
-5.036501469224706762e-01
-3.610364477513637316e-01
1.402667846140524532e-01
-7.789294259691061928e-01
-9.920856533341805561e-02
-1.159964411691168040e+00
-1.271128819053285897e+00
4.045274848072996088e-01
3.841281177301168470e-01
-1.573794503134349765e-01
-8.620045951796467820e-01
-1.076891145970640534e-01
5.173807003794309578e-01
-1.123991281695548190e-02
-4.153836933366806261e-01
-5.891394605092243886e-01
-5.375012535261561863e-01
-1.065594706606597386e+00
8.559328685876342602e-02
3.346453288099703327e-01
9.631371978210019336e-01
1.865644771057088258e+00
-6.550728832047549854e-01
1.002267578757897404e+00
2.740879829938033030e+00
-2.905952251991707480e-01
4.331893142582203260e-01
4.694883573719362824e-01
-5.954296134983706468e-01
8.528976349183844397e-01
-5.231677805752132926e-01
-4.164154441860371536e-01
2.212729688334101608e-01
-2.352349949440414034e-01
1.587374706780077194e+00
7.992848809894950168e-01
-5.531640175709272578e-01
2.187425651784786762e-01
1.591799102128463650e+00
-2.060954547001295212e-01
1.334644691265525873e+00
6.348639523413840413e-01
1.522068096893841815e+00
-1.358308888806840420e+00
-1.452737998774422445e+00
2.242293523574101222e-01
1.319507930478235114e+00
-2.014941234526161362e-01
-1.952456301042614084e-02
-7.933236258423973508e-01
1.026705867890025825e+00
-7.719435899559311531e-01
6.942495238861030593e-01
1.410998952050147137e+00
-1.736284874836595105e+00
-3.686768260888489412e-01
-2.140165364216097377e+00
1.555105610203440847e+00
1.122994042450964486e-01
-1.038578923001478721e-01
3.204072531697659265e-01
8.767605527004616039e-01
6.757557460588038412e-01
5.143993089697496135e-01
-8.735305558197045128e-01
2.217685926246597994e+00
-7.044269650642768221e-01
-2.279883156296514279e+00
8.118308606601575272e-01
-2.949664835002367980e-01
-5.821672997491992296e-01
-3.980644573483193560e-01
1.398612803052958764e-01
6.404425724130607955e-01
-1.373646382869097571e-01
-3.553264738233797848e-01
-1.987178301770818056e-01
5.716457162496781930e-01
9.197342361033845615e-01
2.653834861166538328e+00
-4.212542172587604439e-01
-4.787361573320452757e-01
6.800117361190928245e-01
9.423585372969366381e-01
1.536592570093959775e+00
4.940664089141527660e-01
-5.511891707976498411e-01
1.452355139738448875e+00
6.227845221090737571e-01
6.978480185926702051e-01
8.657112415775872760e-01
4.263040892880889388e-01
-1.147136192220279821e-01
-6.733912381016959880e-01
-2.698850092376041121e-01
-1.806238682625549652e+00
-1.027817799393828002e+00
-4.581316981729033344e+00
5.630873618836111927e-01
7.723781331853899479e-01
1.790193666086059843e-01
2.947125844888633384e-01
-1.149090274730081518e+00
-2.528951796514465333e-01
1.099877333255057099e+00
-5.328331852412762082e-01
-1.065120062851076410e+00
-8.681671465105691987e-02
-8.073650983298589212e-01
1.491995469632524107e-01
8.958114657971929518e-01
-7.957910129540647637e-02
-7.888529441662668340e-01
-2.940791021639729275e-01
4.590271119325165516e-01
-4.414984459244656878e-01
-1.937626753511641209e-01
-1.882849316181826493e+00
-5.336393703766009189e-01
-2.057774524419231810e+00
2.159238159031055204e+00
-3.218246432998824180e-01
8.459848990383939116e-01
6.239521412971663766e-02
-6.807884144397918780e-01
-3.060115921303113162e-01
3.213988332442043183e-01
-5.414321203679612893e-01
8.082400240932515745e-01
1.060730557794565820e+00
6.663551509814557017e-01
1.460701475979715447e-01
-7.567112169292339319e-01
-1.795279132133354993e-01
6.555397768855556473e-01
1.647286064135788930e-01
-2.106748697214145594e+00
7.270624556491311896e-01
1.150430815698851417e+00
-1.269150376767251009e-01
4.816390400715524489e-01
1.871643036106377611e+00
-1.839572518543524104e-01
-4.092845247875658288e-01
1.748883811364281948e+00
-7.237144804083860405e-01
5.178074456122637725e-01
2.001804779754369212e-01
-2.725619174516533683e-01
-3.099085049739503939e-01
1.532058774213922447e+00
1.181439281225365123e+00
-1.169248629495866776e-01
-1.465211469971147151e+00
-6.771775477659343068e-01
-1.695735023994737523e+00
1.582394648296441275e+00
6.996525987236237309e-01
-1.629565773262244166e+00
5.215171394648585729e-02
6.638181906935532173e-02
9.277544092400037412e-01
-1.141804014732673789e+00
8.914850909064072626e-01
-3.307813876821087962e-01
1.669020295950974120e+00
5.330699406052038514e-01
7.395731337047565246e-01
4.520426318598882998e-01
3.569092724228006275e-01
1.148882959413764393e+00
7.909601935282317697e-01
2.076471885646747229e+00
1.832456624542203150e+00
3.557733265519151533e-02
-2.171516313392341524e-01
1.045512534033320451e-01
1.700598478147207285e-02
-1.464999599220849769e+00
1.098102862355001319e+00
-1.138938256703449614e+00
1.521098856003213706e+00
-8.078185910548660864e-01
-2.308353356305224702e-01
-5.394354988262948236e-01
1.189484718425482396e-01
3.293153179853247070e-01
5.509371078380536080e-01
8.357350113180566087e-01
6.709620966363953887e-01
7.355206220201135903e-01
1.279244427309766063e+00
-7.548488419948133632e-02
-1.098752796082839822e+00
-8.414940921106623950e-01
-2.077944296061844942e-01
1.457797195274637359e+00
-9.923630294146580377e-01
-2.488084901663148996e-01
7.119835638562278524e-01
4.283344385406633315e+00
-1.828893967735392145e+00
-1.553207593521369057e-01
-2.021813724818393720e-01
1.287077053267293492e+00
8.398301085471592264e-01
-5.356956344616645715e-01
2.169861643921412730e-02
-6.918154449690760988e-01
9.735603331333718691e-01
-6.025586135444322977e-01
-1.787478273670397133e+00
6.599774466259196171e-01
-6.973022520101492816e-01
-1.996499060321332397e+00
2.733878494298029871e+00
1.219631471052285976e+00
8.410319069409957216e-01
1.484470400182896999e+00
1.320562729480184438e-01
-4.156202803866351769e-01
-5.601666822551458758e-01
1.165460571655392741e+00
-6.269257407012728267e-01
-1.567388456719039480e+00
3.810758435252917242e-01
1.507759368738999184e+00
-9.344770707574650004e-01
2.879852930078868334e-01
7.011439814274905702e-01
1.195358990613308414e+00
-7.611402619090793520e-01
-7.701759952831157552e-01
4.837848318624886623e-01
-5.506604613540537763e-01
1.266932980490136362e+00
1.594968020067656644e-01
3.912812329598519545e-02
1.025802372142746721e+00
-3.667368380253026028e-01
-3.505774406409648686e-03
1.850625045226433452e+00
1.468072456949728988e+00
-1.393492522485674900e+00
-2.093178718208414668e-01
-5.339606402363969995e-01
7.873968267673859822e-01
-8.761916219352684498e-01
-4.969461436662538090e-02
5.655188475667496384e-01
-1.837060588427591679e+00
-2.427028137739360436e-01
-4.783002076263730973e-01
-1.378720044981559756e+00
3.193712269210393639e+00
6.712427492046031396e-01
1.471059866528112992e-01
-3.099602700377621090e-01
1.541696111423512816e-01
1.354957631647124017e-01
2.546260079181465130e+00
-7.203923741980250428e-01
1.030239103958586977e+00
1.138692693544029577e+00
5.124225655152073733e-01
2.535039370640654433e+00
-4.339990977420372098e-01
5.572768595844795891e-01
1.802068715476989880e+00
3.156638272590166494e-01
3.518578311360310851e-01
1.370887456963420403e+00
-4.456503838349636926e-01
-1.634336045579991348e+00
4.727340543987502142e-01
8.718189287453353975e-01
5.021086739098357121e-01
-2.023617435054803071e+00
-1.078602403607031857e+00
3.862153861164266400e-01
-1.041582038111741770e+00
8.718416445815264648e-01
-6.252259790123230188e-01
1.110906470242672306e+00
-7.974269498626893604e-01
-3.130675814578922078e-01
-2.143924439960411821e+00
6.898802319621805124e-01
-6.387083463075968748e-01
1.096786069647200934e+00
7.784130329510434709e-01
-1.186122384622106285e+00
8.326647614455250368e-01
-4.610230754860587532e-01
9.715108366292715125e-01
-7.942737460134405847e-01
8.774165469936834327e-01
6.220538885005389984e-01
-1.574167219208830737e-01
9.583109989109683813e-01
3.978517351315541961e-01
-1.377184624058578999e+00
6.355671935373244930e-01
-1.344518894537256593e+00
2.425225523472571698e+00
1.006103237480954066e-01
8.435536502473083287e-01
1.144940365325757492e+00
7.765838246515852639e-01
4.144925240787984411e-01
9.526891524728181571e-01
-1.996411398669298620e+00
7.021846327565108847e-01
1.305749649742390828e+00
1.477555926409593323e-01
-7.795282222402882821e-01
6.292224737977871740e-01
-8.036655230151724671e-01
1.394151569655883049e+00
-4.743011530249199303e-01
1.734571605652564186e+00
7.478658398010028518e-01
7.694408356062768517e-01
1.868786229776113972e+00
5.871437459228935341e-01
2.605760825125296609e+00
-6.605726627188800437e-01
2.205541988345454396e-01
1.303741080442395672e+00
2.973362671109814892e-01
-1.196528238430596192e+00
5.408195357236411649e-01
1.048569658600673193e+00
3.515003547527852934e-01
7.610188062286593613e-01
-6.276362854252526269e-01
-2.335098101857234543e+00
-5.973179415528591107e-01
9.772568579405410683e-01
-1.457203001783229146e+00
-1.438591113089722651e+00
-1.039989582421997572e+00
-3.212534622908411741e-01
1.518077857619089199e+00
-1.096231961650190767e+00
-4.841436804138375960e-01
-1.240393661578922613e+00
1.370613068633138809e+00
-4.075452200764204114e-01
8.382199043431456387e-01
-2.176524564683635643e-01
-1.378020584336608678e+00
-3.481513626518601412e-01
6.584905477690136122e-01
-1.321320898643703057e+00
2.153683562056808221e+00
1.509483265709224753e+00
-5.556872563608374893e-01
7.618599038608687701e-01
-3.589318894287028133e-02
1.176233332398913145e+00
-1.366045845916733226e-01
1.438980013981140615e+00
1.041486784870214954e+00
-1.738270248027038889e+00
-6.444857816103254367e-01
2.516039586764547975e-01
-2.525884360159634801e-01
6.763679792139511981e-01
-1.325056375594797498e+00
9.588861746880544823e-01
-3.666803966177089036e-01
6.489359372944242255e-01
2.682122006665914604e-01
3.136578694709778237e+00
7.108609667294708556e-01
-1.253189063252461433e-01
-2.581877412223426704e-01
1.710350738143113114e+00
-5.501427843225654701e-01
-1.424168096812746809e+00
1.503362231116641023e+00
8.298509286923241302e-01
1.374169473058458157e+00
-7.942726731439483934e-02
9.931123103356092052e-01
-2.710800937044842152e-01
-5.617840856428106822e-01
-5.157314501243227822e-02
-9.149149190681916954e-03
4.311889103980467985e-01
-9.870592050781114013e-01
4.590883963962345549e-01
