-2.918906558298911547e-01
2.711198748271434478e-02
1.731898908528836656e-01
2.668400341330118275e-01
-9.783738203886825913e-01
-2.726061746718392853e-01
1.138518432431310456e+00
1.705529176719091877e+00
2.119996492114853692e-01
-3.962412962006588990e-01
1.516371802436161098e-01
-3.352790427183813260e-01
-9.700541482035097696e-01
-1.040666510869777128e-01
-1.546547915181604484e-02
-6.077678421860328584e-01
1.687842822516574470e+00
1.767252417418287147e-01
9.608044321045564606e-01
6.737899336090652502e-01
9.148638483307752756e-01
9.237498095331300174e-01
2.293991935693669246e-03
-4.936243196187422577e-01
-4.435377567717909697e-01
6.042133683824868484e-01
-7.014963258106274857e-01
3.517136718805193296e-01
1.128917721691675036e+00
1.714257507065566899e-01
-7.992027992644668011e-01
-4.083910391450322752e-01
4.943732210788660542e-01
1.656206000373439818e-02
6.866911713303590625e-01
5.891787159665199392e-01
-1.358129834288118287e+00
7.164312617934963379e-02
-6.426800500967927432e-01
-5.509836292186115481e-01
-1.697972968684167694e-01
-3.488611442413305230e-01
-4.500412406187171976e-01
8.285827621869046311e-01
9.572074503823565506e-01
1.604177982901845156e-01
7.804191408006616593e-01
2.858299529200031275e-01
-1.879767617667098767e+00
-3.062140206620259097e-02
-1.828430466734761506e+00
3.927885407090888487e-02
1.382951262253893088e+00
-3.753723456039879114e+00
7.119508185185871585e-02
-2.137864013804777752e+00
1.151156721423342910e+00
-1.089395315208039117e+00
-4.766278484232530643e-01
-3.563526660803153501e-01
1.299563462056135266e-01
1.820490273559350891e+00
2.923185804325321713e-01
8.606619293170457430e-02
1.145285078808844892e+00
3.572944577524870269e-01
1.109255616175081283e+00
7.630708483304738943e-01
-1.584517917432164413e-01
1.166445299233571209e+00
-2.650128983364111734e-01
-2.498840989774952226e-01
-1.316669857214702588e-01
2.045096868820394653e-01
7.346351827641234289e-01
-1.559250153511501369e-01
-1.566460493668024423e+00
3.226768980439321588e+00
1.567224210002813978e+00
8.460441676677390443e-01
-5.763400638798971132e-01
1.263976923485209625e+00
1.078307410481586404e+00
1.104433592659034014e-01
-5.098665792798487417e-02
3.334893374375094959e-03
-1.884102384043347067e+00
1.122885309357655848e+00
-4.646278552057210853e-01
6.429428002546121457e-01
7.954414601089236925e-01
-4.176800992374858357e-01
-6.188555439559407373e-02
-3.210273118041883506e-02
-4.861044395000376217e-01
4.612198542724387229e-01
-1.402090046159277792e-01
-1.608501349752716525e+00
-3.137863740236108701e-01
-3.590528559659086905e-01
-6.183351939707802947e-01
-1.033429845522282786e+00
7.274583455473593308e-01
2.706850993846827147e-01
1.316799529110922184e-01
4.102917750268925690e-01
-1.499485785527167048e+00
-1.039702320299358135e-01
-2.394819908982078471e-01
-5.454914440268362474e-01
5.517939575841935840e-01
-6.145439169130952894e-01
-2.921689871449776876e-01
3.437974447187487348e-01
-3.251320522578973055e-02
-1.947050400980897322e+00
5.926144219114904965e-01
1.446630470270431124e+00
-1.252770128525328763e+00
-2.099708781305713867e-01
4.838899751880630373e-01
3.120957899813906963e-02
1.343547002458083783e+00
3.155336847336741024e-01
-2.175192310680467978e-01
1.523818362287760186e-01
-1.212559803129030556e+00
-1.580591256122708010e+00
5.616104302041792506e-02
1.199569668453211779e+00
-2.606938863248315918e-01
6.961447986287565559e-01
-3.364327261468477714e-01
-2.889664945305413513e-01
5.530783473759824931e-01
-1.044194965030100342e+00
-1.519099151594378139e+00
-6.438615062712829684e-02
-1.422189862972949026e+00
-3.700032873609817585e-01
-5.802109665097402447e-01
-3.383110681856092428e-01
-1.854037675170957744e+00
1.563062222947428359e-02
6.203246119294303362e-01
-8.342324364096627143e-01
2.224870109056626521e+00
5.478585124704284937e-01
-1.643834247197943910e+00
-7.681758477600498791e-01
-4.203181887866390687e-01
-1.185846292950900827e+00
8.899629287413997059e-01
-1.947219344893263149e-01
-5.775633586339807835e-01
1.685664507893326336e-01
-9.825492810532651111e-01
1.872637610517114137e-01
-1.355618039416800480e-01
3.479839472911733789e-01
-1.105415805058534096e+00
-6.812879043654611610e-01
9.654124291825162407e-01
-5.430222416383901907e-01
-6.968090759825421032e-02
-5.728558010758407620e-02
2.128991908173628822e+00
-5.998078632567148682e-01
3.869571863085095043e-01
-8.874196573507542318e-02
9.764293170661706434e-01
-4.099366902035607163e-01
3.216161709566150995e-01
-1.129879499276411139e-02
3.772843367227987077e-01
-2.243942328333380365e-01
1.000268192361902120e+00
-9.013606625338759226e-01
-3.023182388056417369e-01
-4.322928525013808865e-01
1.141944942197314350e-01
1.151989211025443494e+00
4.095817178247546653e-01
6.653647409204372920e-01
-6.958225188625781765e-01
-1.257263768048155983e+00
-1.504654272515344726e-01
-3.838860716198502776e-01
6.255554500978394161e-01
2.477774024176591094e-01
3.370898226228172812e-01
-1.256825483010464706e-01
-6.021958327484188134e-01
-1.493168467584445568e-02
2.665353104881072799e+00
1.122180181921506703e+00
-1.495735372586026291e+00
-6.602350988138269150e-01
-1.229132020623526556e+00
-4.040143587939986070e-01
-6.725871040707572801e-01
1.491132094822432030e+00
5.110366018873648830e-01
2.241206038826435154e-01
8.052521168388162565e-01
2.241332624873494939e-01
-2.306167876450241072e-01
6.961870676488526311e-01
2.997495071213708284e-01
4.785947732499178375e-01
7.775046872438845513e-01
-9.681369524929098747e-01
2.656584743168011187e-01
6.856427098519045638e-01
7.621808575886307446e-01
-8.410027695681003834e-01
-4.183436686685275130e-01
-9.389525753635473704e-01
1.742705509902471028e-01
7.736701243246483228e-01
-9.504633509780825440e-01
3.165185579740236732e-01
1.335124857745149995e+00
1.552401980315770702e+00
1.736442226664595578e+00
6.002924537604791277e-01
1.643757611473989702e-02
-5.569089653154947195e-01
2.084968080634573617e+00
1.068051387104262284e+00
6.040615881091360162e-01
-4.134490704642066472e-01
-6.952271160570838715e-02
-1.690961274843782655e-03
-1.041475089123593989e+00
-6.882293576557102499e-01
-2.157964822035155772e-01
-2.833181274072542610e+00
-3.125907685525576296e-01
6.326825624201465326e-01
-1.437252165217343780e+00
1.333911772284657626e+00
4.128039565224548291e-01
1.458448516384496241e+00
-1.770520650244476191e-01
-1.109459769006096552e+00
8.488590010226648719e-01
-1.051205488095005469e+00
4.857287404451192669e-01
8.857146071475194837e-01
-1.206745454968760844e+00
6.809386290159046007e-02
-1.382620817816681558e-01
-2.859438167222420057e-01
7.026204146916653626e-01
-3.540308161986622792e-01
-1.218763823382908118e+00
7.869575220248156144e-01
-9.864093914237732630e-01
4.196641268194837848e-01
6.225242765978412640e-01
-5.032113378887532740e-01
-1.154722733190099326e+00
-4.856053968364087287e-02
5.996665373259166820e-01
-2.706444781463374083e-01
1.450750913970557887e+00
1.304365053527141827e+00
-3.477942539310727721e-01
1.971289509509877580e-01
-2.957657579799574665e-01
-2.596890191512428170e-01
-2.390305381383896199e-01
4.913249555025732684e-01
9.313505409769516907e-01
-6.624336748419508147e-01
1.800394965393156133e+00
1.042439024911951284e+00
-1.525678370866430544e+00
-3.925289109308964242e-01
3.338600951750619883e-01
5.133937559189618582e-01
5.610337532600025157e-02
-6.816839700394120571e-01
1.623365775020073065e-01
2.265727265860671746e+00
-4.642180175243124651e-01
-7.019262183236172348e-01
-8.907855873579574313e-01
-1.515445296239519957e+00
-1.608730833994575837e+00
1.005303800384429014e+00
1.624556161874509908e+00
8.378513257210877807e-01
-2.754250496473207854e-01
-7.316500937674839111e-01
2.613857166232931295e-01
-1.298035355291455861e-01
-2.530576265237644562e-01
-8.150406950005074647e-01
4.895087953083305243e-01
-3.289353727827451501e-01
1.253567849019364688e-01
-1.086902971020011099e+00
1.549449283198716942e-01
-8.430561540677130594e-01
1.778193918510768967e-01
1.551982204519262998e-01
6.657246326583821094e-03
-3.746182808083328153e-01
-1.192759164342708011e+00
6.651341127806233988e-01
9.204883479875445307e-01
-7.408663136555092565e-01
-1.965331195068678038e+00
1.111127077035104049e+00
-1.863343417478899311e-01
-6.536085384253318420e-01
5.213245602536292767e-01
3.685763519940360222e+00
2.542143644565056371e-02
-4.967699816291779036e-01
-1.035182230377743595e+00
-6.509043598873813785e-01
2.427519494029552194e-01
-7.247359115337169699e-01
7.779312430421430058e-01
-6.106815833663307158e-01
4.266706097251040664e-01
-7.882269250177310616e-01
-1.722800806055675871e+00
-1.928703376303714245e-01
1.414767391872569835e+00
9.991909649032563179e-01
-3.453919996232864276e-01
-3.461686122898169904e-01
1.151906886654243012e+00
-1.054423974809518549e+00
-7.267918233960318775e-01
1.299918063670048252e+00
8.646891233706156532e-01
6.786482117222701893e-01
-8.049698319387328382e-01
-8.064392687292030182e-01
-1.057179971534589064e-01
-5.305625435251654087e-02
-4.402798488997684001e-01
1.325253881800284805e+00
-2.505154485740467285e-01
1.510747362266931404e+00
1.588282052072817363e+00
-2.629690376510568361e-01
-2.195042022441593688e-01
-9.831240551079082346e-01
-2.010546078206528961e-02
1.135189825041276607e-02
1.774109669210242879e-02
-1.612101545835256777e+00
-1.128957453620565765e+00
3.599451021851573507e-01
-3.905624343429372480e+00
1.681664510017097935e+00
2.116614139499968170e-03
6.715470573249191499e-01
-6.103879063418792689e-02
1.170677224302101749e+00
-7.851845915934929643e-01
3.533644111586567771e+00
-1.249212587420090337e+00
3.750577310096608885e-02
4.261892795131824174e-01
-2.758755307817580271e-01
5.310666956830726315e-01
7.114135874234878143e-01
-6.087417701224161481e-01
1.532594272460546581e+00
-1.181698181572112399e-01
-8.623830809599229985e-01
-1.458415190005096507e-01
7.066576482870159381e-01
3.894503492979261572e-01
3.507671366867804452e-01
-7.587490869408203276e-01
7.930630118052645061e-01
2.803941032912999343e-01
8.367094268116916922e-01
1.040822864740829301e+00
-8.649286367995703273e-01
-5.099250007776819915e-01
7.285928609062071182e-01
-2.799942073409869558e-01
-6.157484561346652230e-01
2.632355585674546194e-01
-1.291216226150896595e+00
3.500477108035859181e-02
2.392925532474590722e-01
7.848466361346566333e-02
-8.519124452371103828e+00
-4.336791753300018315e-01
5.450843520465259440e-01
-6.683443525547615449e-01
-3.741902931972954788e-02
-9.946071655632694464e-01
7.759123159498523270e-01
6.628847172367917651e-01
2.238452212944627706e-01
-3.673041974739147397e-01
1.295140366186539937e+00
-2.072019582331392495e+00
3.331502382946889829e-01
4.984075791281561973e-01
6.725401168173029687e-01
1.359109414673275763e-02
7.003104771580127563e-01
-1.404531169458640871e+00
-1.301372643128239082e+00
-6.840620112915967166e-01
4.266813990847313082e-02
-7.567204453257055929e-01
1.106745699336239452e+00
6.658446464350041838e-01
1.371021248706949081e+00
-2.418209880199856110e-01
-2.784256977856346404e-01
-1.417513415919680886e-01
5.660361137544583920e-01
-9.205779717840041343e-01
9.522011731501872633e-01
-2.428787543553982409e-01
-1.945638573434425866e-01
-8.255246617874899551e-01
-3.120674274526159531e-01
-3.269944050471183805e-02
-7.217364391995449990e-01
-7.614256393827933955e-01
-1.281156242258083111e+00
