-2.400919171668468993e-02
3.430189889968298100e-01
1.937974895965952349e-01
1.133774994714724205e+00
-3.602140545068145960e-01
-2.382535435940381863e+00
4.412244951701069229e-01
-1.435445305462803578e+00
1.882725353684937764e+00
-3.413608248269108802e+00
-7.921393117799397920e-01
-1.075372309293698841e-01
-8.508679576273875389e-02
-3.569511781249080085e-01
1.999734135225784692e+00
3.453591214590888692e-01
-8.107811242106392757e-02
-1.868905742625218414e-01
-3.349924014864074984e+00
5.270641517480490618e-02
-2.125607473987008333e+00
1.310744621415317113e+00
-7.811616207521865363e-02
3.672467959884425509e-02
6.291762947804503681e-02
-9.781155991988363940e-01
-1.327738075081462688e+00
6.470158675510965240e-01
1.495796013570493965e-01
1.094641204690525393e+00
1.703106219200615362e-02
-2.615699690614456063e+00
4.581069251345113447e-01
1.176204308108021568e+00
-1.249250245447025565e-01
-7.045393215030105738e-01
6.968805545559592085e-01
-2.389204977451613310e-01
-2.883816305813227121e-01
1.352586023042741781e+00
-2.070506748076691661e+00
-1.171879742423221238e+00
-2.336362395056351904e+00
-1.992490838552404553e-01
1.314619578885313445e+00
-1.243480569519036238e-01
-2.668278954666694625e-01
5.812264208852406799e-01
-2.048314615790692628e+00
-1.273783818723490668e-01
-2.221535526841438291e+00
1.486777600310711822e+00
4.574805575574550365e-01
1.195698927731720929e+00
1.665152669962370879e-01
-1.128469391669568722e+00
3.379110701453378773e+00
-1.730648491067261485e-01
-6.819741510539785168e-01
-1.270070714276162693e+00
1.690351298835693683e+00
1.461071469922971544e-01
9.963851328147045328e-01
-9.829953652277456655e-01
-6.781149673148330337e-02
-6.665586911147741711e-01
-6.704257300488227767e-01
-1.302099063843031646e+00
-3.572813434684653622e+00
-4.529379608321887907e-01
1.300804041238859954e+00
-5.036307663262604706e-01
-8.557854333467589392e-01
3.132011032140860074e-01
-2.257086272746485975e-02
4.115719684717093485e-01
-1.477742554303489886e+00
-1.163020138641374102e+00
2.467471950956503235e-01
5.250230399131633474e-01
-3.308507757350964695e-01
1.008299612308464877e+00
-2.795036040659261145e-01
8.997813247778387868e-01
-1.867918894846366973e+00
5.877529783242083639e-01
-5.072081168004847207e-01
-1.667411261216173113e+00
-2.691456819692582547e-01
1.078540241686755552e+00
-6.148324104635485843e-02
-7.559767598618790663e-01
-6.386677717980516755e-01
4.151049635999276011e-01
1.577834633815156540e+00
-9.496846857196000746e-01
1.762696668354803542e+00
1.193355458540817482e+00
4.469111394287568206e-01
-2.221343357800865892e+00
-1.134825084719816690e+00
3.194688553201884829e-01
2.358695178525071767e-01
2.002648414241523511e+00
2.543023204995840114e-01
-6.426436041812082223e-02
-5.073778975644391842e-01
-7.279534180977452751e-01
2.387141802243027133e-01
-2.129349818213035761e-01
-4.184415282253780566e-01
-9.053722323781425441e-02
-3.478064316994804006e+00
-6.697015595509685504e-01
-7.897838500871630085e-01
1.163426333948925327e-02
6.905675059215106160e-01
-1.216562715988266596e+00
-7.843014429236200291e-01
7.750755391228691948e-01
-5.039650268751776352e-01
-1.023507833751488461e+00
3.641748772248296073e-01
4.731958811518811037e-01
4.947248562009813888e-01
-7.143920628764643954e-01
-9.419841565002842199e-01
-1.022015740791939686e+00
1.769970018803862954e+00
-9.408253580072395428e-01
-5.968307403232821218e-03
-4.748974391866628286e-01
1.853058081287846659e-01
-1.318389226963700755e+00
-8.123236359306212906e-01
1.067819841145182469e+00
-1.744190694080012261e-01
-2.923971775336657308e-01
-3.211630739322998807e+00
-6.647138836522911154e-01
-2.216486799649809158e-01
-3.512329260319403401e-01
-1.100530090251864657e+00
-4.020712013762269832e-01
4.230841403588937039e-02
-4.348912091898585741e-01
-4.202290697387722207e-01
5.852264407650981104e-01
2.067128052711353081e-01
-2.291293634114189848e-01
-1.876253574823606218e+00
-1.431472957957594105e-01
-6.833949907146783520e-01
-4.177989318040991051e-01
4.603400980722195668e-02
-7.527125240954958274e-01
4.926238632158165820e-01
-3.426568991174640533e-01
-6.757106397248979768e-01
2.377812295059533287e+00
-1.426304682924528722e+00
8.307921664085824442e-01
5.696453397376151084e-01
3.544978358929316009e-01
1.297822417144974816e-01
-4.914186344731512057e-01
-1.162155247932993740e+00
-1.370494442593730433e+00
-7.745865207807347552e-01
-8.034084183677500102e-01
-4.330715890822235958e-01
3.647548565433360590e-01
1.741574588295049519e+00
2.366714858564142432e+00
1.927996527901180701e-01
-1.278344378036230022e+00
-9.940059588280407699e-01
5.516778253820443512e-01
-3.570691566585971755e-01
2.109942194066082077e+00
-7.402624360848767404e-01
-7.790275213723398817e-01
-7.255575574686169427e-01
-5.323701714580149069e-01
-1.284631347401421042e+00
1.407887511129098101e-01
-2.120901154198589211e-01
-1.098066526288971057e+00
-1.852647920491733990e-01
-8.166765120741437123e-01
-3.192225813147248070e-01
1.582279279152477847e-01
-1.054831026056805149e-01
1.243451696755689007e+00
-1.260691463819443969e+00
9.191847670713362839e-02
-3.430476523173475734e-02
1.439582140801775489e+00
-6.371150754410185302e-01
1.138275494650963005e+00
1.093052584646396624e-01
1.617085047587432323e+00
-1.379654469949172409e-02
-8.877113036498015530e-01
-1.557989167059282698e-01
1.360788884240018870e+00
5.407351572974976595e-01
2.871413837538201452e+00
1.319681326111591946e-01
-4.907520319531505359e-01
-2.492598960362898686e-01
4.845308996649145827e-01
-6.410886663215377146e-01
6.870594593066137179e-01
1.032882047643316620e-01
-3.141306980389506620e-01
3.817526988436423796e-01
-6.083342156179246674e-01
5.432210509983830260e-01
-1.873595829800815959e-01
3.369836893704659664e-01
9.271338164620618327e-01
7.354890254164205832e-01
-2.012976827863025286e-01
-9.173893062912445717e-02
1.083977915127178893e+00
-1.911826420972000840e+00
-2.979767460083875275e-01
-1.001045969052228313e-01
1.885998363915838416e+00
6.807556634279848806e-01
2.211004026566542713e+00
8.816326970942664487e-02
-3.338769031703978207e+00
1.263478334916714685e+00
-2.122605928151746202e+00
2.197460419692606054e-02
-1.551432929132404437e-01
1.623785642085503245e+00
4.209078378037097168e-01
3.042252244501366665e-01
1.311075850834994005e+00
-1.858293193004349753e-01
-2.447747985033115470e-01
-1.223235630449942102e+00
7.622931818246108104e-01
-4.535285772914287028e-01
-1.199639033104562991e+00
-1.457638444563371660e+00
-9.232156052937011692e-01
-1.796481543928834856e+00
7.615397171604312287e-01
-6.654150330852180995e-01
1.169046359298460791e+00
-2.431124320148217999e-01
9.356060592309196622e-01
1.270957025986913846e+00
6.601089001847669779e-01
-5.685523455814043281e-01
1.421664825049676173e+00
1.772597800702048754e-01
-1.135847138670922796e+00
-1.234442059011973791e+00
-6.196067199846945206e-01
-1.033755777532793685e+00
5.812444709383268737e-01
-2.640041071565505520e-02
1.708828555072532396e+00
3.852760366960555349e-01
-1.763497852657314735e-01
8.681370073042308233e-01
1.528456579992540254e+00
-1.013262696499823007e-01
5.290571592857418182e-01
-3.053121986540798805e-01
5.855102118013131296e-01
-6.570611320952467471e-01
9.083928134303011215e-02
-6.334668678574278955e-01
-3.630130070667672015e-01
2.720577929208854440e-01
8.502346307341941689e-02
2.318148518098229749e-01
-2.497356821446755415e+00
7.071272235108476412e-02
-5.087392698863310581e-02
-5.180017546138032669e-01
-1.134172169487110748e+00
-6.229682387422776912e-01
1.062847986703235013e-02
3.008830163966002003e-01
-3.823485013300343960e-01
-6.040950932579660648e-01
-3.163808734148930712e-01
-3.009811612498525246e-01
1.162994478159508294e+00
-3.885033105373704165e-01
-2.970708973495034821e-01
5.375572551990748238e-01
1.126031757246850340e+00
4.771934127357819327e-02
-2.574566113015451796e-01
-1.049419816283495704e-02
-1.536262300073068632e+00
1.751167454944030921e-01
-1.027175678275485504e+00
-1.596365158185623301e+00
7.493610147137376165e-01
6.683001886506098610e-02
1.311808221951982434e+00
-4.804046062621122881e-01
1.155260727131147247e+00
-5.006756828343017496e-01
2.787981157843244961e+00
2.526824164945439821e-01
3.512510322444683530e-01
-5.402261381026821629e-01
4.808975829210019315e-01
-2.199653897362220945e-01
-2.748531578446421555e-02
-4.005619114860682339e-01
-2.340843490180628983e+00
-9.096633561760497644e-02
-8.961892639136437300e-01
-8.859095124513811648e-01
3.099324173454494624e-01
-2.568778972717305487e-01
6.084260727443021460e-02
-4.550702239499918034e-01
-1.189210611285994368e+00
1.387329746054801083e+00
-8.542678551929869801e-01
1.390359320689320999e+00
5.972859924301857082e-02
6.351857743229104569e-01
-1.930731410691481076e-01
-9.845309761479974497e-01
8.917428826053851454e-01
-4.144457135537349401e-01
4.864877916530686019e-01
-2.039534873426723793e-01
3.669990019797173160e-03
1.828067267252667660e-01
8.678517497807780590e-01
-9.283961351475465695e-02
-1.981792443858462482e-01
-7.571145764035608350e-01
5.226444018744255127e-01
1.719503044353970722e+00
-5.727073089548356810e-01
-2.845124459665246963e-01
-8.044896910495559494e-02
4.625726192548708093e-01
-8.664138122614657433e-01
2.148654139684240960e-01
5.056426537972270596e-01
1.317855289657715145e+00
-5.457524504871655857e-01
-2.828017228082601586e-01
-6.921288352485491790e-01
1.281943684744063727e+00
2.710964156304516148e-01
2.912986585271006845e+00
6.707454673317013727e-01
-7.672094953499921655e-01
3.918660364523464668e-01
-1.355597307414073693e+00
-1.064386390169031471e-01
-1.448338825383729711e+00
-4.040317002037785987e-01
1.550692851073983691e+00
1.000823800918634876e-01
-9.021405403510938115e-01
-1.098770481222530515e+00
2.881710728404522914e-01
-1.169888244855822546e+00
-1.744751592514205973e-01
-8.680538627782616867e-01
9.049400909338480015e-02
-5.000046316428741200e-01
1.484727295981016937e+00
1.924071877356256843e+00
1.359553004022295841e-01
-6.668861440499209703e-01
-5.976017875746717500e-01
-5.475912130575681935e-01
-7.381035133044788754e-01
-5.110921844403905068e-01
4.809308582893306316e-01
-1.113781933532521418e+00
-7.362207328815560947e-01
-5.650535680210044820e-01
1.311519795258961618e-01
-2.868314227444673570e+00
-1.444702377463333409e+00
2.900034081258868190e-01
2.288073838750666056e-01
-6.796783933314967108e-01
-1.308848937608831919e+00
-4.645880272316897930e-01
-5.756672621277134638e-01
-9.084287675079999458e-01
-4.300531741092158966e-01
7.147664931703200386e-01
-3.566756025555647414e-01
5.749809368888246786e-01
-1.272009596259406072e-01
-1.851920590489851692e-01
4.058272819175963164e-01
5.378903709575640901e-01
2.779078648837287613e-01
2.981141226487462603e-01
6.231821541805970810e-01
1.495194007966734774e-02
2.836840461836475757e+00
-5.907200293684682357e-01
-7.193324038011815469e-02
-3.813646039662570986e-01
1.896267546081912281e+00
-2.234254523971009210e+00
2.065670918826333080e-01
3.212851017787385355e-01
-4.776671372379885927e-01
-1.644894318351809437e+00
2.523115212706979471e-01
-5.168600448105288292e-01
-1.222101517041273233e+00
6.455366004814978576e-01
-1.987222651987469446e-01
-1.040949349074121288e+00
1.456757278135103195e-01
7.208550804953002267e-01
-8.701163880340132550e-01
-4.700806420758834453e-02
-8.476239922627620826e-01
8.838852115155600986e-01
