1.795343515300961146e+00
-9.517946866134503470e-01
4.515371614487978524e-01
2.749542714415306399e+00
-1.825005436085509192e-01
-2.302925028859572898e-01
8.741389900767766452e-01
-1.378522622898000316e+00
-7.890319416926754315e-01
1.078751259991108880e+00
-2.584818341992196067e-01
-9.517946866134503470e-01
7.190649185538851018e-01
4.850264657464946338e-02
4.292091696963692971e-01
6.290580599336649259e-01
6.772676974046195619e-01
3.604972672943608902e+00
-5.538980405084149572e-01
9.549613497420729180e-01
2.214866944925663717e+00
3.604972672943608902e+00
-3.265961581697023886e-01
1.048240161289412553e+00
-1.620282285066528605e+00
7.946232050347808995e-01
4.109703039713520356e-01
8.888690982384664929e-01
1.021230240824674063e+00
4.515371614487978524e-01
1.064253512640966015e+00
-2.210177481565555324e-01
-2.302925028859572898e-01
2.044523657805195516e+00
1.900913399330738773e+00
-2.584818341992196067e-01
-5.538980405084149572e-01
-1.488023577193501312e+00
-1.634276784016029271e+00
-4.126526949099972308e-01
-1.177546364946675972e+00
4.467632078632013393e-01
9.549613497420729180e-01
4.515371614487978524e-01
4.818985003043572690e-01
7.382956045486508412e-01
-1.488023577193501312e+00
-2.210177481565555324e-01
-1.771615821928878010e-01
4.109703039713520356e-01
-2.302925028859572898e-01
4.467632078632013393e-01
1.675131684417025424e+00
1.324048262790157748e+00
-1.771615821928878010e-01
8.741389900767766452e-01
7.378975120396480403e-01
-1.123443697371286687e+00
-1.620282285066528605e+00
-4.032805878126773935e-01
7.625306903152947458e-01
1.572438007618136291e-01
4.137659031104633511e-01
4.037226649946778489e-01
3.167134292777900040e+00
4.166137577510154455e-01
-4.283462880717044952e-01
1.979929255302626645e+00
-1.619575642633207302e+00
-7.890319416926754315e-01
1.078751259991108880e+00
1.138829155113419284e-01
-6.932282331812615883e-01
1.419335703218857492e-01
-1.503384227855180111e-01
-1.270402592952017073e+00
-1.050691640403832450e+00
-1.177010380040323545e+00
3.167134292777900040e+00
-1.392458109376907505e+00
-1.620282285066528605e+00
-1.467229870406614900e+00
1.197341883485746550e+00
2.081972778543688118e+00
-6.145768175056038896e-01
-1.825005436085509192e-01
8.888690982384664929e-01
-2.309398464533740369e-01
5.343306640705467458e-01
-1.086265494042688795e+00
1.324048262790157748e+00
9.190795783928240592e-01
-1.087833457383440505e+00
1.916017234643451195e+00
-8.965637473173192484e-01
-1.994299107391272363e+00
1.078751259991108880e+00
-2.302925028859572898e-01
6.610504047026842800e-01
-1.544587564643864486e+00
4.467632078632013393e-01
7.690280199074972511e-01
8.044547389523880598e-01
1.062023910819247741e+00
-4.132994274953306069e-01
-5.771946901106385086e-01
-5.538980405084149572e-01
1.524408130472986400e+00
-6.119388743466966929e-01
-2.302925028859572898e-01
2.044523657805195516e+00
-3.189001262610800524e-01
7.683074827682562224e-01
1.345588821367282306e-01
4.467632078632013393e-01
-1.780767045521278513e+00
8.442836529268800405e-02
-7.890319416926754315e-01
2.963495087483022594e+00
-5.315101677631931670e-02
1.671833011268736513e+00
-1.927493826151061018e+00
1.347869020471844204e+00
4.632952417351890451e-01
1.003910542858307720e+00
-7.371910021698522275e-01
1.027886379167272324e+00
-9.172047269340873887e-01
4.467632078632013393e-01
-1.488023577193501312e+00
1.806036442366603767e+00
-7.574899894326311278e-01
1.550822677521491721e+00
-2.302925028859572898e-01
1.547085988905906984e+00
9.425046571674479123e-01
-2.302925028859572898e-01
-1.620282285066528605e+00
-6.398545204540152520e-01
1.138829155113419284e-01
-1.758795089196972139e+00
-2.321328599907987567e+00
2.694335292950374328e+00
1.437505562022512340e+00
4.322694353778860216e-02
-1.634276784016029271e+00
-1.349781611096537715e+00
8.678797983480125433e-01
-7.002222338664929602e-01
-9.942093730018660702e-01
-8.365982829125369058e-01
-1.253360789602034231e+00
-4.390334019035327384e-01
2.483296962568894151e-01
1.228156200290068112e+00
1.133578065334315488e+00
1.080788528466004372e+00
5.438207591350745496e-01
1.036039487949950377e+00
-2.210177481565555324e-01
-8.980734589057141060e-01
1.378361817175024262e+00
-1.348958517049629879e-01
-2.584818341992196067e-01
-1.253360789602034231e+00
-1.196230469829288490e+00
-3.733098013263775883e-01
-8.197542488147945283e-01
-1.086265494042688795e+00
-1.181650150047498737e+00
1.001184897912300809e+00
5.975527780304161762e-01
-2.210177481565555324e-01
1.005265267484993091e-01
-3.356942041177950475e-01
1.001184897912300809e+00
-5.759876876254704792e-01
7.642867631996635991e-02
-1.196230469829288490e+00
-1.634276784016029271e+00
1.612964580472596721e+00
-5.482428247072416994e-02
-4.709336474369373304e-01
-2.584818341992196067e-01
-9.029993304939541998e-01
2.723271020024417233e+00
-1.283295155219806416e+00
7.690280199074972511e-01
1.049629191628963371e-01
1.278371425979292875e+00
1.963909072610714901e+00
7.683074827682562224e-01
-8.094854318632257462e-01
8.442836529268800405e-02
2.185052522636978800e+00
-2.221654802551730423e+00
9.019783067559312695e-01
-1.349781611096537715e+00
-1.392458109376907505e+00
7.683074827682562224e-01
-1.713235630860959091e+00
-2.516755428752937451e+00
6.465738326594383523e-01
1.799006414258356390e+00
-3.759821844319396339e-02
8.829627493240527203e-02
7.033515241771096660e-01
7.683074827682562224e-01
-1.620282285066528605e+00
-2.302925028859572898e-01
3.618510127790751096e-01
-5.855798335822773870e-01
-4.157917708189182160e-01
3.604972672943608902e+00
5.975527780304161762e-01
8.756110971568137336e-01
-5.538980405084149572e-01
-1.123339114424687590e+00
1.587936931210204294e-01
7.505930866982785110e-01
-1.086265494042688795e+00
1.244723843300000521e+00
1.036306535356212200e+00
-1.622880824973567115e+00
7.683074827682562224e-01
1.240570649439433071e+00
-5.538980405084149572e-01
1.064253512640966015e+00
-2.584818341992196067e-01
-8.980734589057141060e-01
-7.890319416926754315e-01
2.473817398386360722e+00
1.005265267484993091e-01
1.005265267484993091e-01
-1.040142895640653098e+00
-7.211269944755498151e-02
1.135916793346437137e+00
-2.302925028859572898e-01
-9.757647887717940671e-01
-1.177546364946675972e+00
6.756363514034994244e-01
-1.256456370641431342e+00
-8.197542488147945283e-01
-4.312218044309604759e-01
1.027886379167272324e+00
-1.253360789602034231e+00
-1.780767045521278513e+00
4.467632078632013393e-01
-5.855798335822773870e-01
5.261837249695670016e-01
-2.302925028859572898e-01
1.037986894316283104e+00
-8.197542488147945283e-01
-7.890319416926754315e-01
3.914524564121196759e-01
7.416873369935644833e-01
1.602276557739537699e+00
1.612964580472596721e+00
-1.260346985975566714e+00
1.535664155388015484e+00
2.044523657805195516e+00
-1.996533628035129126e+00
-5.855798335822773870e-01
8.907210651058273809e-01
-6.576278034915060688e-01
-1.271779388368273533e+00
-1.634276784016029271e+00
-7.603321078570891567e-01
1.007723677346078928e+00
-2.221654802551730423e+00
3.417602077179927589e-01
7.683074827682562224e-01
1.049629191628963371e-01
1.015295210611341536e+00
-1.086265494042688795e+00
-1.607961794010598355e+00
1.347869020471844204e+00
8.523245624609102622e-01
-2.302925028859572898e-01
-6.155124758521413053e-01
2.296694952868615913e-01
-6.398545204540152520e-01
1.246941431882113482e+00
1.178671733920216402e+00
2.049817796655639679e+00
1.347869020471844204e+00
8.756110971568137336e-01
-1.620282285066528605e+00
-2.732472494617340431e+00
-7.391821435340709678e-01
9.549613497420729180e-01
-9.375258402094969190e-01
-9.757647887717940671e-01
-1.050691640403832450e+00
1.107155738065122019e+00
1.667406431963253777e+00
-5.809825310304014279e-01
1.034168730748558751e+00
1.203181884691222558e+00
4.467632078632013393e-01
4.835764641873388503e-01
9.925245597943971321e-01
-7.967034132282923009e-01
-1.196230469829288490e+00
1.752086295835434848e+00
3.100292378481513400e-01
-1.283295155219806416e+00
4.467632078632013393e-01
3.889182445662976995e-01
1.054393165759280659e+00
-1.927493826151061018e+00
-6.128358874663051292e-01
-3.189001262610800524e-01
7.683074827682562224e-01
-2.114550259066032556e+00
8.442836529268800405e-02
5.102356268648586823e-01
1.001184897912300809e+00
-2.279037385437191754e-01
4.037226649946778489e-01
1.005265267484993091e-01
4.467632078632013393e-01
-6.382709687480366822e-01
-1.177546364946675972e+00
-1.075268031456455553e+00
3.166954099046777049e+00
-6.145768175056038896e-01
-6.981624224686492353e-01
-8.197542488147945283e-01
1.138829155113419284e-01
-2.210177481565555324e-01
-7.002222338664929602e-01
-2.279037385437191754e-01
-2.584818341992196067e-01
-5.950428811421900610e-01
1.027886379167272324e+00
-1.619575642633207302e+00
-6.128358874663051292e-01
-1.177546364946675972e+00
4.166137577510154455e-01
6.120099464615562646e-01
2.616524522316244550e+00
7.033515241771096660e-01
4.467632078632013393e-01
-6.155124758521413053e-01
-1.780767045521278513e+00
1.133578065334315488e+00
7.378975120396480403e-01
3.417323670435063576e+00
-9.029993304939541998e-01
3.604972672943608902e+00
-4.308990539845335838e-02
-6.750737799865470512e-01
1.946152381999049830e+00
-9.266587907802908974e-01
2.473817398386360722e+00
-8.629230276268253785e-01
-1.196230469829288490e+00
-9.053996651756834879e-01
1.667406431963253777e+00
3.042947997214829670e+00
8.756110971568137336e-01
1.078751259991108880e+00
1.468627091205361834e+00
2.960455176648874254e+00
4.369392513632816555e-03
9.016423658784995521e-01
1.271499738348716546e+00
5.343306640705467458e-01
1.290547359150677087e+00
2.444405886571890285e+00
-1.256456370641431342e+00
4.467632078632013393e-01
8.442836529268800405e-02
1.455933659302450334e+00
-5.747029531217346943e-01
-8.934002692148242941e-01
-5.855798335822773870e-01
1.535664155388015484e+00
4.515371614487978524e-01
1.278442991714314469e-01
-2.302925028859572898e-01
7.960074666031101698e-01
8.884262514461892246e-02
1.347869020471844204e+00
-9.757647887717940671e-01
-6.119388743466966929e-01
2.473817398386360722e+00
1.138829155113419284e-01
-1.348958517049629879e-01
4.385464052208292607e+00
-1.594956841643880019e-01
1.347869020471844204e+00
-2.302925028859572898e-01
-1.165494053222796200e+00
1.572438007618136291e-01
-7.603321078570891567e-01
7.683074827682562224e-01
-1.650542182098312161e+00
4.515371614487978524e-01
5.272761060941517641e-01
-7.603321078570891567e-01
-5.855798335822773870e-01
-1.481811610386614353e+00
1.049629191628963371e-01
7.105808611552673071e-01
1.103387258572530616e+00
-1.075268031456455553e+00
1.782662541680649415e+00
7.433302688130105640e-01
-1.256456370641431342e+00
-6.119388743466966929e-01
1.059994171898121618e+00
7.109074262056040983e-01
-1.253360789602034231e+00
1.468627091205361834e+00
3.448203315185858209e-01
-5.771946901106385086e-01
-8.980734589057141060e-01
-1.994299107391272363e+00
-1.645373736369029283e+00
1.271499738348716546e+00
-1.927493826151061018e+00
1.160138781051263557e+00
-4.709336474369373304e-01
5.975527780304161762e-01
-2.384050355843669866e+00
-8.313737312838633819e-01
-3.265961581697023886e-01
-8.129182504376138985e-01
-2.197017679329550943e-01
7.139021470836334204e-01
-1.283295155219806416e+00
-2.584818341992196067e-01
-3.112390737170767641e-01
4.760241304768352000e-02
