1.432155399897332160e+01
1.505882861949304719e+01
1.805399973624231791e+01
1.368196370840667520e+01
1.775746777332223658e+01
1.475519130618896746e+01
1.449031632660118696e+01
1.520020394094008331e+01
1.427160716806272411e+01
1.428214758443344579e+01
1.462074222130918244e+01
1.505882861949304719e+01
1.452644805479831724e+01
1.485893673455099240e+01
1.463484893281136756e+01
1.452842108234443685e+01
1.450396237061885429e+01
1.351655681868524184e+01
1.450325403451880923e+01
1.274153064119865775e+01
1.398384732895452487e+01
1.351655681868524184e+01
1.777766034563800446e+01
1.410137313786412250e+01
1.482740862278089011e+01
1.444644294494113090e+01
1.416624586337530722e+01
1.799407896857340816e+01
1.434367744463873606e+01
1.805399973624231791e+01
1.242346863205074747e+01
1.437894419148415892e+01
1.475519130618896746e+01
1.783290240351879419e+01
1.785314930474999784e+01
1.462074222130918244e+01
1.450325403451880923e+01
1.793809801518417757e+01
1.795800127454820583e+01
1.497833518227359662e+01
1.469814268350419084e+01
1.449484591254229748e+01
1.274153064119865775e+01
1.805399973624231791e+01
1.460601166491744429e+01
1.481280941206673774e+01
1.793809801518417757e+01
1.437894419148415892e+01
1.485842507690582970e+01
1.416624586337530722e+01
1.475519130618896746e+01
1.449484591254229748e+01
1.436509804485451092e+01
1.793386073652871104e+01
1.485842507690582970e+01
1.449031632660118696e+01
1.421353730176272734e+01
1.541252095480195372e+01
1.482740862278089011e+01
1.515346986713189814e+01
1.446188562197747807e+01
1.445509500509233369e+01
1.464340528346381198e+01
1.398547141680598216e+01
1.338214604261625951e+01
1.433784714479737588e+01
1.517048574160062913e+01
1.440636052912292620e+01
1.494292689843491040e+01
1.427160716806272411e+01
1.428214758443344579e+01
1.461915575557694780e+01
1.535358626133585069e+01
1.518481146254788783e+01
1.538332258549021248e+01
1.619010602600532422e+01
1.787817724751527138e+01
1.507228407273053250e+01
1.338214604261625951e+01
1.498103776001599563e+01
1.482740862278089011e+01
1.565231492744590192e+01
1.457027274898115188e+01
1.440882722933460158e+01
1.412308022009933950e+01
1.775746777332223658e+01
1.799407896857340816e+01
1.390075961433049834e+01
1.765610876629991566e+01
1.424523279130255027e+01
1.793386073652871104e+01
1.347532216929921312e+01
1.605611797952831665e+01
1.383216792519415250e+01
1.591624994672156745e+01
1.500130579184445168e+01
1.428214758443344579e+01
1.475519130618896746e+01
1.454163008787783085e+01
1.531083305172327158e+01
1.449484591254229748e+01
1.324044660271785467e+01
1.450574938699386429e+01
1.432636667884845671e+01
1.556782785356670828e+01
1.819252068830680713e+01
1.450325403451880923e+01
1.440827459703744395e+01
1.477752000871347704e+01
1.475519130618896746e+01
1.783290240351879419e+01
1.462601480883216531e+01
1.438268174864369264e+01
1.518971613478175442e+01
1.449484591254229748e+01
1.797786785945979560e+01
1.447388269540939731e+01
1.427160716806272411e+01
1.385170132504537222e+01
1.531643613472137133e+01
1.436633989483787843e+01
1.799769686420515313e+01
1.400083897365387386e+01
1.461613041216729236e+01
1.435113811873866219e+01
1.394693253582362935e+01
1.322517306146407279e+01
1.527648540418993406e+01
1.449484591254229748e+01
1.793809801518417757e+01
1.381621374548679171e+01
1.483312333904696168e+01
1.414839041422843025e+01
1.475519130618896746e+01
1.386794560789638631e+01
1.447645092961203872e+01
1.475519130618896746e+01
1.482740862278089011e+01
1.510587441212756943e+01
1.461915575557694780e+01
1.586498981791439711e+01
1.653742625418284717e+01
1.365080685576536013e+01
1.446085626654841505e+01
1.486221946070787503e+01
1.795800127454820583e+01
1.511720751290258846e+01
1.441201094826135787e+01
1.419246346390096569e+01
1.415570544700458733e+01
1.522530477691315021e+01
1.478614911103061402e+01
1.558611923261890553e+01
1.769672797534240871e+01
1.443209279056305760e+01
1.293449480001201302e+01
1.308386551074792514e+01
1.457282939070167238e+01
1.445952473155844409e+01
1.437894419148415892e+01
1.463928958513083067e+01
1.419262024013548107e+01
1.813338910412864280e+01
1.462074222130918244e+01
1.478614911103061402e+01
1.789818509595392726e+01
1.513320365117855282e+01
1.400717849904120271e+01
1.424523279130255027e+01
1.434576695551279713e+01
1.329215654919459233e+01
1.803406070813962714e+01
1.437894419148415892e+01
1.426678002758555408e+01
1.463309299673008290e+01
1.329215654919459233e+01
1.527185160479395698e+01
1.522858141649681585e+01
1.789818509595392726e+01
1.795800127454820583e+01
1.789356206669614480e+01
1.480125751294073666e+01
1.779782439492537804e+01
1.462074222130918244e+01
1.450484050025104210e+01
1.388827452516723859e+01
1.483417823411621050e+01
1.324044660271785467e+01
1.771700068246065385e+01
1.392819157111395967e+01
1.426618915125943765e+01
1.438268174864369264e+01
1.543556379807821521e+01
1.447388269540939731e+01
1.376278468139252453e+01
1.803723851034206049e+01
1.289415700880027060e+01
1.511720751290258846e+01
1.498103776001599563e+01
1.438268174864369264e+01
1.583131907515329040e+01
1.807661896724866679e+01
1.486627002584055823e+01
1.432027985465641962e+01
1.479349609281761069e+01
1.483431602871679900e+01
1.388493725259573708e+01
1.438268174864369264e+01
1.482740862278089011e+01
1.475519130618896746e+01
1.439989238595337895e+01
1.490205083208875259e+01
1.516195564592004885e+01
1.351655681868524184e+01
1.803406070813962714e+01
1.296796378968978658e+01
1.450325403451880923e+01
1.566050170476921899e+01
1.809376958051793238e+01
1.446768525273938621e+01
1.424523279130255027e+01
1.454770544575455382e+01
1.250393869096066446e+01
1.576499026111010515e+01
1.438268174864369264e+01
1.443065430533250115e+01
1.450325403451880923e+01
1.242346863205074747e+01
1.462074222130918244e+01
1.463928958513083067e+01
1.427160716806272411e+01
1.393211546654493027e+01
1.426678002758555408e+01
1.426678002758555408e+01
1.535675713755075300e+01
1.480911903038656696e+01
1.460023287466616893e+01
1.475519130618896746e+01
1.494331034383903045e+01
1.469814268350419084e+01
1.453772805620821806e+01
1.466161828765534025e+01
1.400717849904120271e+01
1.498832951392651403e+01
1.322517306146407279e+01
1.478614911103061402e+01
1.797786785945979560e+01
1.449484591254229748e+01
1.490205083208875259e+01
1.493877419134591200e+01
1.475519130618896746e+01
1.433652223370920709e+01
1.400717849904120271e+01
1.427160716806272411e+01
1.767643036805090517e+01
1.330158802310208088e+01
1.440541801269172417e+01
1.789356206669614480e+01
1.618271923147662150e+01
1.440778059543433898e+01
1.783290240351879419e+01
1.510871723356046203e+01
1.490205083208875259e+01
1.440150975258094412e+01
1.389520067341403475e+01
1.551423999549669119e+01
1.795800127454820583e+01
1.783806330155981001e+01
1.466528321508421229e+01
1.803723851034206049e+01
1.464117697756751113e+01
1.438268174864369264e+01
1.771700068246065385e+01
1.434622659613135021e+01
1.424523279130255027e+01
1.535411488704106020e+01
1.400083897365387386e+01
1.474861693160088727e+01
1.475519130618896746e+01
1.781795901547057426e+01
1.468241809203829717e+01
1.510587441212756943e+01
1.425256746547841047e+01
1.457929535191135528e+01
1.353490513470721979e+01
1.400083897365387386e+01
1.296796378968978658e+01
1.482740862278089011e+01
1.683522591413273872e+01
1.482357551198829348e+01
1.274153064119865775e+01
1.528957606752036469e+01
1.494331034383903045e+01
1.787817724751527138e+01
1.301005872985840917e+01
1.411347653597372265e+01
1.385135973203634308e+01
1.797403806853744257e+01
1.443510802625050893e+01
1.449484591254229748e+01
1.496501883178809678e+01
1.379540990829777414e+01
1.520043635889468092e+01
1.789818509595392726e+01
1.433683753578954700e+01
1.465252510039355371e+01
1.483417823411621050e+01
1.449484591254229748e+01
1.462479179293960563e+01
1.315565650163249778e+01
1.799769686420515313e+01
1.475978773408560762e+01
1.462601480883216531e+01
1.438268174864369264e+01
1.680779357536348328e+01
1.447388269540939731e+01
1.459073118549250658e+01
1.329215654919459233e+01
1.422194542373923909e+01
1.398547141680598216e+01
1.426678002758555408e+01
1.449484591254229748e+01
1.531514701931192945e+01
1.469814268350419084e+01
1.457383284046954053e+01
1.357039271426580029e+01
1.412308022009933950e+01
1.514041803415582876e+01
1.400717849904120271e+01
1.461915575557694780e+01
1.437894419148415892e+01
1.419246346390096569e+01
1.422194542373923909e+01
1.462074222130918244e+01
1.475110300358619142e+01
1.322517306146407279e+01
1.494292689843491040e+01
1.475978773408560762e+01
1.469814268350419084e+01
1.433784714479737588e+01
1.453718461696314357e+01
1.775166579686137425e+01
1.388493725259573708e+01
1.449484591254229748e+01
1.781795901547057426e+01
1.797786785945979560e+01
1.293449480001201302e+01
1.421353730176272734e+01
1.379786542946481198e+01
1.450484050025104210e+01
1.351655681868524184e+01
1.491652051652928002e+01
1.534086480365688132e+01
1.404409329217209645e+01
1.551899012977008141e+01
1.393211546654493027e+01
1.547351850742730939e+01
1.789818509595392726e+01
1.407656174284282891e+01
1.411347653597372265e+01
1.769050225003500998e+01
1.296796378968978658e+01
1.428214758443344579e+01
1.791372611598351483e+01
1.340065509762710505e+01
1.450359571751603838e+01
1.448458641045553819e+01
1.371626620413601572e+01
1.765610876629991566e+01
1.423629648081001520e+01
1.370253871817495295e+01
1.466161828765534025e+01
1.449484591254229748e+01
1.447388269540939731e+01
1.441189674289173261e+01
1.527096168161478928e+01
1.549523577592866808e+01
1.490205083208875259e+01
1.440778059543433898e+01
1.805399973624231791e+01
1.481009978255833204e+01
1.475519130618896746e+01
1.317625482813645377e+01
1.522025164045321866e+01
1.400083897365387386e+01
1.494331034383903045e+01
1.477752000871347704e+01
1.393211546654493027e+01
1.461915575557694780e+01
1.813338910412864280e+01
1.346867801244668428e+01
1.484994988874846733e+01
1.400083897365387386e+01
1.475519130618896746e+01
1.544105592479995437e+01
1.445509500509233369e+01
1.783806330155981001e+01
1.438268174864369264e+01
1.538349403793128367e+01
1.805399973624231791e+01
1.458006559495266075e+01
1.783806330155981001e+01
1.490205083208875259e+01
1.526851722275732648e+01
1.771700068246065385e+01
1.407671851907734428e+01
1.757460052897686964e+01
1.457383284046954053e+01
1.440334837290659564e+01
1.801408681701206760e+01
1.466161828765534025e+01
1.477752000871347704e+01
1.463835051658965902e+01
1.448718029275764962e+01
1.478614911103061402e+01
1.791372611598351483e+01
1.468217541471750742e+01
1.819252068830680713e+01
1.463928958513083067e+01
1.500130579184445168e+01
1.578144361640156568e+01
1.371626620413601572e+01
1.799769686420515313e+01
1.285743236225679453e+01
1.779782439492537804e+01
1.803406070813962714e+01
1.528261440262402182e+01
1.487242779286837724e+01
1.777766034563800446e+01
1.585534013818559806e+01
1.503080176896759923e+01
1.335942044824107455e+01
1.483417823411621050e+01
1.462074222130918244e+01
1.509151893583633530e+01
1.475616864075040802e+01
