6.476060766819863312e-01
9.502500210216326959e-01
6.247068173701825211e-01
-1.432333541025420987e+00
-2.320337233971606850e+00
-5.654256205325843831e-01
-5.791716089289392633e-01
8.433622063795566115e-01
6.051097810984567005e-01
-4.930921458482681596e-02
-1.565191449422695502e+00
9.199738843063930416e-01
-3.987144595771524025e-01
-1.047077094777628010e-02
6.207599706914804782e-01
-1.978156193003122176e-01
-3.868231752565894355e-01
2.398356777310203025e+00
-1.620510183976529239e+00
-1.731232509478860759e+00
8.603336280582061235e-01
-6.716979650896152121e-01
3.601824651747483896e-01
5.176076516680857553e-01
1.437811173624351735e+00
-5.694469282404873711e-01
1.424489064609085309e+00
8.871996637191635893e-01
5.707730787329513555e-01
1.892048993189704431e-01
-9.536395047576202710e-01
-2.008861894807101311e-01
3.382245414034897868e-01
3.212047153451140225e-01
4.474175098645752913e-01
-8.781250215768493517e-01
7.361805169358542900e-01
5.418344491864397483e-01
-1.189786926610210793e+00
2.040654131190333676e+00
-5.542148450093969947e-01
-7.248928635993449054e-01
-1.364079209320960606e+00
3.275055250424398490e-01
-4.390874908956980405e-01
-1.621248508411572420e-01
1.796272489797280825e+00
4.177599856432253622e-01
1.183161544328647230e-01
9.491742234419878743e-01
-4.982289860795938163e-01
4.990763620634353637e-01
3.806264503275077482e-01
-7.889450432099428534e-01
-8.620440552854330418e-01
3.222994529105104311e-01
2.320098569403386435e+00
8.734233536283960708e-01
1.064093771354807511e-01
-9.151710102881625009e-01
1.184462209282489464e+00
6.960812311178983247e-01
2.138284033164610520e-01
-8.421292572593577774e-02
9.605172065135982873e-01
-5.965963224233266499e-02
7.098590146705456849e-01
3.099524641659610544e-02
-1.327485798472431311e+00
4.585543554633788599e-01
-1.876560304758649211e+00
-1.457562871597421067e-02
-1.374146414344513456e+00
-6.986871575013158253e-01
6.826074727091139584e-03
1.134615915708604650e+00
6.736657600061383977e-02
-2.964408291054970723e-01
8.596562290625157088e-01
1.028804565142174221e+00
-5.282812426901456471e-01
7.183634031622515570e-01
-1.222724679750329946e+00
-1.747318780199913447e-03
1.049911289625340860e+00
-7.466114842339857116e-01
-7.156960195664930913e-01
-1.254033566244340259e+00
1.088975071739149314e+00
3.041605730548488720e-02
8.678215723094109268e-01
8.424375858862386268e-01
-2.832234338811526198e-01
-1.658560594173701663e-01
-1.037666051145904600e-01
-4.677276755076282405e-02
3.171841559529738896e-01
1.386597091091946954e+00
1.605657539889869589e+00
-8.755441000463762835e-01
-1.706389801504401213e-02
-1.177165007850275724e-01
2.471106947231407058e-01
4.387457948098567040e-01
2.456594043760582657e+00
5.054279926137471568e-01
1.163433886347206681e+00
-1.575502248589712551e+00
-1.051831434203713833e+00
-1.473413974534935056e+00
1.199705012440979157e+00
-3.695272369250375832e-01
-2.048882856551895448e-01
1.383194932181043280e-01
-1.135915324980917018e-01
-5.383133958953832954e-01
1.016028693398844052e+00
-1.272726047039143271e+00
-4.686501756766082161e-01
2.273285721490532485e-01
-1.361587454589544000e-01
-1.111865910843415906e+00
7.943467707015212653e-01
5.514231122572751387e-01
3.447883360120023583e-02
-7.508899050421784516e-01
-2.741297102509088757e-01
-2.292855123629070069e-01
1.102544691972113577e+00
8.223384048699756699e-01
4.783931213581643083e-01
-1.569111140997059631e-02
-7.843716184445966022e-02
2.792155670821931945e-01
-8.200056387106330336e-02
4.274483742009769216e-01
2.301158956095369912e-01
1.166133285583675905e-02
-3.297527522989537996e+00
-2.370593628128609132e-01
-1.124556053174710968e+00
8.392628202884810928e-01
-9.875967795926677839e-01
-3.326453048951610314e-01
2.666045805326944240e-01
-2.440060004675525196e+00
-7.877057345745546169e-01
1.073904012739456348e+00
-5.203509093367931770e-01
1.295306861529574194e+00
-5.884375144565818783e-01
4.629090144169945020e-01
-1.172396945575070237e+00
5.287476966319936134e-01
-1.674730414850472249e+00
8.348763124570833805e-01
-1.558205223144593088e+00
1.555311316078202277e-01
1.241330710328661102e-01
-7.989216201114012206e-01
-8.462313731567025488e-02
-1.434754098775571363e+00
-2.305359842343029264e+00
-1.524551066284993706e+00
-3.579720524824781536e-01
4.084735054859157111e-01
-7.877676426437733026e-01
-6.352532237627439571e-01
3.643309238534607197e-01
8.382000204692349188e-01
-4.563497680405962376e-01
6.793519792919674449e-01
2.577050984010088808e+00
2.842044344572255188e+00
-1.540870195012062904e-01
-1.252874614079847460e+00
-1.408931290854276375e+00
6.148939621110184328e-01
9.444503477861413421e-01
-1.031502426794501437e+00
-2.194236457626685677e-01
-2.356341053564814381e-01
-5.523887733436586567e-01
-7.312235494327760099e-01
4.000049206565094440e-01
-6.289599405144649102e-01
-1.354685579202531631e+00
6.562749804210327165e-01
1.928272305823424349e+00
6.961926757896651496e-01
3.965251691516532007e-01
-4.530169295058623646e-01
9.806569400161845307e-01
2.207447815824823134e-01
6.355295348094269769e-01
1.572730361933802612e-01
-1.298328173464681767e-01
-1.168934219505777694e+00
4.035044282919911796e-01
7.469441024912818472e-01
3.391405462779017443e-01
-7.072855086296158111e-01
2.640942549316667720e-01
-1.379952445627667945e+00
9.159339177498541096e-01
1.203356028073492068e+00
6.828372529535161606e-01
1.073322502601534500e+00
3.853178255367665783e-01
7.241549403628464443e-01
1.282553998242470961e+00
2.027251661462559085e+00
-8.479783143976674098e-02
-1.303004542531237542e-01
5.165594624532038326e-02
4.019474834455727397e-01
-7.436504623404459335e-02
1.150061633637457170e+00
-3.682936082747984563e-01
1.079171059349235823e-01
-7.615973759853171543e-02
-1.135061889502600119e+00
-4.284256341529185663e-02
-3.702735141498054716e-01
-1.251233100675343879e+00
1.040990214274609693e+00
3.627663636632914024e-01
6.978840658046032985e-02
-9.686102557141578195e-01
-8.322065432902751025e-01
-4.020305823645229371e-01
5.275465017075816609e-01
8.710491836080146433e-01
-2.237761953705384776e+00
-2.809349904845906742e+00
-7.070812285469911807e-01
1.102947361946457344e-01
9.136583314637818365e-01
2.865107152133179735e-02
-1.038310097058380566e-01
2.182804054047193798e+00
1.159345788979853964e+00
-8.474498081034456121e-01
5.192428211718059794e-01
-5.137823294685006648e-01
9.605908564077272338e-01
-9.181776604512802420e-01
-3.537159877345112946e-01
6.864741936049796323e-01
1.618935165894028749e-01
4.415527875393535084e-02
1.297661746073723643e+00
8.762808783052372652e-01
7.527853617001316611e-01
6.556387762824009702e-01
-1.426243630142777219e-01
-5.295224445674712177e-01
-2.162177993746189131e+00
-4.425345588918407902e-01
4.157758295588978026e-01
1.717517378815068552e-01
-4.513365891195893487e-01
8.465080554906190269e-01
-1.025136147986456664e-01
3.105358715869410147e-01
8.009521615844482356e-02
2.885280518995845811e-01
-5.648626960382950868e-01
5.267319429463778180e-01
2.052087729855895937e-01
1.415601882137432765e+00
-1.306823610841884253e+00
-9.442843127612391418e-01
1.831907443438943184e-01
1.616371920792949668e+00
1.841843913468813043e-02
-5.231715721688908749e-01
2.740248579645033211e-01
8.736821298470239805e-01
1.728540405287654957e+00
7.713676696911793140e-01
8.188130961775658134e-01
6.043316132401090890e-01
-1.043531207973953823e+00
8.315618511408958691e-01
1.557878834716536209e+00
1.481450147674666873e+00
-5.994100403999187421e-01
4.342209349755873915e-01
1.050758049845061270e+00
-8.177859280424414345e-01
-3.959738597531891058e-01
-1.679686344378906071e+00
5.351915929305977038e-01
1.649195227659707441e-01
6.435451211723568488e-01
6.138450112711864998e-02
1.065853381888990370e+00
1.371865413736113870e-01
1.112521251098484099e+00
4.103467876218445110e-01
-5.045906391461258966e-01
-9.110344444610219972e-01
7.971642339804759780e-01
-1.538991467524672974e+00
-8.967119403030801017e-01
2.388661740932550293e-01
7.748302417111222473e-01
1.389076825502397750e+00
-3.741590093247493254e-01
-2.345710764570719253e-01
-2.157460312588337370e-01
3.658261698327146955e-02
1.785472348800368092e+00
4.329376676426135440e-01
8.150117888478003447e-01
5.671642068649263013e-01
1.192072218914443926e+00
3.635452513395681096e-01
1.690636531282691646e+00
1.486669433297521437e+00
1.194756311095280903e-02
-4.510050663406434679e-01
-4.690749450143950616e-01
-9.322887921520253141e-01
-5.514917511657296822e-01
1.259675384236365936e+00
7.251698533956603132e-01
-4.710376159429733450e-02
-5.919374757866159298e-01
3.300887577762818270e-01
5.608754928814912999e-01
1.112391160091806830e+00
-6.890856411722247055e-01
-3.844504285874012495e-01
1.156518175376894053e+00
2.545348479307779854e+00
1.282401147907777039e+00
1.387139635506480007e+00
6.210693616359155844e-02
-1.365650023609537855e-01
9.765958312329967583e-01
4.733527857331203403e-01
-1.157315628375585215e+00
1.969854206636576066e+00
-1.100027572740795101e+00
2.225528181755440926e-01
-4.837722335726631351e-01
-4.576545319718153260e-01
6.645237974771661671e-01
4.452429649754636176e-01
-4.660558968403085145e-01
1.021305043755529995e+00
2.290044990645298206e+00
-1.941466218946653610e+00
5.565088866931193756e-01
1.211159406478149680e+00
-6.180788118852683644e-01
8.792774137267568291e-01
1.202970238254999824e+00
-6.436548443194000102e-01
3.571095525457138042e-01
2.203566786888465079e-01
8.798423695527932686e-01
1.850275159526074686e-01
-4.397968391423688339e-01
-4.311906030680491830e-01
1.337299584233325955e+00
9.416889579334839500e-01
9.431911146172835547e-01
-3.270068270993097270e-01
-1.393817690125441544e+00
2.059836766595490865e-01
-7.680614541894025260e-01
1.107427510944012650e-01
-1.075014256928837453e+00
-8.357885843500119094e-01
4.874009470293407809e-01
-1.840026704021806014e-01
1.067705196414835633e+00
-4.001019659155003461e-01
-2.087282184324011081e-01
-7.947695140146272472e-03
-4.985687706755939641e-01
7.578245089866197937e-01
-1.190912553263477891e+00
-6.717945497254647520e-03
2.096182185534084308e+00
1.109353049151654780e+00
4.252415102546533432e-01
-4.363011147402792722e-01
-1.486141305745076746e+00
8.822057830605278816e-01
-1.464086602610095600e+00
-7.949035510638797764e-01
-7.512402237789629345e-01
-2.720993996921317742e-02
1.804574808248223527e-01
-7.152284116783212964e-01
1.233333277291100843e-01
-1.526546679892186065e+00
-9.939134043454341816e-01
-1.816634408329447226e+00
-4.323137358997126700e-01
-7.624344004717241718e-01
-2.866334609084104645e-01
7.467238450214920276e-01
8.491522737396237086e-02
-5.502676749917145838e-01
6.729505140228958515e-01
3.776230720485805881e-01
7.217964108038703586e-01
4.455262070191494117e-01
-6.217982536484982781e-01
5.321786994199265708e-01
6.171036640412912444e-01
-4.643098180985385515e-01
9.354146051782409321e-01
-4.892361041872557159e-01
-2.864869441567989838e-01
-4.942955166245381893e-01
-6.950101294625814496e-01
9.343196086584242277e-01
-3.527350392345229846e-01
-5.697020250593269886e-01
-8.503502566927576001e-02
-6.278115786230614725e-01
5.226868168033955708e-01
6.254928102034928994e-01
-4.917519172559095542e-01
-2.410726672804449078e-01
1.799662379787158872e-01
2.816416144995661952e+00
-5.763576597664169521e-01
-4.801120350866801556e-01
4.008514357605925116e-01
