1.273717356658406885e+01
1.310782781242011019e+01
1.319482116818822881e+01
1.312253818346488110e+01
1.348543476776074890e+01
1.305925598578403779e+01
1.291502958189332517e+01
1.337914052751156291e+01
1.289814978100047682e+01
1.297255551780253491e+01
1.284827547500526457e+01
1.310782781242011019e+01
1.292815664552746568e+01
1.314924467958812926e+01
1.310864510322126364e+01
1.308812032310674667e+01
1.308325718431720830e+01
1.260779074268695865e+01
1.331542300789912758e+01
1.278551289093705101e+01
1.290516416003893596e+01
1.260779074268695865e+01
1.348442611059109808e+01
1.275721512079154252e+01
1.317666503864522021e+01
1.307156489710668446e+01
1.325218193882528972e+01
1.319896673156465816e+01
1.304958514312237305e+01
1.319482116818822881e+01
1.274091560347610397e+01
1.329303385097153267e+01
1.305925598578403779e+01
1.320767084905729050e+01
1.320676526980051335e+01
1.284827547500526457e+01
1.331542300789912758e+01
1.347444758921098540e+01
1.347295576151482521e+01
1.303709108803781724e+01
1.297993958282888727e+01
1.301340742994877608e+01
1.278551289093705101e+01
1.319482116818822881e+01
1.310317734381361454e+01
1.284057929977759116e+01
1.347444758921098540e+01
1.329303385097153267e+01
1.301258233783871887e+01
1.325218193882528972e+01
1.305925598578403779e+01
1.301340742994877608e+01
1.274805182514512225e+01
1.320262561170211235e+01
1.301258233783871887e+01
1.291502958189332517e+01
1.277828641019361022e+01
1.311603042521382534e+01
1.317666503864522021e+01
1.319813788302195512e+01
1.307474162119906147e+01
1.322193843857567508e+01
1.311025527965682969e+01
1.303684154181429911e+01
1.287731049078847434e+01
1.280067556712120513e+01
1.320081283910888459e+01
1.283224015695232900e+01
1.338745423344286678e+01
1.289814978100047682e+01
1.297255551780253491e+01
1.303579658687637099e+01
1.322856802618615291e+01
1.290497703558549070e+01
1.293611498467081589e+01
1.303935739257545379e+01
1.347859315258741475e+01
1.335639013497634409e+01
1.287731049078847434e+01
1.302753949071294670e+01
1.317666503864522021e+01
1.315481980703270182e+01
1.279357299331891440e+01
1.282503410131212718e+01
1.286451287878696803e+01
1.348543476776074890e+01
1.319896673156465816e+01
1.279786433129086909e+01
1.348970984802977036e+01
1.319632493477780599e+01
1.320262561170211235e+01
1.259739961573961686e+01
1.302490725299152885e+01
1.270151014585952964e+01
1.300863933825294438e+01
1.320050706951513675e+01
1.297255551780253491e+01
1.305925598578403779e+01
1.293318096133954498e+01
1.339804668715398606e+01
1.301340742994877608e+01
1.285804881006258427e+01
1.292087394876970308e+01
1.304571357096446604e+01
1.296306816868949596e+01
1.318319633422597015e+01
1.331542300789912758e+01
1.286451996563763345e+01
1.287270679266494433e+01
1.305925598578403779e+01
1.320767084905729050e+01
1.326639708405020279e+01
1.299233614054670838e+01
1.290577305078523196e+01
1.301340742994877608e+01
1.347140829669768536e+01
1.282413496602887193e+01
1.289814978100047682e+01
1.286529258487785654e+01
1.292587049111878628e+01
1.274835365143021271e+01
1.346980480445817108e+01
1.273743449804736905e+01
1.310510329313262545e+01
1.305123683048011429e+01
1.312893357701420705e+01
1.255859004069989915e+01
1.309257102630615854e+01
1.301340742994877608e+01
1.347444758921098540e+01
1.317058164158261491e+01
1.331087803566493832e+01
1.300141240249143237e+01
1.305925598578403779e+01
1.318479058106169077e+01
1.290938151184459670e+01
1.305925598578403779e+01
1.317666503864522021e+01
1.306159471191201860e+01
1.303579658687637099e+01
1.318651649507274826e+01
1.335983866098547246e+01
1.265583420080469246e+01
1.277024215816400421e+01
1.314981694500814768e+01
1.347295576151482521e+01
1.292088064849238016e+01
1.306437243872398923e+01
1.288077416156721178e+01
1.317777620202323341e+01
1.308346540507267264e+01
1.336302291578318702e+01
1.296563516399970695e+01
1.348815189583246621e+01
1.288667580545751079e+01
1.251673694351247335e+01
1.253799681182304582e+01
1.309680290816593029e+01
1.290179000359977479e+01
1.329303385097153267e+01
1.333888240680679260e+01
1.295400678504796055e+01
1.318851847347214878e+01
1.284827547500526457e+01
1.336302291578318702e+01
1.347726589444589607e+01
1.319493075251236647e+01
1.314413929980972462e+01
1.319632493477780599e+01
1.321610555752198124e+01
1.256860721500592959e+01
1.319625774906478988e+01
1.329303385097153267e+01
1.327196256156946497e+01
1.326803931022300631e+01
1.256860721500592959e+01
1.321641115588905713e+01
1.291203290179763918e+01
1.347726589444589607e+01
1.347295576151482521e+01
1.320479968956834149e+01
1.300021884092600288e+01
1.348336532901293161e+01
1.284827547500526457e+01
1.312790189602802116e+01
1.287768428772892904e+01
1.300339898173655406e+01
1.285804881006258427e+01
1.348729727008004708e+01
1.319999630385720835e+01
1.272232024312706322e+01
1.299233614054670838e+01
1.324038217454973143e+01
1.282413496602887193e+01
1.268524886307928590e+01
1.346642817650649704e+01
1.280707073855077915e+01
1.292088064849238016e+01
1.302753949071294670e+01
1.299233614054670838e+01
1.318166819898632092e+01
1.346282275524872496e+01
1.285033493109671099e+01
1.273684581727692944e+01
1.299849861118748784e+01
1.314493261543142211e+01
1.301706091907012386e+01
1.299233614054670838e+01
1.317666503864522021e+01
1.305925598578403779e+01
1.320410426878230403e+01
1.308339649476043043e+01
1.319947390917058527e+01
1.260779074268695865e+01
1.319625774906478988e+01
1.281762323284580063e+01
1.331542300789912758e+01
1.327082601237828818e+01
1.319178187567492877e+01
1.307592727300506397e+01
1.319632493477780599e+01
1.278889957750698692e+01
1.275222067402577508e+01
1.317193000478391696e+01
1.299233614054670838e+01
1.288572050580147277e+01
1.331542300789912758e+01
1.274091560347610397e+01
1.284827547500526457e+01
1.333888240680679260e+01
1.289814978100047682e+01
1.289095522055985832e+01
1.327196256156946497e+01
1.327196256156946497e+01
1.310654307556492348e+01
1.300195044913771980e+01
1.279968230049747469e+01
1.305925598578403779e+01
1.289703861762246362e+01
1.297993958282888727e+01
1.293191192904349940e+01
1.315233321368770092e+01
1.314413929980972462e+01
1.303906260881394275e+01
1.255859004069989915e+01
1.336302291578318702e+01
1.347140829669768536e+01
1.301340742994877608e+01
1.308339649476043043e+01
1.286328989765917896e+01
1.305925598578403779e+01
1.304799165020550333e+01
1.314413929980972462e+01
1.289814978100047682e+01
1.348895595838191319e+01
1.286765020368644485e+01
1.285889292288090147e+01
1.320479968956834149e+01
1.303859024757027640e+01
1.286370218614095506e+01
1.320767084905729050e+01
1.341178605840038607e+01
1.308339649476043043e+01
1.306214672030457180e+01
1.311472463753513118e+01
1.313288048787251938e+01
1.347295576151482521e+01
1.348108583142551531e+01
1.281261471187535861e+01
1.346642817650649704e+01
1.296193859946872351e+01
1.299233614054670838e+01
1.348729727008004708e+01
1.305015060342259048e+01
1.319632493477780599e+01
1.340525317349647594e+01
1.273743449804736905e+01
1.282861629807427839e+01
1.305925598578403779e+01
1.348225203272486716e+01
1.297247444596559518e+01
1.306159471191201860e+01
1.302849659307622510e+01
1.279542387271283133e+01
1.293546062182744905e+01
1.273743449804736905e+01
1.281762323284580063e+01
1.317666503864522021e+01
1.337794245045280483e+01
1.330895637825507727e+01
1.278551289093705101e+01
1.309487519265434585e+01
1.289703861762246362e+01
1.347859315258741475e+01
1.252744431752802434e+01
1.293663116561469550e+01
1.310145370470420012e+01
1.320023991379073713e+01
1.288860525825544379e+01
1.301340742994877608e+01
1.286790269419918076e+01
1.299851218631555128e+01
1.307898468517089086e+01
1.347726589444589607e+01
1.274106080270227359e+01
1.296489812050912427e+01
1.300339898173655406e+01
1.301340742994877608e+01
1.295757392971518129e+01
1.254838264625963795e+01
1.346980480445817108e+01
1.329584641408973056e+01
1.326639708405020279e+01
1.299233614054670838e+01
1.309045566419768925e+01
1.282413496602887193e+01
1.310025331593339892e+01
1.256860721500592959e+01
1.308030198814396172e+01
1.303684154181429911e+01
1.327196256156946497e+01
1.301340742994877608e+01
1.322289759065395032e+01
1.297993958282888727e+01
1.295755042590129236e+01
1.263017156512269068e+01
1.286451287878696803e+01
1.306801498530370509e+01
1.314413929980972462e+01
1.303579658687637099e+01
1.329303385097153267e+01
1.288077416156721178e+01
1.308030198814396172e+01
1.284827547500526457e+01
1.329402166213232839e+01
1.255859004069989915e+01
1.338745423344286678e+01
1.329584641408973056e+01
1.297993958282888727e+01
1.280067556712120513e+01
1.308984832298061463e+01
1.321078753405467232e+01
1.301706091907012386e+01
1.301340742994877608e+01
1.348225203272486716e+01
1.347140829669768536e+01
1.251673694351247335e+01
1.277828641019361022e+01
1.284291176244212451e+01
1.312790189602802116e+01
1.260779074268695865e+01
1.315919249866556484e+01
1.322670062016898207e+01
1.292036988283445176e+01
1.325201290206195637e+01
1.289095522055985832e+01
1.324572281216184244e+01
1.347726589444589607e+01
1.316040058258996659e+01
1.293663116561469550e+01
1.321260506261028489e+01
1.281762323284580063e+01
1.297255551780253491e+01
1.320373890799017680e+01
1.288741716370971524e+01
1.323576512219529810e+01
1.291274720969119549e+01
1.298113656688228446e+01
1.348970984802977036e+01
1.302451696883452037e+01
1.267004314028377010e+01
1.315233321368770092e+01
1.301340742994877608e+01
1.282413496602887193e+01
1.286952940501455700e+01
1.321627672374492946e+01
1.324874171690622759e+01
1.308339649476043043e+01
1.286370218614095506e+01
1.319482116818822881e+01
1.314065674358084124e+01
1.305925598578403779e+01
1.284823363602868618e+01
1.291069841761158088e+01
1.273743449804736905e+01
1.289703861762246362e+01
1.287270679266494433e+01
1.289095522055985832e+01
1.303579658687637099e+01
1.318851847347214878e+01
1.257099368416900731e+01
1.301078122447774810e+01
1.273743449804736905e+01
1.305925598578403779e+01
1.312081652784793917e+01
1.322193843857567508e+01
1.348108583142551531e+01
1.299233614054670838e+01
1.341008439770283722e+01
1.319482116818822881e+01
1.294500231374499322e+01
1.348108583142551531e+01
1.308339649476043043e+01
1.339089798800521258e+01
1.348729727008004708e+01
1.323363320607071714e+01
1.349223148363304148e+01
1.295755042590129236e+01
1.284608162561417366e+01
1.319763947342313948e+01
1.315233321368770092e+01
1.287270679266494433e+01
1.280731198658088665e+01
1.307988437004255999e+01
1.336302291578318702e+01
1.320373890799017680e+01
1.311748537688528060e+01
1.318319633422597015e+01
1.333888240680679260e+01
1.320050706951513675e+01
1.317436877783474891e+01
1.298113656688228446e+01
1.346980480445817108e+01
1.250588646991429620e+01
1.348336532901293161e+01
1.319625774906478988e+01
1.343562808927030261e+01
1.331868902983669756e+01
1.348442611059109808e+01
1.300118599720527257e+01
1.317837241282241934e+01
1.287702603676237345e+01
1.300339898173655406e+01
1.284827547500526457e+01
1.318826159726747349e+01
1.299006608240957839e+01
