-3.674857440530783226e-01
2.638152069340038430e-01
9.206481893585457543e-01
5.209318938986248204e-01
-1.934171862817705589e+00
-1.422802556554899844e+00
8.568150024112887175e-01
2.455244023781824325e-01
1.630917497902508451e-01
-5.327486202382132330e-01
1.374611619183075728e+00
-8.190816223971257581e-02
-2.919915448338912700e+00
-2.870386071072372203e-01
-2.377688761493600422e-01
5.475021715010789380e-01
4.448418651260691026e-01
2.578640934594509382e-01
3.741971466626572290e-02
-1.454588285166462935e-01
6.488548783693844912e-01
-2.192006491857927120e-01
1.322608245161205343e+00
2.169160318249818697e-01
1.175166601085885665e+00
-2.591036675824158197e-01
-1.102491528945895860e+00
7.178138378227706395e-01
5.774220767600632964e-01
7.766469905764621373e-01
-5.955923526164428328e-01
-4.521879223235499845e-01
1.223680160679760487e+00
7.285367687863422148e-01
1.038640540288198466e-01
6.927306507910052646e-01
-5.257644323303526379e-01
1.031187124601190330e+00
4.631166496163802715e-01
2.213665443821973278e-01
-3.198582214858204376e-01
-1.694838101830749011e-01
6.597239159300204159e-02
1.485837154356871026e-01
-1.154910853483386707e-01
-1.362819486945922032e-01
1.378337438972478513e+00
3.422837084931809604e-01
-8.555931388702647800e-01
-6.426989678092727143e-01
-1.348392187745649284e+00
-3.063908279723372430e-01
8.786523366640272004e-01
-4.287639192318644987e+00
-3.334166458515216980e-01
-1.896865064652659916e+00
1.430215577412304873e+00
4.904518000855676019e-01
-8.702945583661447770e-02
-6.666926264619581488e-01
-4.148396427966843936e-02
1.748865892354953822e+00
-3.334965476361553827e-01
-3.772132328324081518e-01
2.214427320783433295e+00
8.716999254603443603e-01
5.787595226001444049e-01
1.329957236933758738e-02
-6.395453754333537688e-01
8.213410695637383130e-01
8.415893921162584390e-02
-3.429612720624777289e-01
-7.549117758191241645e-01
-2.648578431857637194e-01
-5.345071058804303776e-01
8.380994632671024958e-01
-6.168821637430269567e-01
5.273559255071795793e-01
7.974253582488679548e-01
5.320544382602417910e-01
5.190070128786118397e-01
1.006828608360189836e+00
2.506376051678467776e-01
-6.421266619894085981e-01
2.298943215439211707e-01
-1.096659570647041448e+00
-2.362084781939239875e+00
7.652862326827875039e-01
-1.239099878757848883e+00
6.348846818625075716e-01
4.435386133033228928e-01
1.826568378720348218e-01
-3.358545638719424575e-01
-7.180699453492604967e-01
-8.552610234459723237e-01
-7.657686011147016858e-01
6.070701338633577304e-01
-6.532320426858108098e-01
5.454879819206759350e-01
-5.895731887314376030e-01
-2.307321155938059642e-01
5.120988103553435200e-02
9.354351996038250405e-01
7.353446530136479309e-01
9.668131499254369876e-01
1.969516602258847005e-01
-7.708900090042346276e-02
-6.153081771047015369e-01
-8.023208413028984909e-01
1.378151065097018291e-01
1.251917482133602988e+00
-4.638821099321769337e-01
8.575690941717493965e-02
-1.981624873027080236e-01
-2.498427092925876725e-01
-1.142153311081394174e+00
7.803388170341845065e-01
8.994049884244932347e-01
-7.122946589391074834e-01
-1.195308371821773408e+00
-5.781360962278339066e-01
1.759533380438055961e+00
1.018238635599406416e+00
2.078619108454255945e-02
9.861192082614850252e-03
2.960984043306451041e-01
4.677990786749922636e-01
-1.571072523143120403e+00
-2.350520286941663872e-02
1.740789477465260193e-01
6.191629306343808814e-01
4.924544911290992255e-01
-6.412123845930324528e-02
3.181294532199027136e-01
2.838807856301813204e-01
-1.700302698753586528e+00
3.701080842679541072e-01
3.821553056192107389e-01
-2.416644275699753486e+00
4.301384768329939989e-01
6.809040826591939988e-01
1.007165458508972773e-02
-1.188942888874435555e+00
-1.089342057525757301e+00
6.868435873460024821e-01
-1.887449476142936566e+00
5.633620802003713735e-01
7.401240446328419820e-01
-8.541974415384522290e-01
1.201846868909657307e-01
-6.934588878275871338e-01
-1.552238324026658622e+00
-8.109584827248883521e-02
1.347506648232457804e+00
-1.533814265736893612e-01
-1.569040273169721280e-03
1.941935493571239346e-01
-3.846864498238716096e-02
-5.848058090186367686e-01
-2.207460644718647336e-01
-4.396759164171047951e-01
-5.915766678163761894e-01
-9.428880858697227252e-01
-3.517239123008084056e-01
-3.343398118933259000e-01
1.388264698681510367e+00
8.131511070997538004e-01
-3.331198129663269225e-01
-3.372651038131738721e-01
-3.094936912324242617e-01
-2.658094771731575046e-01
1.221727279990522996e+00
1.325876915422670443e-01
-2.971219585821164855e-01
-2.505901981352461894e-01
-7.665946235280702847e-01
3.227866555680886651e-01
4.775886252119980468e-02
-1.192508732023022100e+00
-1.470174147531101871e+00
-8.920111535321856300e-01
1.638867043925666955e-01
-1.259788329623340530e+00
-2.124366222187172304e-01
2.554505176986038295e-01
-9.951024591261488084e-01
-6.068010124242104730e-01
3.830362341141887450e-01
1.330227217182358590e+00
3.963492894001718891e-01
-9.551575408169160619e-01
4.159911511030844333e-01
-8.619249767792042105e-01
-8.584616446128172651e-01
2.001478518875162038e+00
-5.569946160472973723e-02
-5.150325081861687471e-01
1.208739072056822739e+00
-1.047120537206899904e+00
3.773423584723729074e-01
-2.188833461296006005e-02
-2.181386938596283076e-01
3.103158989217345148e-02
-3.352607352590825651e-01
1.870339991222235432e-01
-1.951941861703802850e-01
-8.041574867451890540e-01
5.973202735955206455e-01
9.808915090618645916e-02
7.290061215259882044e-01
5.948587791310612494e-02
-3.515118809654406151e-01
-2.336319791417919567e-01
3.373811227422728876e-01
9.861524100475618226e-01
-1.804416463880851584e-01
5.452700836101513904e-01
-1.321746248190237560e-01
9.526357007495032947e-02
-6.665986843458381328e-01
1.163582833808282785e-01
4.075077197553326758e-01
2.922252044595633480e-01
8.319918440033512441e-01
-2.262231568682578908e-01
-2.992966512919628674e-01
-4.157570145743832296e-02
-3.346135877741676090e-01
-5.273418031762543423e-01
1.685123861868711659e+00
3.606508906732426856e-01
6.997454615813940570e-01
5.272319418299833416e-01
-9.024427422571391910e-02
-9.771983748114470014e-01
-3.006218198851414725e-01
-9.891369546811453750e-01
-5.417165894623469091e-01
1.689591968942662781e-01
4.518683302062465601e-01
-9.849890279140862681e-01
1.028242234320948523e+00
3.998038272827779682e-01
7.940619278783612733e-01
-6.930612484407143725e-01
-6.907071237681972065e-02
1.851826566167220189e+00
3.035630931621413064e-01
1.154014893192622182e+00
-1.954398485863375057e-01
-5.839726182017825895e-01
8.456925596757187968e-02
6.601049905354143821e-01
2.352246418830144514e-01
7.998302488867556903e-01
-6.363725032235212353e-01
-1.943657490888848871e+00
-1.003846247039829720e+00
-4.010934771320242009e-01
-7.202367248998990668e-02
9.434208607159311200e-01
5.868592672865717841e-01
-4.763106808486970434e-01
-9.865354104552498393e-01
2.163866230908691179e-01
-1.206042677241148775e+00
2.344680194862519551e-01
-2.865170959684893992e-01
-1.060302565585828027e+00
1.389993934299907252e+00
-4.527983664249980444e-01
-3.717151059539591795e-01
-8.623133370841159495e-01
8.805296995830074192e-01
7.764157881863388289e-01
2.394565103765182446e-01
7.810874276625132673e-01
1.203910847587231076e-01
-3.980071840667893657e-01
1.788733599923717499e-01
4.999750723943007791e-01
-9.861809260994710558e-01
-1.051772122439955104e-01
-9.825334950849355931e-01
7.550038121717317363e-01
1.180238698784904644e-01
6.128622819790222609e-01
-8.692831094303955508e-01
-1.229821274452616908e+00
-1.094223888220533375e-01
-3.086135598372025113e-01
-1.735088459784651094e-01
-5.728341437472788122e-01
8.386294136459085946e-01
6.429353907931115164e-02
2.817721638610120594e-01
-2.089436041241713726e-01
5.550959565934789897e-01
4.475912350038827592e-01
-6.230924727110435102e-01
8.402536530986148833e-02
2.300276245331804303e-01
-4.592720652101882628e-01
1.659490647619498924e-02
-3.764300161735114059e-01
-9.429807061736911189e-02
-1.284370713999582851e-02
2.560354562363291731e-01
1.894566935997972212e-01
2.798030472103200245e-02
-2.421613170082066030e-03
1.239612144449711684e+00
5.299398538628646849e-01
2.963308961342054348e-01
-6.128585894114033650e-01
9.150232115497825003e-01
-5.924797484234414213e-01
-1.074541901706594915e-01
4.076911749489966486e-01
2.255956371039240960e+00
2.300622396364422062e-01
8.340374029637208642e-01
-8.770622468871938082e-01
-6.282531010344981001e-03
1.006325887526813012e-01
-5.510640461056502959e-01
4.114086952598445257e-01
-1.055358962239501208e+00
-2.969588435189193798e-01
-4.704959219909579660e-01
-1.577655464737092172e+00
-6.160645784978102668e-01
4.591556533385220407e-01
5.935830710797088683e-01
1.631011939165870339e-01
1.716974138375558165e-02
-1.296900161916966221e+00
-2.414344923726452485e-01
-8.342004269360596413e-02
2.879630374029961692e-01
5.626847056782524614e-01
4.129797302760535027e-01
-7.995381810265171918e-01
-2.194664228949495532e-01
-1.026307857211109287e+00
-8.028237636672973521e-01
3.535638677722160450e-01
6.638217953258921389e-01
-4.526859954947873993e-02
1.173585400485657626e+00
9.644733536937838414e-01
1.877234184573612075e-01
5.492800760659122261e-01
7.969186705016991779e-01
-3.172762941391892078e+00
6.459005304524885194e-01
4.813218763654613652e-01
6.223465784875704676e-01
-3.011141801326019385e-01
-2.477622364467535199e-01
-4.325003046053859102e+00
1.243411328442693087e+00
9.405712698895510870e-01
2.250753811521034597e-01
6.202342696637849206e-01
-3.389943300362369127e-01
-9.850365006778409871e-01
1.984578966724155791e+00
-2.999624025863182469e-02
-7.473534877163512391e-01
7.011753005954353135e-01
-4.267629219098722504e-01
-1.899874070350071609e-02
5.437927967063748147e-01
-5.137941066887727892e-01
6.003243980448106365e-01
-1.991577934764837965e-01
-8.285457493205677926e-01
4.078118267067040725e-01
1.300027703923722910e+00
-1.689129316218353494e-01
6.289817835244926325e-01
-1.000913340556797371e+00
7.081195182047597680e-02
9.393900967993137341e-01
-3.348170189916808148e-01
-1.183594968244477963e-01
2.097727362205215329e-01
1.763811314337090097e-01
1.296463777943443363e+00
7.962218421771727339e-01
-2.665123545533739091e-01
-3.028206658425581232e-01
-1.494272153337731668e+00
3.347366356327948766e-01
1.125769621319258729e+00
9.389460598157464144e-01
-8.933215193107821861e-01
-4.737879415358458024e-01
9.668797718751971637e-02
-3.318470598428999163e-01
2.939296118463036178e-01
-5.812880107186889633e-01
-9.679171851511225722e-01
1.792336992750401592e+00
7.640282429242617468e-02
1.845223157763405120e-01
-2.437293591395961745e-01
-7.756353232104747919e-01
2.635228197573945552e-01
8.776128352387221332e-01
8.508068941852391376e-01
-3.705058143459016295e-01
1.082152282991892367e+00
-7.843299022839346213e-01
-4.759489435957615922e-03
-7.125284900565227453e-01
6.189084669051355680e-01
8.460018172907807221e-01
4.024410738445835523e-02
-9.935855915090148482e-02
-9.698652692736198580e-03
4.349774348474235719e-01
2.835777286816328902e-01
1.117648670628510477e+00
1.142895479090958899e+00
-4.859588832903845024e-01
1.166652049172359540e+00
2.137462499758784329e-01
2.523242421632719834e-01
-2.075693650868881135e-01
-3.936469515751657711e-01
2.608601316465258280e-01
4.081616432229392966e-01
-5.716482360847273680e-01
-1.814386128892646888e-01
