-4.757425601313415298e-01
-2.237356358902200526e-01
1.188183769594844286e+00
-7.274328764277897541e-01
-5.532805687110501358e-01
-4.876360707690394203e-02
-1.181733474105887360e+00
-3.147040511335904012e-01
5.936086300408209837e-01
-2.200494836940472876e+00
-2.503414275380847265e+00
-7.772355458304655018e-01
-1.234711000714865614e+00
8.507826405529363145e-02
-1.988399856501016361e+00
8.554377702945987760e-01
-2.682370873587108101e-02
6.106317430676213576e-01
4.707223519363128161e-02
-1.873080680274811893e+00
-1.172898458596589144e+00
-8.382269135438656926e-01
-8.736467416364334104e-01
-2.286513252918293548e-01
-1.058733926804385161e+00
-7.770086408249076149e-01
-8.629810038826121188e-01
9.727595722229026576e-01
-4.145436813786989028e-01
-1.401065801201046401e+00
-8.148261655300870210e-02
9.950029131266324711e-02
1.294248117404003251e+00
-1.358260949097442438e+00
7.675789029373082661e-02
-6.756552317863154800e-01
2.023055081164016222e+00
3.100348897790155545e-01
-2.841869251380582106e-01
9.061701682991635254e-01
-4.986489749755734086e-02
-9.167534672410850016e-02
-2.715158561119494163e+00
3.801574137395556663e-02
-1.551149628115393586e-01
-5.950530534315866538e-01
-2.987189183461669284e-01
-2.400439422598489858e-01
5.605748564275260248e-01
3.573782971505863604e-02
-1.609394930983429450e+00
9.101541441193913284e-01
-4.701391623996312163e-01
-1.985304700688600432e+00
5.890077343807551546e-01
-2.083506628391180726e+00
1.711484252225223601e+00
-5.839081000306928226e-01
-5.143636995659319755e-01
-1.238582921602918274e+00
-5.069111376856940687e-01
1.678445460728916983e+00
-2.780257756338225805e-01
-1.111207169912249215e+00
1.753486531455798580e+00
-2.602292367943545681e+00
7.827610596180095692e-01
1.312011642291366575e+00
-2.100356239083259968e+00
-1.453957337571098463e-01
7.952103793094864592e-01
5.653748474647850575e-01
-1.726990321289153085e+00
5.296745547561060308e-01
-8.345871584852910807e-01
1.737880533244782644e+00
-2.064245922551327439e+00
4.652172280681793892e-01
-2.339413877965288879e+00
1.037864480054739635e+00
6.541913684098216164e-01
-3.484225342747034743e-02
5.436558070974126800e-01
3.024157185768404088e-01
2.077388465061904999e+00
-4.136462812686539925e-01
-1.553086653143573193e+00
-1.591758821398514323e+00
-8.756918598411976840e-01
7.332473930817174912e-01
7.358872469088096890e-01
-6.401511501008201321e-01
3.102202696751866218e-01
-1.363667995150776191e+00
-9.275487424904262923e-01
-4.289471185643720652e-01
6.534643066537763056e-01
-6.102666681311949004e-01
-1.215588441185230517e-01
-1.422704287562368997e+00
6.334342599182806177e-01
9.052256397418888545e-01
-3.286502021241696769e-01
1.193173702197130703e+00
4.041306689805347907e-01
2.033457387878646327e-01
1.402750380732334656e-01
-1.652772733638370184e+00
-8.108722749244819950e-01
2.080825718717106143e-01
4.065774286463287313e-01
3.100836037226991845e-02
1.209841111947716374e+00
-1.365382733734539222e-01
-1.147543971489998205e+00
5.375316614112226610e-01
1.564087905615734408e+00
-9.685662681611506564e-01
-2.171117705604865278e-01
-3.750977942040090163e-01
-4.453417497172075246e-01
6.190271262097126748e-01
2.413745058800014220e-01
2.075102672069438214e-01
-1.762983275859297261e-01
-1.663260152718613494e+00
-2.051153639207497825e+00
7.567109288817391866e-02
-1.214744410355349302e+00
1.674083328443374707e+00
-1.406092332979684834e-01
-1.592408378991826967e-01
4.781508554525029653e-01
-1.880719800383006124e-01
-3.482836603960802191e-01
3.645187026349149817e-01
1.005749285790326741e+00
-8.017386500527730053e-01
-3.231534957034996047e+00
-3.902533323661972475e-01
-3.197987852297174416e-01
3.656052260629572559e-01
-2.152821638087140332e+00
-1.019066236087370791e+00
5.857405892164161409e-01
-5.916687354791574371e-01
-5.705883991413241985e-01
-8.285870506591981599e-02
-1.034675524901442323e+00
2.049331321268589967e+00
-6.601423308142552182e-01
9.056602185172815123e-01
-1.374621165215271335e+00
7.527300316806950775e-01
1.668291784943709555e-01
9.800851072261289598e-01
-1.754228911286281667e+00
-8.116662236962242094e-01
-2.548914714512704460e-01
6.307981862641596216e-01
1.939610991605488666e+00
1.255037912556393298e+00
-1.984990104862312199e+00
-2.929254121535875388e+00
-1.071887385496919309e+00
7.132934498573637594e-01
-2.144845236935269683e-01
-9.423227704148851025e-01
5.693272244241474045e-01
-5.377952877358703476e-02
3.090935294739314831e-01
4.896354247892499845e-01
1.814322645299748515e+00
1.151026022057443088e+00
5.702712359292312350e-01
-2.242966575615848779e+00
-1.001203006415699814e+00
7.229772744859200850e-01
-9.234143759049533440e-01
-1.242282868743624230e-01
-8.854235533334438024e-01
-6.651872540702618020e-01
5.056195620292506243e-01
-6.470360695613261992e-01
-1.499304621268619631e+00
1.196311654212457443e-01
7.281114478912892318e-01
1.166373608000408790e+00
-2.559140662425631318e-01
1.240792051633665904e+00
-6.420103622395167964e-01
-9.598599073944251714e-01
-1.721324129201965702e-01
1.975811807710829537e+00
5.582102090293390440e-01
5.032649825942844268e-01
-4.278138121757930068e-01
-8.775985335117285624e-01
1.393800982032720737e-01
-4.530107516367775089e-01
-7.156427064901571544e-01
-4.053871463363958871e-01
-7.232188779731156814e-01
-8.129009202746356744e-01
7.274787270011965346e-01
2.051767019334635733e-01
-2.180302155676002940e+00
9.074991820579125790e-01
1.761940906124884076e+00
1.141712363063505986e+00
5.399063782056974237e-01
3.621323071782672209e-01
-5.140186315734216471e-01
-1.099712282915846329e+00
3.768598005104825677e-01
2.710698158620971743e+00
3.665358854157056423e-01
6.535828813521853409e-01
2.349333183099096001e-01
-1.987002818410901483e-01
7.956893399086943930e-01
-4.818199122295706571e-01
1.213152682039088992e+00
-8.928505670040057796e-01
-2.102086476024219053e+00
-5.732442446458740903e-01
-7.047711349445743290e-01
1.059141801478113570e-01
7.466748364645893477e-02
3.621118265916626333e-01
-9.209532930726572753e-01
3.469218278165290270e-01
-1.592600512534953383e+00
-5.537760020651342208e-01
-2.126242289703631272e+00
5.579622190010425919e-01
-1.456491906331759956e-01
5.997298924913450902e-02
1.163947799502140557e+00
2.952062651476756727e-01
6.939856517321338902e-01
6.484683301156245472e-01
-1.350094477154588857e+00
9.812668751631612452e-01
-2.085670549127703666e+00
5.248947952915635762e-01
-1.379334606024697818e+00
1.406084963699393564e-01
2.612707199226235399e+00
-4.747387580307758648e-01
-1.379294489933937884e+00
6.876985745578264586e-01
-3.867276492870309612e-01
-6.545875582192858255e-01
1.096438547785621331e+00
-1.512749276495231276e+00
-5.643932781256733033e-01
-1.939800022610830954e+00
1.348925977598909531e+00
-2.298204388099579776e-01
4.159514211153317875e-01
-3.863636455136572057e-01
4.487080255328521616e-01
-1.480378506547570527e+00
1.879057257712742346e-01
-4.629446518112391717e-01
7.386054038287447054e-02
-3.615363505498637164e-01
1.510709041753026949e-01
-9.223584052944048262e-01
2.629612324195654272e-01
8.599849087342785747e-01
-5.541655063588366570e-01
-2.146110564227383596e-02
2.729685350621480655e+00
-1.665371125131913099e-01
-2.865903992254159594e-01
-2.260146459000817593e-02
1.487793220478969447e+00
-8.682671866796524140e-01
-7.935189088959114789e-01
-9.030413156650477502e-01
1.310657537385365501e+00
-2.812401841783961576e+00
1.139638277629529739e+00
7.464385061533196364e-01
1.102722863729201475e+00
7.529374868606617532e-01
-2.184066863671974446e+00
8.831136216513232329e-01
4.797039601622015148e-01
-8.457809954741177805e-01
-1.094173704539699310e+00
1.056661515210402857e+00
-8.113521144603590418e-01
1.440051178148136657e+00
-6.982238348187578582e-03
3.273546340218912443e-01
6.182620602177701929e-01
1.655515051593986708e+00
-4.218852412869161794e-01
-2.484760087586593613e+00
-1.301872106388461292e+00
-4.094898361311513746e+00
-7.245064888490866384e-01
-4.697472669067142559e-01
7.737978389438731064e-01
5.076288189837240283e-01
8.491006081983204501e-01
-1.059093388308419703e+00
-8.444007168165253985e-01
3.813592151904630634e-01
-3.779828925467363931e-01
1.538789395411262584e+00
9.640266745808598881e-01
1.885135525197292328e+00
-2.096205740849372390e+00
3.698390212487677187e-01
4.978253118935955235e-01
2.457007956382371461e+00
-2.868675159495582827e-01
-2.763839907741532653e-01
-4.435838914618271955e-01
-1.220298826959550942e+00
-3.037450095305966880e-01
-9.205911870855268964e-01
1.629821399501930168e+00
-1.737718290511682251e-01
4.605686755314081782e-01
-1.356868169356271414e+00
-1.312873530972060498e+00
-9.608663371284236199e-01
3.615211028097435886e-01
-1.813851454905447635e+00
-1.313289525833078786e+00
-3.897262151157223076e-01
1.502857046051323531e+00
-2.343895582995497162e-01
1.074194933573112021e+00
-8.724556966993715079e-01
1.170686298056738961e+00
7.724380441634897121e-01
-1.157336658476302960e+00
-2.456684125775520644e-01
6.243673983960340568e-01
-6.042840866378883513e-01
-1.210801009299471209e+00
6.634593711545044847e-01
-9.355263541455709486e-01
-1.954514332181039871e+00
-1.681831106991688696e+00
2.236795031587477112e-01
1.950821429595227086e+00
9.422536615004012406e-01
-1.513346649399537780e+00
1.044503319344221248e+00
1.559813631990885074e+00
-1.850580880625037228e+00
5.814059064241050567e-01
4.517826407126178667e-01
-1.936002146614905994e+00
-2.168853366562341733e+00
1.040621493409974896e+00
1.065203486958759882e+00
-2.652503428024550747e-01
8.051483131826022710e-01
-5.452069318821262112e-01
-1.234376217450466190e-01
-4.047175845247758197e+00
-1.108667538713881476e-02
-1.266271204413712270e-01
-1.268061817608150177e+00
-8.622391081106025590e-01
-1.760411552844977523e+00
-9.960686128946413254e-01
1.816321094910586798e-01
-6.455517384616272780e-01
2.322262119806474789e+00
-3.470902451595540006e-01
3.637725765427249347e-01
1.466432771645120203e+00
1.302293160213075618e+00
-2.046070054091188251e+00
-6.471106494648128926e-01
1.336274680734756304e+00
-7.033962844952253990e-01
-1.029449802141174208e+00
1.258798836826275913e+00
8.341017055071923147e-01
5.064365823012347868e-03
-1.150899295725326399e-01
-9.961388917334047521e-01
-2.579584264434829355e-01
-1.349480492704329793e+00
-1.099567409418356762e-02
5.486385382347883644e-01
9.250854549898887003e-01
-5.519673788243814050e-01
-7.828396359467698629e-01
8.274236079820302958e-01
-3.229127976699107005e+00
7.152624046262849866e-01
-4.461510367625250439e-01
7.080600610388460003e-01
-1.329216025745646235e+00
1.213451917642667383e-01
-4.844145156542166153e-01
-1.951900722211471706e+00
-7.290202083138874745e-01
1.315379395298604814e-02
1.687740092343538445e-01
3.673567252097234004e-01
-7.662528084591314625e-01
4.641260960209656061e-01
1.670730828923321809e+00
5.362372368870176320e-01
-1.400168707834303361e-01
2.873622709680562215e-01
3.856414226462748229e-01
1.493459033991124230e+00
6.344022935275470676e-01
-2.093143177162717083e-01
7.853399068080921808e-01
4.263007400828174309e-01
-7.712047278864666566e-01
4.172897287271012945e-02
-4.962498736662429577e-01
1.333011621886392106e+00
-5.258261449899720441e-01
-1.167323859372373374e+00
-1.051325490961142251e+00
-8.843790248859767500e-01
1.165223018813446476e+00
-2.357339304000717117e+00
3.492954730407753228e-02
-1.629408148443427740e+00
