1.080059775693428392e+01
1.066598450460279857e+01
1.047738803378085493e+01
1.092845674049371674e+01
1.073808820108584960e+01
1.065426222888737406e+01
9.762487003585524903e+00
1.005905415320176566e+01
1.055169078383420533e+01
1.064077324532634705e+01
1.003784386651362226e+01
1.066598450460279857e+01
9.761114086585413574e+00
1.109998371248256710e+01
1.109340277764428784e+01
1.109079728955339483e+01
1.109025844535751659e+01
1.002075173259380136e+01
1.093566192623203293e+01
1.068275026114559978e+01
1.063737776322743578e+01
1.002075173259380136e+01
1.074080467558795782e+01
1.002127270295310879e+01
1.033746507674844040e+01
1.108909467741989197e+01
1.092667750348200784e+01
1.046879651996481542e+01
1.108744970879545377e+01
1.047738803378085493e+01
1.058256154656970516e+01
1.093195559855941745e+01
1.065426222888737406e+01
1.044681310253505302e+01
1.044948819785591176e+01
1.003784386651362226e+01
1.093566192623203293e+01
1.076329229193651571e+01
1.076619891663777473e+01
9.763743405181102730e+00
1.056234630641829852e+01
1.064605134040375667e+01
1.068275026114559978e+01
1.047738803378085493e+01
1.109265819567956513e+01
1.080918687550146906e+01
1.076329229193651571e+01
1.093195559855941745e+01
9.761370619848770858e+00
1.092667750348200784e+01
1.065426222888737406e+01
1.064605134040375667e+01
1.080069379886223224e+01
1.046039587341766008e+01
9.761370619848770858e+00
9.762487003585524903e+00
1.002425059065950208e+01
9.776390518774869420e+00
1.033746507674844040e+01
1.111056938055067356e+01
1.108939198399412263e+01
1.004602462280101172e+01
1.109362876421022825e+01
1.030717696110876958e+01
1.030846108281850881e+01
1.002795691833211578e+01
1.111124708012846440e+01
9.780751762298809382e+00
1.095188876275845935e+01
1.055169078383420533e+01
1.064077324532634705e+01
1.064975766807637036e+01
1.111899885347972194e+01
1.082140445960533093e+01
1.082934170073395208e+01
1.087209457047881678e+01
1.075470077812047798e+01
1.005511666470554921e+01
1.030846108281850881e+01
1.057223325459980501e+01
1.033746507674844040e+01
9.785456839872839652e+00
1.080334159878851885e+01
9.782440172223340724e+00
1.055004161558318110e+01
1.073808820108584960e+01
1.046879651996481542e+01
1.055352798096200218e+01
1.072481517650448701e+01
1.083926614182393600e+01
1.046039587341766008e+01
1.053067787291165125e+01
1.086377105788691289e+01
1.001621083065246864e+01
1.085562106803825877e+01
1.034595899028690269e+01
1.064077324532634705e+01
1.065426222888737406e+01
9.760705459248175231e+00
1.006279219884455678e+01
1.064605134040375667e+01
1.079623104834406533e+01
9.761820071439450075e+00
1.108723896096145545e+01
1.083760781000281526e+01
1.049818924490575789e+01
1.093566192623203293e+01
9.772147856935347932e+00
1.004418375485854398e+01
1.065426222888737406e+01
1.044681310253505302e+01
1.004575957182159307e+01
1.064307345269736338e+01
1.082158871498196895e+01
1.064605134040375667e+01
1.076912706751100934e+01
1.003246147914311948e+01
1.055169078383420533e+01
1.063956672805158910e+01
1.082655725673772018e+01
1.080069969653817452e+01
1.077207682423064306e+01
1.001897249558209246e+01
1.109291640794323719e+01
1.108754711401195436e+01
1.083587065972502472e+01
1.048501829182376532e+01
9.771885957963865721e+00
1.064605134040375667e+01
1.076329229193651571e+01
1.092364162371250025e+01
1.004900670281626951e+01
1.108677585222717887e+01
1.065426222888737406e+01
1.092328202138309656e+01
9.763218924298813661e+00
1.065426222888737406e+01
1.033746507674844040e+01
9.766904044909349381e+00
1.064975766807637036e+01
9.794703208237759640e+00
1.119093033898816714e+01
1.001593661581258488e+01
1.080156184977369982e+01
1.110008973339689753e+01
1.076619891663777473e+01
1.006005473213124013e+01
1.108847551613197702e+01
1.055060021873865139e+01
1.083759504198986612e+01
9.770312078007185264e+00
1.094554887441353941e+01
1.083847453879944389e+01
1.073006283544885697e+01
9.767057560990402010e+00
1.041757104467094663e+01
1.045426287694289158e+01
1.109183571297467452e+01
9.764341233764318062e+00
1.093195559855941745e+01
1.094016648704303485e+01
1.063910214549227717e+01
1.048914400831542260e+01
1.003784386651362226e+01
1.094554887441353941e+01
1.075754330235228373e+01
1.110977166010982664e+01
1.083594587373884188e+01
1.083926614182393600e+01
1.084156634919495232e+01
1.049832281176593618e+01
1.047450285557716221e+01
1.093195559855941745e+01
1.092897771085302416e+01
1.004582290155185831e+01
1.049832281176593618e+01
1.111543437374387011e+01
1.082306998022133904e+01
1.075754330235228373e+01
1.076619891663777473e+01
1.045490041743229526e+01
9.760509540812916995e+00
1.074354195919231181e+01
1.003784386651362226e+01
1.032374812466928482e+01
1.063848321143103526e+01
1.056685086722930222e+01
1.079623104834406533e+01
1.073271736069071558e+01
1.092335723539691372e+01
1.080085359762806263e+01
1.064307345269736338e+01
1.112274401783449029e+01
1.003246147914311948e+01
1.001565222749699835e+01
1.077804147390675027e+01
1.072259386494114253e+01
1.006005473213124013e+01
1.057223325459980501e+01
1.064307345269736338e+01
9.793163095060693379e+00
1.078409350306142045e+01
1.081072679803137859e+01
1.080059846832788395e+01
9.760408973746846684e+00
1.109919721025552342e+01
1.030487675373775325e+01
1.064307345269736338e+01
1.033746507674844040e+01
1.065426222888737406e+01
1.004735789060525342e+01
1.065964461625787685e+01
1.111090644387401127e+01
1.002075173259380136e+01
1.047450285557716221e+01
1.074016713509855236e+01
1.093566192623203293e+01
1.113390997716562048e+01
1.048322280935534856e+01
1.108950660865153104e+01
1.083926614182393600e+01
1.080291957144636683e+01
1.061032438261016608e+01
9.790213385008806668e+00
1.064307345269736338e+01
9.767250767473663942e+00
1.093566192623203293e+01
1.058256154656970516e+01
1.003784386651362226e+01
1.094016648704303485e+01
1.055169078383420533e+01
1.063773736555683946e+01
1.092897771085302416e+01
1.092897771085302416e+01
9.774487817030561132e+00
9.760615621789582974e+00
1.080394002688977295e+01
1.065426222888737406e+01
1.005156081859277961e+01
1.056234630641829852e+01
9.760802745312481932e+00
1.033008801301420476e+01
1.083594587373884188e+01
9.763969964657331246e+00
1.048501829182376532e+01
1.094554887441353941e+01
1.076912706751100934e+01
1.064605134040375667e+01
1.065964461625787685e+01
1.081293260334977724e+01
1.065426222888737406e+01
1.108735996497762422e+01
1.083594587373884188e+01
1.055169078383420533e+01
1.072742880061158921e+01
1.080699567285618734e+01
9.773614041523549290e+00
1.045490041743229526e+01
1.087162225073202038e+01
9.772357479187396834e+00
1.044681310253505302e+01
1.095926582649269498e+01
1.065964461625787685e+01
1.108829946142478740e+01
1.083623026205442841e+01
9.780061277517788199e+00
1.076619891663777473e+01
1.074907927240541206e+01
1.080537386647827347e+01
1.077804147390675027e+01
9.759506053114931134e+00
1.064307345269736338e+01
1.073271736069071558e+01
1.108748255560024809e+01
1.083926614182393600e+01
1.006433793092435636e+01
1.001897249558209246e+01
1.080744251842991588e+01
1.065426222888737406e+01
1.074630013157332264e+01
9.759510157127058605e+00
9.766904044909349381e+00
1.108661444256910578e+01
1.080351737690530811e+01
1.030184087396824566e+01
1.001897249558209246e+01
1.074016713509855236e+01
1.033746507674844040e+01
1.121583743248645604e+01
1.004880579336950319e+01
1.068275026114559978e+01
9.772299182570614917e+00
1.005156081859277961e+01
1.075470077812047798e+01
1.043668960678547997e+01
1.063801158039672323e+01
1.083697610792862598e+01
1.046597520320733032e+01
9.766675060828069022e+00
1.064605134040375667e+01
1.081376393521193613e+01
1.030320565390368337e+01
9.769571433669224092e+00
1.075754330235228373e+01
1.080060563882405056e+01
9.759484756280686568e+00
1.056685086722930222e+01
1.064605134040375667e+01
9.759570488160042245e+00
1.047035204275253406e+01
1.077207682423064306e+01
1.004757285727578164e+01
1.004575957182159307e+01
1.064307345269736338e+01
1.091755404757827108e+01
1.003246147914311948e+01
1.109227473196871827e+01
1.049832281176593618e+01
1.031386117648777834e+01
1.030717696110876958e+01
1.092897771085302416e+01
1.064605134040375667e+01
1.111730149891773500e+01
1.056234630641829852e+01
1.055863997874568483e+01
1.001776597830733451e+01
1.055004161558318110e+01
9.767849961580765239e+00
1.083594587373884188e+01
1.064975766807637036e+01
1.093195559855941745e+01
1.055060021873865139e+01
1.031386117648777834e+01
1.003784386651362226e+01
1.004742091639361590e+01
1.048501829182376532e+01
1.095188876275845935e+01
1.004757285727578164e+01
1.056234630641829852e+01
1.002795691833211578e+01
1.109099624581071630e+01
1.043631762529748208e+01
1.030487675373775325e+01
1.064605134040375667e+01
1.074630013157332264e+01
1.076912706751100934e+01
1.041757104467094663e+01
1.002425059065950208e+01
1.064255248233805595e+01
1.032374812466928482e+01
1.002075173259380136e+01
1.110188278338638135e+01
1.111843297600080405e+01
1.063745297724125294e+01
1.112673197445294804e+01
1.063773736555683946e+01
1.112453612880196196e+01
1.075754330235228373e+01
1.083650447689431218e+01
1.063801158039672323e+01
1.042865893573384461e+01
1.074016713509855236e+01
1.064077324532634705e+01
1.045763770103664925e+01
1.030665599074946215e+01
1.004550469431787896e+01
9.762772313252362721e+00
1.030211508880812943e+01
1.072481517650448701e+01
1.108654660429604455e+01
1.001557701348318119e+01
1.033008801301420476e+01
1.064605134040375667e+01
1.003246147914311948e+01
9.770893372371579844e+00
1.111539649062249424e+01
1.112557820966098276e+01
1.065964461625787685e+01
9.772357479187396834e+00
1.047738803378085493e+01
1.109843857505998876e+01
1.065426222888737406e+01
1.078422706992159874e+01
1.082274933858658450e+01
1.001897249558209246e+01
1.005156081859277961e+01
1.004418375485854398e+01
1.063773736555683946e+01
1.064975766807637036e+01
1.048914400831542260e+01
1.002863808699206594e+01
9.761230435379772530e+00
1.001897249558209246e+01
1.065426222888737406e+01
9.777394220542930725e+00
1.004602462280101172e+01
1.074907927240541206e+01
1.064307345269736338e+01
1.006541377100313817e+01
1.047738803378085493e+01
9.759985479465141722e+00
1.074907927240541206e+01
1.065964461625787685e+01
1.006132618822484481e+01
1.073271736069071558e+01
1.092500640364793796e+01
1.071456319388950540e+01
1.055863997874568483e+01
9.777087430527107159e+00
1.047163904419662295e+01
1.033008801301420476e+01
1.004418375485854398e+01
1.080475919611923352e+01
1.108990334326893468e+01
1.094554887441353941e+01
1.045763770103664925e+01
1.109468025111968537e+01
1.049818924490575789e+01
1.094016648704303485e+01
1.034595899028690269e+01
9.790934697170033729e+00
1.030211508880812943e+01
1.077207682423064306e+01
1.039684600298993722e+01
1.074354195919231181e+01
1.047450285557716221e+01
1.096775974003115728e+01
1.004987422281299203e+01
1.074080467558795782e+01
1.085223957668319628e+01
1.110589752922235185e+01
1.081658213106731203e+01
1.056685086722930222e+01
1.003784386651362226e+01
1.110816307281814197e+01
9.759987147027466392e+00
