-5.537595928009179103e-01
-1.745551883688848949e-01
-1.111643909137761260e-01
-5.077175235524232777e-01
4.028162023029901451e-01
-9.171481359332488148e-02
7.438765703459692125e-01
1.266246226899075678e-01
-2.851378727218139009e-01
-7.823249761526689383e-01
1.059242502059209862e-01
-8.698770092103789153e-01
6.740707468144451209e-01
-3.402132019372344773e-01
-1.543385857565466202e+00
8.677996602455544384e-01
1.056077052180943276e+00
1.730777140001149128e+00
3.386888280129592144e-02
2.372223371148161064e-01
-1.858899852275806008e+00
4.843498512357662100e-02
3.030296400001643020e-01
3.027106721047901350e-01
-1.912294556008163005e+00
-2.020446193773963728e-01
2.841610276705038296e-01
5.488617803017080687e-01
5.525190936854178503e-01
3.262386031485562943e-01
2.548290842359803299e-01
9.854358956449442708e-01
-7.396671486282517805e-01
3.418002336773260930e-01
7.169812928322822909e-01
-1.104859634874473251e-01
2.057500733115306679e-01
-3.075258777230668317e-01
3.660748221365061617e-01
8.634734259345160368e-01
-4.026571950424284174e-01
-6.104841446864988086e-01
-2.057258684734732945e+00
7.027811974997089095e-01
-1.654183943066548146e+00
5.856057154591212677e-02
1.048764938298355931e+00
1.691342672046265150e-01
1.114309392274152044e+00
-8.932280766654042692e-01
-1.658571990804130536e+00
1.321073826414135954e+00
-2.120580312880359086e-01
2.088710647693322375e+00
6.905357725717325978e-02
-1.069180847099518772e+00
2.300634142201240628e+00
1.846432426663353055e-01
7.430062371836614332e-01
-2.165880767849542199e+00
-2.281120153846381837e-02
-3.840653649156803434e-02
1.712322112270397156e-01
4.004638141928138495e-01
2.352294848689356233e+00
-7.314179987348505552e-02
1.224392118999115597e+00
2.448808927029554050e-01
1.507703326148395639e+00
-7.741198018120971636e-01
1.893281247066855022e-01
-9.204051042048438935e-01
-1.472659346595503571e+00
1.376638868946139294e+00
-1.910135796884281145e+00
5.211636763431620745e-01
-2.310510424329027535e-01
1.164680622096980089e+00
1.851756678054813143e+00
-6.707984625649205945e-01
-1.993511100369686762e-01
9.158062603898523557e-01
-1.335420397118229685e+00
-5.072324480246478418e-01
5.554309019880626641e-01
-4.249382295007825827e-01
6.798766629823561614e-01
-8.938715240534466089e-01
-3.721519604388737745e-01
1.734207820645550013e+00
-8.125956283901508703e-02
2.696718864580537556e+00
9.821249418272576248e-02
-1.417090013232636669e-01
5.201015727438161873e-01
-7.837488443382986114e-01
-1.906064590595084318e-01
-4.958230939296751072e-01
-1.516660907220452603e-01
7.899072171703016565e-01
-8.316700198273880851e-01
-3.939730283286721133e-03
1.002700989833394507e+00
3.338967074754559117e-01
8.443318397889957305e-01
-4.726218226195396110e-01
-1.608414375314841882e+00
-8.519683329985935361e-01
1.468066961948807370e+00
-1.691701952964693723e+00
-1.888544753823589994e-02
-1.411828221343594647e+00
2.319254361325548963e-01
-1.543542028501434960e+00
3.276007372623441355e-02
7.145771991953868696e-01
2.099625029773040299e-03
-5.790752234652626340e-01
1.084755261980847374e+00
2.121506552654331135e-01
-1.332799999803931712e+00
-5.537800161728641951e-02
5.184282267505057051e-01
-7.857281257972684729e-01
-5.385496466414988470e-01
-5.570248474277441630e-01
-1.328760916693570993e+00
1.457905351145014849e+00
1.285671934327419663e+00
1.034605818885639517e+00
-1.673150583744338782e+00
4.863060277519408725e-01
-6.715568997746605984e-01
-7.396671486282517805e-01
2.751291827888576180e-01
3.775691652904564211e-01
-7.190958593214517025e-01
1.258494566133859349e+00
-1.304357423468114563e+00
1.300994660552810656e+00
1.070867747805356096e+00
-6.913527991800036965e-01
-1.335197822814634394e+00
-1.704003811240803357e+00
-2.384816268661715810e-01
3.885087762027772396e-01
-3.720338211672319928e-01
-7.334019652580116289e-02
-6.917803951175601762e-01
-6.736561728951691030e-01
1.631165120835060822e+00
-9.975952769520426422e-01
1.431745808379400131e+00
2.158215426042963347e+00
-1.250643566761818204e-01
9.308701413982097828e-01
-1.671703656107450753e+00
-6.682390362661527750e-01
8.576009243578668340e-01
1.203411168508764506e+00
-8.915521283741391079e-01
3.674591632579686240e-01
1.197744791261088793e+00
-8.886626944996082189e-01
7.724587395717585903e-02
2.144228775696269906e+00
-4.006662446782339737e-01
-9.570004105106451053e-01
-1.585477578471467863e+00
-5.485805741932335833e-01
-8.820446590949481136e-01
9.616514058022134215e-01
3.650660666604059190e-01
2.156002398901616934e-01
-3.271519538972915697e-01
-9.930569670025741758e-01
-1.485175670065263853e+00
-3.165936863900099124e-02
-3.888094959292413000e-01
4.696085414690138737e-01
1.103818265546278599e-01
6.311333713392698330e-01
-1.050764551110317413e+00
2.296994715798048592e-01
7.854129593366557804e-01
5.357656285280707475e-01
-2.193311786503742977e-01
1.960947249142505622e-01
1.064326568827124841e+00
-4.672881092453882168e-01
-1.108869874166640290e+00
-6.085806310524443097e-01
4.999324762372802100e-01
4.696257835211745668e-01
-3.967772026723379031e-01
3.555654573454435918e-01
-1.452903160883646683e+00
-5.479536996505253166e-01
1.269574149823052833e+00
6.190059787110567535e-02
-2.027733636623567093e-01
-2.927201308273004177e-01
3.152099588907637806e-02
-9.469874009681882310e-01
-6.964439075144603086e-02
8.505627054218494187e-01
-5.859414429823722736e-01
4.598431176724320224e-01
1.898416042134080772e+00
-1.138996112889086865e+00
6.289939504275292581e-01
-4.835412147010978989e-01
-6.203459069065220266e-01
1.057761598250946289e+00
-6.287706321004588039e-02
-6.811876579125886698e-03
1.272329245154768751e+00
-2.124082610799599702e-01
-5.955560063137519400e-01
-7.436289601011400463e-02
3.514527077117244325e-01
-1.814258735462788152e+00
-5.611042539604881307e-01
-8.056332297005717180e-01
3.760571401265286329e-01
3.484912416595348783e-01
-1.714463950003126458e+00
7.070194346446591060e-01
7.855831711422706087e-01
-1.779517799795033772e+00
9.094486049846099984e-01
8.488670299682511411e-01
8.242249294154443406e-01
-1.053240276399571185e+00
2.120620350110395957e-01
3.792180186023118016e-01
-1.160165081171958601e+00
-1.615820272662789048e+00
2.495307709889318382e+00
-2.028752110561390098e-01
1.504957857550418998e+00
1.009470617747284749e+00
-1.156246601753253112e+00
4.249673057820809730e-01
-6.491876140394832462e-02
3.563770264846356506e-01
7.653608774929959724e-01
1.086434705895629182e+00
8.348635635834897872e-01
5.537465784799806556e-01
-1.389717098684654317e+00
2.815530401741048183e-01
-8.121721661960518146e-01
-5.473864906408359987e-01
1.552094441049809648e+00
-7.960463252260797651e-01
-1.343264264508653993e-01
1.215173648419181074e+00
-1.522131603079300399e+00
4.654122152636709642e-02
-4.878389312864636618e-02
6.203963080438238409e-01
2.158171982077353168e-01
-1.280972496642442504e+00
2.187987751719937257e-01
-4.012083851585409033e-01
-5.238634072009219766e-02
-2.748990434685923967e-01
1.455561268281431841e+00
2.840773390823682076e-01
2.425593095712940128e-01
9.144852554050202365e-01
1.039533935517028829e-01
9.960947546656541141e-01
1.989824150923181545e+00
5.690521689669909566e-01
-8.682542318982974794e-02
5.591919744167143103e-01
-2.076397170811645321e+00
2.070402033689934251e-01
-4.430551569061042527e-01
-1.708763066191324176e-01
1.023823564432450040e+00
-1.698139471434084946e+00
1.162855704637583698e-01
3.193820600660483011e-01
-9.515113291129403406e-01
3.441769738321072136e-01
-1.640839567227553975e+00
8.932008213414307507e-01
2.908055341020835960e-01
-1.544877141015301228e-02
-5.754995548906728375e-01
1.538213904921359010e+00
4.749184651773054044e-01
1.284917822650698538e+00
-8.192960986190278572e-01
-7.132548814749346822e-02
3.806912066144822471e-01
-6.415817078023555720e-01
-9.031670017759583224e-01
1.311803345677118759e+00
6.145843010465018574e-01
-5.262944238049760415e-01
7.667860726642563574e-01
6.696804987200036807e-01
-3.997439722082681834e-01
9.241150780049748326e-01
-2.170426514804834617e-01
-7.547436476167143082e-01
-9.747860175727728338e-01
6.672289717072544812e-01
6.793590346515129275e-01
2.306093256365730593e+00
-1.575595645363722097e+00
1.177372972774186621e+00
-3.425148895427756329e-02
-2.050150712651650775e-01
1.352088857166683922e-01
1.622401021964292145e+00
-1.933245385323270948e+00
-6.486356289807150566e-02
-2.810558444156802671e-01
9.702813759320720877e-01
-2.194411952601008076e-01
1.266969786008190102e+00
-2.709570762617242168e-01
3.375164888760383564e-01
-1.075182814950828014e-01
1.407526829854768291e+00
1.274698389310859659e+00
-3.742470062352575705e-02
9.238461817367275009e-01
-1.033138503740594766e-01
1.559878119628875126e+00
2.440366287073063023e-01
-4.535846213343486255e-01
9.386250488464635833e-01
6.476875638502266330e-01
3.923747270767093953e-01
1.738433010745244200e-01
-6.900452952384766858e-02
-9.221109910212772487e-01
1.303363804708900453e+00
1.933176513177542022e+00
8.542205489902685023e-02
1.013458221107016444e+00
1.641458457313528907e+00
-1.815672608726689674e+00
3.110317214969594152e-02
1.571769030844662463e-01
-1.270146948115265184e+00
8.403889267348302328e-01
1.914504933759685612e-01
1.236165503625410222e+00
5.137474939197285151e-01
-8.750611245019777051e-01
-4.390148177208480496e-01
-9.636997925847776703e-01
-3.114508490860191103e-01
2.104863701133726561e+00
-2.497527052787223700e-01
-1.327489601419001630e+00
9.601106958171577721e-02
-7.807786107857296598e-02
-1.884889045734471913e-01
1.130190264068936745e+00
4.347551195370386035e-01
-5.096368883146084050e-01
3.432985167357650580e-01
6.403252619026780224e-01
-8.746533058514298631e-01
-9.079070972070623080e-01
-9.044960495768470388e-01
-1.223823590585889076e-01
-1.827078425793057237e+00
-3.486587092615525685e-01
-3.729557009850625326e-01
-1.098912563045221225e+00
-3.444707806700569169e-02
-4.147543558725496626e-01
9.708671606213437055e-01
-1.091376747800362423e+00
5.179409403432809755e-01
4.370851155862602311e-01
2.469580546705965052e-01
3.561147617604890625e-01
-5.166481794514257153e-01
-6.284115570081746371e-01
1.319748750438548279e-01
2.669862652459354391e-01
-4.092612817608753950e-01
-1.917814522489033946e+00
-7.345274966303001474e-01
-1.876994736840193190e-01
7.673377455888378273e-01
-4.597192824616755380e-01
-2.027823446361672055e-01
-6.218678882203877434e-01
-2.462197139556366599e-01
2.738302540101184013e-01
-4.555547359940264607e-01
-6.295474714018951534e-01
5.328176804587102522e-01
7.838922161456720605e-01
-1.192148613114021094e+00
-6.767574191970866515e-01
-2.199791103086573774e+00
-2.686353084918011724e-01
-1.148021013452702244e+00
3.506225139392193935e-01
-4.005522511729384116e-01
-5.247805039628928858e-01
-1.233937350463868654e+00
-1.488059375539436457e+00
2.220831763405866077e-01
-7.459728423379359263e-01
-8.772137177905992012e-02
-1.236940263895187186e+00
1.513881713775692139e-01
2.488184145658545177e+00
-3.039925772104758520e-02
4.457233777287794574e-02
-1.263199888562226703e-01
1.330575590750463055e+00
-7.678017226874515044e-01
1.299497485916951689e+00
6.932406297598582290e-01
-6.901134669813269173e-01
-1.216099006273241079e+00
-2.037044975634825672e+00
-1.066820678398544775e+00
1.793526236109755700e+00
8.533600920462213191e-01
-1.613874696534682407e+00
7.019263640159060236e-01
