-3.590492083643543886e-01
-1.155720770145379106e+00
1.517443502577727199e-01
8.520158027176442106e-01
2.909834463184827746e-01
-6.988356177594885477e-01
-3.650685345281124983e-01
6.265834340817941772e+00
2.230963798469861592e-01
-2.789336362815245662e-01
2.261037809804536725e+00
1.015587153149986183e-01
-9.698611782650118363e-01
-7.324024063293975706e-01
-1.622112774287915560e+00
-1.375965670461616774e+00
4.612362309884702194e-01
-4.171353570246518205e-01
-5.176017366168590428e-01
2.108327119217888457e-01
-7.119480910762274739e-01
9.221070646164257756e-01
1.003756455936066105e+00
-1.265932250712592300e+00
7.806083832121589738e-01
-9.560090899365122352e-01
-1.681389051188482142e+00
1.389572130032644959e-01
-1.045462937957482817e-02
7.312176453521229691e-01
-5.760734363125677993e-01
2.243744216182909021e-02
1.090820826639471885e+00
6.880828236604807913e-01
-5.058876236418993200e-01
-7.303601848144519737e-01
7.153743431867916162e-03
-1.730343184509826326e-01
5.319063408739427290e-01
8.996952820938810547e-01
-4.088040337691737913e-01
-1.673546545987880940e-01
1.228512232711059804e+00
-4.665659804260621768e-01
-6.289060158121071442e-01
4.426782499427207584e-01
1.163433480722164681e+00
-1.420417198248147939e+00
7.187307277173654585e-01
-2.047843825556600716e+00
-3.929353442577870892e-02
-1.282241207860131127e-01
-5.022884887282381694e-01
9.602998764690853228e-01
2.468889839960020371e-01
1.001956234096703424e+00
5.648273956863705814e-02
1.210182765982375175e+00
-1.021418151765329130e+00
-1.331732881451370420e-01
-7.513477409091295911e-01
-5.899449260667612993e-01
-1.016879665684416345e+00
-1.706581479586502192e+00
2.102870702561601135e+00
-8.767043383762416209e-01
-1.298838861498894826e+00
1.701577820787395945e+00
5.250333344344464831e-02
-1.605179510748664939e-01
3.131547464452660856e-02
1.002119265110341439e+00
-3.909289082734589971e-01
-2.959892367975319738e-01
-8.294695375119310876e-01
3.637399474504086558e-03
-1.670439269006066541e-01
6.203800003624651893e+00
-7.682842339518768382e-01
-4.177960493826920474e-01
6.916037459555377520e-01
5.361984723394181973e-01
7.953966251664539300e-01
-7.564794227180032804e-01
2.230946010203841423e-01
-6.751195456110145598e-02
9.481395369695874153e-01
1.657128910613618611e-01
1.258418582834079480e+00
-5.929560620237487312e-01
-5.736970211718366297e-01
-6.237746818085864176e-01
-5.944878535218925952e-01
2.750113158027717719e-01
-1.128739747450468789e+00
-7.380247454919827144e-01
-2.074327132626480608e-01
-8.118727768830544811e-01
-1.707970034669910320e-01
-8.389222731440591774e-02
6.141718274812284217e-02
-3.897854972612970759e-01
-2.045610404231060220e-01
8.687877625000853810e-01
1.706904810705382136e+00
-8.064192531280963694e-01
-2.222042750937758826e-01
7.531431131483711239e-01
-1.218518924579811369e+00
3.454692913347976457e-01
-5.738221856342486937e-01
-2.872734815063722191e-01
-9.315897361299151358e-01
-2.445683620702456540e-01
3.631080048233708557e-01
-1.742968536804447299e-01
-8.497634428243441285e-01
8.220972276483429902e-03
-1.292306001155328232e+00
-4.071301910368522736e-01
8.938399003256943809e-01
2.345328380623556086e+00
-5.415744803919136929e-01
-5.640510039040702583e-02
-8.097199928762275345e-01
1.501365981220943668e+00
5.049168921157475287e-01
-9.622221536048444768e-02
-1.013023064102883897e+00
-6.030089093204358264e-01
3.586723884525805373e-01
6.934271713102609924e-01
-1.339009587160351622e-01
1.211206801512949349e+00
2.364806442737979353e+00
-1.562485398402661874e+00
1.003656682344534756e+00
-2.497018621974709529e-01
-6.523580589106385830e-01
2.887022031035703762e+00
1.807197159811372078e+00
1.295154077506966317e+00
8.650903446658091411e-01
-5.093638483296657471e-01
-7.313868030390512365e-01
3.305231850959142736e-01
1.448295368749461076e+00
4.873840890755180566e-01
-2.272760211465090635e-02
4.225597055680738873e-02
-4.890545573187591311e-01
-7.363412029614641030e-01
-5.840767090477888557e-01
1.449546161024574786e+00
-1.118884879859642023e+00
-2.741654374746942402e-01
1.008120352193367930e+00
-1.133320077437820039e+00
3.016245721239242394e-01
6.862764280038217146e-01
-6.644968443051922635e-02
-7.436171183103743587e-01
-1.662240545713401241e-01
2.238420139881922288e-01
-7.171039162769768938e-01
1.488433722309436380e+00
2.184954806540700678e-01
-5.143078787937068741e-01
-1.154521680428100661e+00
-1.980906294115401811e-02
-6.331150170840780245e-01
6.026449067169289409e-01
-7.633298858137089749e-01
-5.115703654743977147e-01
3.635301102901126319e-02
-6.042380449355558847e-01
-4.878786830034163025e-01
-1.563569139443054423e+00
1.304826019473615872e+00
1.062615938025825990e+00
-3.678612023935606823e-01
8.011643455861786611e-01
1.420155172858200254e+00
3.384075963852783975e-01
-7.225823352910757391e-01
-1.800556416191654296e-01
2.169442330466804167e-02
5.344718282591527370e-01
1.120298659030523947e+00
-6.080792775880802248e-01
-1.443983673773061804e+00
7.180345721136101034e-01
-1.004244852772660845e+00
-8.331137978556420187e-02
8.572723449442303245e-01
-1.185865973217487435e+00
4.821878197739091765e-01
2.173566137446287350e+00
-1.116775295819541158e+00
-6.127823491710960857e-01
8.859168798272646361e-01
-4.981175006618047130e-01
3.700513650136713073e-01
-2.261819318838937110e-01
8.282866775361815703e-01
-1.175216843435204161e+00
-7.269165591361386181e-01
-3.375278148711908233e-01
-7.317313854487392799e-01
-6.354796050959224951e-01
4.784930008685760461e-01
-1.290997779973726223e+00
-5.758900150969303855e-01
-3.424223167955117164e-01
1.200604543214547126e+00
5.809146374737419460e-01
1.470698804351524558e+00
9.397532586804946408e-01
1.977381853812644197e-01
7.318778872714498673e-01
-4.653770682817628401e-01
-2.740669283181830229e-01
5.835831003168540088e-01
3.233947240535451906e-01
-1.604701726360187666e-02
-1.969530548775304091e+00
-1.041539302823298430e+00
1.184193118115114129e-01
-3.457663001319540852e-01
9.470210974088267841e-01
-4.484809623982928539e-02
4.720975756220675557e-01
-1.058489937625283206e-01
1.904701357940525197e+00
1.704200590231183865e+00
2.088175542658975647e+00
-1.107851717351255649e+00
5.590079471314931409e-02
1.124667924793505858e+00
7.230994339060649034e-01
-1.518321536912020431e+00
8.652539502637404678e-03
-8.080244746484890328e-01
2.123623063395585042e+00
-1.564575367661247829e-01
-5.934352496775471275e-01
-4.399717352235336942e-02
-5.325919940048200185e-02
1.699629167657921824e+00
-3.521546636208846559e-01
-1.013542919464479164e+00
-1.903123900686899683e-01
-6.396703771733853738e-01
3.134394849930789984e-01
1.180203776004466132e+00
-8.810646399350730018e-01
-1.355830799460131963e+00
-2.141992482237122242e-01
9.372440305285524575e-02
2.342961604135551379e-01
1.161500292496235209e+00
8.209445301891787894e-01
1.469180121270618367e+00
-1.248761443472714339e+00
2.399720433403970954e-01
-2.621207634138752463e-01
6.239811713557454897e-01
-5.468879624585645249e-01
1.015409923051794616e-01
1.055873553300800349e+00
-1.806366032992702930e+00
3.344877837342561944e-01
4.584560493723114361e-01
1.469874534408514288e-01
-5.352690471144133655e-01
-9.525491798920933118e-01
1.083333473390010390e-02
-5.485963719672520833e-01
1.140287822639988624e+00
-6.782441094735454090e-01
6.979323815632999528e-01
1.584511150711692462e+00
5.810859208296119682e-01
-1.767599582377857415e+00
1.728591224842752405e+00
-1.374239081099899229e+00
1.154843685459757241e+00
1.284970486310145765e-01
-8.341732477670019685e-01
-4.537223585908087276e-01
1.199817811650926158e+00
-1.185449679650837584e+00
8.817687058955556711e-01
1.218875350919946365e+00
8.734135357360904572e-02
-4.224011817776880950e-01
-6.977695768257751174e-01
2.782566230700438958e-01
1.054083731112868128e+00
-5.799683523991608913e-01
-7.740241018306401322e-02
-8.950043689158787563e-02
-3.168048698189811496e-01
-2.579552498287626672e-01
-3.488303105958528993e-01
1.027298210803294198e+00
-2.456762998734614012e-01
9.350950279829866041e-01
1.319680428002657280e+00
-5.938020772308716388e-01
-2.877193300906550899e-01
-6.658844612628108672e-01
-1.333255876562050357e+00
4.225540771179164268e-01
1.208735069855929600e+00
7.831247981434372729e-01
-1.392833612155691680e+00
-1.732906083479318904e-01
-1.245080246943196300e+00
-6.628829111716870448e-02
3.280054625053101525e-01
7.112516423252221442e-02
-4.227933395775468339e-01
8.659181240060838392e-02
5.314178309327353272e-02
5.912206599404806751e-01
-7.471674211752068473e-01
3.014300212576261906e-01
-6.805551600610668661e-01
-1.100886265094775274e+00
-2.848738080372353876e-01
1.457019140240054522e-01
-1.234655625837981052e+00
1.319064394135538887e+00
-6.453135555147935243e-01
-5.589279648608380668e-01
-1.467542176907412399e+00
-2.405360380014041954e+00
6.314684098433044623e-02
1.382004938738889965e+00
-1.207343975840168421e-01
-6.080177366462976574e-01
2.323825522121669984e-01
6.528506911692866232e-01
-1.496747536702105252e+00
5.097184611219938155e-01
2.568039261070741430e-01
-4.939892134524155876e-01
1.419009152721815714e-01
-1.632323790996039747e+00
4.561774345746288928e-01
-3.811702483857902779e-01
-5.335425695313686378e-03
1.688399455398062132e+00
8.518114688631784892e-01
-4.062171245364523120e-01
-1.265400070997825255e+00
7.116848792220229480e-01
-4.131316619553611069e-01
3.940855434551378544e-01
9.149207376337018527e-01
4.981731869082236530e-01
6.167902390294874859e-01
1.139278764744232841e+00
2.287384359680168788e-01
-7.759726613041434407e-01
4.266856491283402275e-02
-1.376551464691964322e+00
-3.043626864682990041e-01
-6.137224508699073988e-01
1.366128791518027130e+00
-8.620617185810760530e-01
-1.965306520189803452e-01
1.436168614833257529e+00
-1.278873846085481825e+00
-4.050113233199680862e-01
4.927263711665045842e-01
3.214815327764201647e-01
-4.565133685521499118e-01
-5.306873639426065159e-01
6.347237397579885698e-01
-6.456076962282922826e-01
-2.216018732555361803e-01
-4.932672538365073245e-01
1.400076587370950032e-01
1.530701779668284523e-01
3.283006395072555206e-01
-1.242538302587170795e+00
5.348983788611038070e-01
2.142307800040127164e-01
-7.664495684128382891e-01
6.152860922513700981e-01
7.159934653119298664e-01
7.003287915473009884e-01
-3.467861105727603754e-01
-1.298026595062601540e+00
-3.775606950203207468e-01
-1.328508699782332103e+00
-2.298430983607687439e-01
7.406002545529554171e-01
-3.807221524423546333e-01
7.511762700053828956e-01
-7.126645568515606044e-01
-4.779226465279959868e-01
-9.525958527203573500e-02
-3.166397605726454789e-01
-6.691049440528800130e-01
-6.368158104619335846e-01
-4.727107840788059012e-01
1.218753621472315821e-02
4.359711791358963362e-01
2.604279963941547593e-01
-3.375764072345137645e-01
-5.680292485963495119e-01
-1.377769246438722284e-01
1.258073183036667077e-02
-1.098950060058185851e-01
3.230843145693720331e-01
-6.191113154336653768e-01
-7.222280544968439076e-01
-7.516648042693639953e-01
-1.730184850949688657e-01
-6.581302712478229733e-01
2.716286806060059789e-01
-4.336226494104671314e-01
8.148999108288247362e-01
-7.096250586583506548e-02
3.812585581922423583e-01
-6.315027550232118481e-01
-8.646341904055098240e-03
-9.687194195570540955e-01
-1.072607222731212229e+00
-4.688069715971677764e-01
-6.393306897766130037e-01
-1.051547915047135184e+00
-1.110918617976357492e+00
