5.436058260107857754e-01
-1.345291028215452045e-02
-4.987175020035297668e-01
-1.715968914031597681e+00
-2.617937369960031901e+00
-4.321426463907360183e-01
1.588483358861309536e-01
2.845142982944359744e-01
1.018023028841450239e+00
-2.215486035362143280e+00
-1.103002019780963572e+00
-1.054631453751259107e-01
9.351358870677407564e-01
4.920016378222271114e-01
-4.057177362027440948e-01
-3.539586748001763983e-01
-6.453617998112317622e-01
8.865308284386090865e-01
-5.785849820541105748e-01
-7.570748961708025915e-01
-2.840321351413212930e-02
-2.928682669973459163e-01
3.381607791044247691e-01
1.402465783994359672e-01
9.335208715033243010e-01
-4.902612066353750353e-01
-5.660429224126177772e-01
6.469291840752448008e-01
2.020698397076729214e-01
-3.697770099054644155e-01
-2.741445350978603535e-01
-1.809475510090394090e+00
1.661834996728352554e+00
-3.116265131646168141e-01
-1.788220164510781196e-01
-4.189603874780027382e-01
1.133988061210005061e+00
-1.014450804154291008e+00
-4.753404791820152742e-01
9.015600934080579831e-01
1.697939646859509821e-01
-6.868681449257585392e-01
-1.450205576735540403e+00
-2.315628127215548226e-01
1.081090091796194086e+00
1.179592234715138632e+00
1.971540048793947730e-01
1.008136352567234745e-01
-4.489227566878097875e-01
-1.133078267263998740e+00
-7.956565561658659469e-01
6.698235586118339580e-01
2.117885320839721086e-01
-1.174851033829543034e+00
-1.070004298777919471e+00
8.431949655158038626e-01
1.937817961667460454e+00
7.661394714236086090e-02
1.745131186533022127e-01
-1.493665508711104595e+00
1.170377968029655769e+00
-4.936299351703237193e-01
1.262736307974624994e+00
-1.036541286247297800e+00
-2.019650738875558849e-01
-9.897884016437517030e-01
2.118013186363955636e-01
6.210474941405849658e-02
-1.122774104357237901e+00
1.224648394171789167e+00
-2.592906426845530410e-01
6.165612758151238770e-01
-1.665197315068956074e+00
1.816017416745031032e-01
-9.855679983983459125e-02
9.074788736949456203e-01
-1.215242025261731751e+00
6.212137548293644729e-01
7.064404779493315134e-01
-2.238031572296629024e-01
-1.750855555902853036e-02
1.184555855964119386e+00
-2.075355524829099463e-01
-1.110428764578342609e+00
-8.347890559203419159e-02
1.577291764111437233e+00
-1.380907042762306247e+00
-1.153792707626415615e+00
-9.359014697155896290e-01
5.737030291277768201e-01
1.159109024993374426e+00
7.788659275072172816e-01
-3.560936924273259280e-02
-4.186408415585409770e-01
4.861827181038351209e-01
-7.777939477420767744e-01
7.782526686165535112e-01
3.247199784005861956e-01
1.356061346361378650e+00
-2.224444155820737290e+00
-1.561916399012625457e-03
-8.474806056652990638e-02
8.618885987084616562e-02
7.564681358714119286e-01
2.190826758000105068e-01
2.655270043970445193e-01
-1.817315451638442436e+00
-5.074418745977851003e-02
6.115803974589848480e-01
2.123766012300825623e-01
-1.385543373015379887e+00
-7.047387893327197173e-01
-8.579422182068545677e-01
2.659122024243490423e-01
-6.046522240860302544e-01
-6.828301369684711686e-01
-5.227807302201029627e-01
-1.663171768751418256e+00
-6.311018257241398643e-01
-1.415041153296980214e+00
-1.102420432751090584e-01
-8.107369484730091447e-01
-6.534553162794654035e-01
-6.819321599784708594e-03
7.050826117756910615e-03
-1.293568125247138045e+00
-7.048141909492361412e-01
-1.248063968847570093e+00
4.934881779246041295e-03
-3.345622108003702688e-02
-3.054324784352285271e-01
-2.933825025211096449e-01
-5.319230544307770314e-01
-9.910167954548581015e-01
-7.668185464902795845e-01
-4.939889007281584865e-01
1.399435334791432894e-01
4.685728312468125933e-01
-3.054234743618833292e+00
4.170715065770980168e-01
6.269520685884379940e-01
5.022026782690074825e-03
-1.544350476586458853e+00
-4.672217312662694244e-01
-7.098014136717403222e-01
-2.670422742645485847e+00
-6.093161993217812711e-01
1.081457871213777011e+00
-1.780804797254189387e+00
3.269192207580531861e-01
-6.831171418007618568e-03
-6.978298390486812330e-01
1.503618640092062031e-01
-1.684596360638361823e-01
-1.345383382056698274e+00
-4.327127136799052698e-01
-2.629825256305910464e-01
6.081351841595805663e-01
2.554458739568968295e-01
-1.875352445162515869e+00
-1.950191081584901620e-01
-7.464644063662086992e-01
-4.858822649537560268e-01
9.882567319645284565e-01
-4.218354997781505467e-01
-2.217006712241271216e-01
-4.699598090982487486e-01
-4.782346664934640224e-01
3.490254460955112270e-01
2.061292440831283546e-01
-4.882581081855075222e-01
-6.422028669854352723e-01
1.501217757356333449e+00
2.376560422295826314e+00
1.058785907693162165e-01
-7.800078597470900821e-01
9.746805993653202826e-02
9.521553450700952215e-02
-1.000076710868197827e+00
3.515379008099889235e-01
-1.168185643904994020e+00
-1.197796321778551443e+00
-1.325026458000089447e+00
-2.803571424108532509e-02
-2.957605961848369103e-01
2.127303122093690269e-01
-1.140451152370415278e+00
-1.485817074595792375e+00
2.553045016202424300e-01
-3.697264012398429056e-01
-1.088913003512364419e+00
-1.223437790592055263e+00
-5.135457838338159525e-02
-7.828567128724644997e-01
-3.364813721212842057e-01
-7.840394922523555854e-01
-2.075831746191419691e-01
2.965537449190664421e-01
-4.889145936898814937e-01
3.332141485419505555e-02
1.369468917801018593e-01
-3.387076162443274363e-01
-7.436735615260815502e-01
-6.785678897130218434e-01
-4.110755543029663839e-01
1.220157571202309388e+00
2.874338446912472200e-01
2.026721658071192866e+00
2.316569176963216015e-01
6.579581683417876636e-01
-5.086397059785587871e-01
2.205945581062494498e-01
-4.319853377776580738e-02
5.571293699628058205e-01
-1.060956211982325037e+00
1.949888078119978552e+00
-5.731000241350355656e-02
-8.634404364311408786e-01
-7.191812428834984949e-01
-5.741120557471740549e-01
1.529501255170739649e+00
7.520252066614105946e-01
6.428090529240487738e-01
-1.335577008103322472e+00
4.914762497434816413e-01
-6.020456605060615640e-01
-8.192669825484338864e-01
1.762093305503195984e+00
1.624484905680126934e-01
3.760921374389104010e-01
2.825068230930578572e-01
5.310556735115117277e-01
-1.430341888314523857e-01
-1.891012844793197534e+00
1.454704358513713158e+00
1.497684062858738174e-01
-3.180217497431589990e-01
-1.499772953199253411e+00
3.385660676899102800e-02
-1.359051622817842642e+00
-4.242744011844463785e-04
-2.293067315559327024e-01
-1.406971335398771172e-01
6.815413679048890616e-01
-1.194649127493400576e+00
1.527875266454295500e-01
-8.545641108007002718e-01
-7.436166701465771744e-01
1.149000580935343740e-01
-1.235191220766910514e-01
-1.419894372018188466e+00
8.983591837574453898e-01
6.076567843011452252e-01
-6.010202615621583755e-01
-2.552757267577471234e-01
-7.502535684509729075e-01
2.724086518018089542e-01
-4.235333436770255533e-01
3.700775045955259079e-01
2.017195381401940768e+00
-1.007963528220238381e+00
-2.196374025880670211e-01
-1.876989587925885772e+00
-4.283606489028105729e-02
-4.875101208203209274e-02
1.217471849471717660e-01
3.039872251314889029e-01
-2.773291396187431146e-01
1.112504405281681041e+00
2.707932489450207147e-01
1.593792941774634153e+00
-3.145117478559095875e-02
-8.187082580396439768e-01
5.926378572873206574e-01
1.367695684790068533e+00
1.030565814361750654e+00
-8.285266423294085358e-01
-2.621136291738352386e-01
7.520159049956939290e-01
-3.598057937836267040e-01
-1.119513461545053712e+00
-1.110246256395637336e-02
6.536898586301075342e-01
2.422286820049683945e-02
5.148967625633591449e-01
-4.635435597891657822e-01
1.672420006471209142e+00
-1.081018616598203641e+00
6.821756841783811476e-01
-2.871556902542858336e-01
3.680578392347415573e-01
7.168436296035353428e-02
-1.671408857217403288e+00
-3.087615772228338717e-01
-5.058445842001685344e-01
-6.967690901037731921e-02
1.121068851621881829e-01
-1.037284948744228608e+00
-4.646814102644771238e-01
4.308596100115177352e-01
-1.456459870433203692e-02
8.164210969347182600e-02
-6.165665020701391885e-01
-3.019785878510256261e+00
6.907164422461419262e-01
-4.995168637050936833e-01
1.666970726776975942e-01
-1.117475371602283662e-01
1.179249570849565457e-02
5.089936468293692062e-01
-2.347359413169362030e-01
8.606682175192337247e-01
-5.046696204299309929e-02
1.811117969095983771e+00
6.584586377917635014e-01
3.324276171225605536e-02
-7.995259960373912733e-01
-1.471751762295416769e-03
3.835014008705013300e-01
2.687642764728864070e-02
6.089597412325653547e-01
5.965756013697528504e-01
-1.636796117219530000e+00
-9.978643717968802562e-01
2.025648245000649383e-01
7.760227997051261095e-01
-1.727267572413694885e-01
-3.107200885090331544e-01
7.058062030471460302e-01
1.271886827881320015e+00
5.152302080212041169e-01
-1.432689287227287389e+00
-1.392481696209119546e+00
-1.478139238316470871e+00
-1.213380146189386943e+00
1.252463591364130491e-01
1.135499896934877517e+00
-1.165596193980552309e-01
-2.394137269039803839e-01
-2.454656365552051467e-01
-6.926532790779732496e-03
1.207785720946505048e+00
3.638252769594652047e-02
5.367966919373178269e-01
-1.417036278868872179e+00
-8.870926263270642043e-01
-1.220548187156099029e+00
3.074775160695023546e-01
9.832562127917473527e-01
-9.832319539815664866e-01
-3.736486382207090395e-01
2.022627902882029038e-01
1.459471712080449679e+00
-1.033546832534347093e+00
-2.880797667312928745e+00
1.953156773035118476e+00
1.218674024242494491e+00
2.246823787848770959e-01
5.987056201214693285e-01
-1.134375732310269891e+00
-1.109543112334808734e+00
1.819970348707908303e-01
5.527932418297898387e-01
-7.540891165715041256e-01
8.560271636789923422e-02
5.301888882148077242e-02
1.014385488855635620e+00
-1.751176889178624463e-01
-2.955610637357648063e+00
5.339682175467400649e-01
4.506510550580106189e-01
-6.672330584813275234e-01
-3.370510255473450623e-01
-6.257539014361722662e-01
1.897143879910083042e+00
-1.101766680513387664e+00
2.082810154901337807e-01
1.605726538077163257e+00
1.040735477336153902e+00
-1.443693869756227377e+00
1.727516890871478861e+00
-4.642521545065856903e-01
-6.813943558323557470e-01
-2.272250417157693769e-01
-1.022344960414855786e+00
-1.658102364161200049e+00
8.724806537792719752e-01
2.028989570392690123e+00
6.633263408835062824e-01
4.494660489946158410e-01
-6.029629872283103209e-01
-1.033313418883903489e+00
1.873063028304876809e+00
-2.505406318417727096e+00
-1.822477146952400651e-01
-6.191184656902829486e-01
-9.075893339631670997e-01
-1.174233030851906001e+00
7.829216887235666000e-01
-5.979438364113999205e-01
-1.083487168190887751e+00
-1.244510830922447742e+00
-2.905799192348516580e-01
-9.128973396226511272e-02
-7.861797425132800443e-01
5.167392832224292770e-02
-6.701910726598355739e-01
1.598370135746288945e+00
6.424866553540918845e-01
-3.540820835739125205e-02
-1.192764529870553369e+00
2.886728021539201050e-01
-4.944365437429744103e-01
9.179335975358279276e-01
-3.312967447338530658e-01
2.599773052504995019e-01
-8.732998405086939142e-01
-1.093400614082318034e+00
-6.515768220174371628e-01
-3.100212682399199338e-01
-4.258050212720906891e-01
-1.682636381158796046e-01
1.077166649368790745e-02
-7.239205156551330456e-01
5.847710505156458044e-02
-9.521255305339603181e-01
-7.964898552365402562e-01
8.738100818467394726e-01
-7.248479582477863614e-01
5.478010592600389694e-01
-3.721106051541048787e-01
-7.647940796548974296e-01
-8.181732527472524996e-01
-1.752904822993501255e-01
-8.636270327845124023e-03
3.428250165694895490e-01
