4.485999043003230380e-01
1.851278727401889368e+00
2.701647528366921680e-01
-2.872986138467624739e-01
-1.128317406060038053e+00
-3.823725979101100791e-01
-7.880654362366668053e-01
-6.284264549743130424e-01
4.750586367723186876e-01
-1.973236666428190289e-01
-1.128522851282552031e+00
8.020047795731400919e-01
6.820413174424151334e-03
7.918644083332686545e-01
6.294916996399290143e-01
2.931350752276635774e-01
4.203654550772228382e-01
1.611795233126380289e+00
6.590375253525232457e-01
-7.943281749893343902e-01
-4.385428719682203380e-01
1.028827369757060239e+00
-3.494227247864830632e-01
-4.672654623460067436e-01
8.652035145852228493e-03
-4.121482503943049158e-01
-9.085398528215574143e-02
-5.766819689701615514e-01
2.149859160186224916e-01
-2.667672030210843093e-01
-5.713530333467290445e-01
-7.493009905293976924e-01
1.499971702816131902e+00
-2.452323853479514981e-01
4.556681971151834709e-01
2.654818920784711711e-01
1.425743985824637683e+00
4.468999164413715169e-02
-8.150440657681845558e-01
1.288974159969028532e+00
-6.670511348451214628e-01
-7.417381915858727304e-01
-1.056744112862787688e+00
4.365803847882261945e-01
7.646395092339292043e-01
4.500901551472706874e-01
1.244195361342255834e+00
-1.579989340325716474e-01
-5.272614348189977318e-02
4.486434238210333936e-01
4.459309165347253301e-01
1.531538742227633643e+00
-1.338218217064278681e-01
-2.414282171364839247e+00
3.590898657427250562e-01
-6.838310231026650809e-01
-4.878528453373926488e-01
1.064146487035780186e+00
8.652035145852228493e-03
-6.940048551891667694e-01
3.364130357679068206e-01
3.857679787600931665e-01
1.572122620790502023e-01
-1.089398140526383285e+00
9.312152483670113057e-01
-4.889166759338363089e-01
1.436279768380200050e-01
-3.776703946608524209e-02
-2.905126287071242430e-01
1.835199344156628887e-01
4.153661708813258802e-01
4.448781860069394439e-02
-2.154492593247004262e+00
-1.067016990762353013e+00
-1.515292858224934758e-01
6.035779546808824891e-01
6.211493456904332300e-01
7.988276910853601975e-02
-7.144554989407371215e-01
1.019992361665034597e+00
-2.771150216844190384e-01
1.810048913828657735e+00
-4.013551265458722983e-01
4.866871820917648139e-01
1.089278696523124035e+00
4.512255063742617867e-01
-3.816670942836342673e-01
-4.213226011641816871e-01
1.031886694906971325e-01
1.214662664653255314e-01
2.738527685871741113e+00
6.900192018065653965e-01
1.333692367555264213e-01
8.456634048807715187e-01
-1.374606323508262284e-01
6.781040576895526195e-01
9.237078621188411498e-01
3.841218301133392243e-01
2.647146424996891234e-01
-2.434540222619780536e+00
1.804679149114197800e-01
-5.823013505128908918e-01
-6.341577774567144221e-01
6.907700156573014505e-01
5.144472789773768540e-01
-9.129167424621331683e-02
8.269599783402702409e-01
-1.008196280297143088e-01
2.924259856968651206e-01
-9.587762733379896485e-01
-1.261648016922457538e+00
2.322283068429933373e-01
4.484004990616457520e-01
2.295457532543804940e-02
-1.758410999556109688e+00
-2.558311341840751041e+00
1.054962721867198860e+00
3.241339796173877130e-01
-2.743335401212585456e-01
-7.073489279648415007e-01
-4.416656413130865544e-01
-3.103108649679736097e-01
-2.419225290323287481e-01
3.325615889607707459e-02
1.179568253638858949e-01
-8.736706987782077993e-01
-3.874685687618749652e-01
-1.407337232485486034e+00
5.056480120617041774e-01
7.152900119749705521e-01
5.743994400530844785e-02
1.435053297162290242e+00
-1.412987421384225728e+00
-1.719190388573365924e+00
5.344800365845805423e-01
-8.982285385782903253e-01
1.401083583849613845e+00
2.516830792918805515e-01
-1.790431839441217976e+00
-2.431817282987178142e-01
1.368363950185301665e-02
3.724569474251601675e-01
-1.458396592269014524e+00
-9.529923856226033552e-01
-1.148062882308852062e-01
-1.146405440124149688e+00
-1.140698627070318549e+00
3.105162068968553291e-01
5.137371299401629621e-01
4.959101443938174758e-01
-2.783553341073567444e-01
-4.701087345126703926e-02
-4.265351478709093480e-01
3.166799093881014771e-01
-1.562273695479901026e-01
2.818200390895116425e-01
-3.972477299617013097e-02
1.158723301660734978e-01
4.312684700184021280e-01
-2.454077557648224606e-01
9.212530081188390341e-01
-3.320630549700086531e-01
-2.687645475991644162e+00
-6.056696702773640695e-01
-2.830052078859869938e-02
2.956179672941811054e-01
-6.653357353775677385e-01
-2.832703098972451095e-01
7.914816886417399555e-01
1.537569003408889752e-02
7.714497639101662863e-01
1.061160059081987656e-01
9.312086334148772515e-01
3.025984707266408780e+00
-9.945301914917710484e-02
1.459971404192165201e-01
-8.829399390702357131e-01
4.755015562751084279e-01
7.676376346279369101e-02
1.694683404633335888e-01
1.110713156014749181e+00
7.157623860765544022e-01
-1.791989641246056308e+00
7.299424960261604589e-01
3.648282347568801518e-03
-4.484518241467262967e-01
-3.533438120310885555e-01
6.842691624703258757e-01
1.265730179015388535e+00
3.122731070480360693e-01
-2.548752975015221578e-01
1.884917300891857606e+00
6.804704753286844321e-01
-2.182738691634964479e-01
-3.188855668169308100e-01
-2.404453814194585093e-01
8.496364685692278096e-01
-2.440557395910755711e-01
1.623719566798360048e-01
-1.805155435183131152e-01
1.477431781360766028e+00
-6.885280940933871663e-02
-5.360166936072962018e-01
-1.802178435023729319e+00
4.233803039460031781e-01
2.847251744393529127e-01
9.543803171568713273e-01
2.175424948146215787e+00
-7.611657899223071011e-01
-5.837876996165858312e-01
9.201865296450493226e-01
3.156005561456572406e-01
-1.745557402630457111e-01
9.883748860578716045e-01
-7.453026014677468503e-01
1.505361512216979447e-01
4.305379462933530132e-01
-5.746025172089279653e-01
-6.171158798678005875e-01
-4.785056635369022704e-01
-2.049983898084440162e-02
7.272837888032518405e-01
2.249467534624721710e-01
-6.085995698058144221e-01
6.522224208256141020e-01
-9.909358220507429316e-01
3.642851631842368709e-01
-2.393443725912766940e-01
7.886121002138862801e-02
6.561438764531295487e-01
4.599045231799340216e-01
9.315715838899649159e-02
-3.625322848087212391e-01
-1.382521441101469128e-01
6.177034076393685957e-01
-3.950664107369730171e-01
-1.234179398175901055e+00
1.307464395351606745e+00
1.351689904624581717e-01
-1.605771389860414788e-01
1.036109265708184735e+00
7.838801950756691950e-01
-9.508604269184464108e-01
-2.653867582140046963e-02
-4.995917167580442575e-01
1.140410730747605461e+00
-1.438202260731780591e+00
-7.507239771699972808e-01
7.274730232053323586e-01
-3.090495386806828004e-01
-7.291319472900632537e-01
1.641648110523306947e+00
4.137267569493585651e-01
-1.847056229900711610e+00
-1.404305491261200300e+00
1.313617761190909894e+00
6.035905273330368637e-01
-2.668388461345762686e+00
-8.052021357901780751e-01
7.067411674382382269e-01
-7.252234864641882162e-01
-2.560406651961619207e-01
-5.338440380600180113e-01
-1.025714271128380789e-01
2.832483077561980672e-02
-4.973279563136574419e-03
7.981765107277045690e-01
-5.331704495162240681e-02
6.070228742190195703e-01
-3.696080073152203660e-01
1.435029364899696180e-01
2.884296077456340868e-01
1.798154007266347332e+00
3.188908985608182589e-01
1.500588781658578119e+00
4.547621095153208115e-01
-1.499335615721388182e+00
-9.607234942674350298e-02
1.572317129528352508e-01
-3.106526627255379869e-01
4.800125831583361147e-01
-2.258147676402128268e-01
1.439937735420708242e-01
4.913131815991130247e-01
-1.056882251643769116e-01
4.575562916533320590e-01
1.876110740223363715e-01
-1.493441715860395869e+00
-3.912247526378476170e-01
-9.337910401991422749e-01
1.018991737864440861e+00
-8.108980460766416209e-01
-2.473307477974898416e-01
-1.426341784859232575e+00
-3.775867040343084402e-01
6.899689073470320899e-01
-1.715329028983711701e-01
-1.838378718039355597e+00
1.477847400778073417e-01
1.423224466744083427e+00
-4.051807259271834605e-01
-8.989162983467585688e-01
-2.057455980058027489e-01
-6.342514136801284674e-02
6.764312310831074315e-01
1.897283019868951093e-01
8.101599190913245652e-01
-2.461796070233861211e-02
-9.269328891222917699e-01
2.389949620387956386e-01
-2.863878333906381690e-01
-1.354991758502821220e-01
4.434747489732909220e-01
2.180459179296050820e+00
-1.459925622512948440e+00
1.561138385763527134e-02
-5.190501151307131966e-01
-2.295297593009953396e-01
-5.418323776583884310e-01
8.899761417460638757e-01
-3.078140803354573740e-01
9.410978494962763952e-01
-1.759019728153426443e-01
3.492028924974042992e-02
5.471862079206506468e-01
-1.958883948080449716e-02
6.595657343721113008e-01
5.120348409517766486e-02
1.749382201519950053e-01
1.064317983418832103e+00
-1.072405253576246692e-01
-3.023373454283334039e-01
4.210134549576540208e-01
-1.812203815135364215e-01
-4.040752971235806457e-01
-6.672292286614751600e-01
1.123755482366785685e+00
-2.211801195026884270e-01
1.067116303929416476e+00
-7.609598052133077495e-01
-9.030450849974742678e-01
2.760525307228589131e+00
5.128655761674886238e-01
2.648644343988535571e-02
-2.126065917597856458e+00
1.774020007332975934e+00
4.405025473788424795e-01
-2.244315665199120513e+00
9.224999740114058211e-01
-1.108187468488708971e+00
-8.558914007580195604e-02
-5.867208275211853730e-01
9.405491985970809710e-01
-9.861864463257720426e-02
-2.262757633527315182e+00
2.810259473089558035e+00
1.263850534137087867e-01
2.030175885153975845e-01
1.495192029595669367e-02
-3.383664544597150825e-01
-2.383282085152119922e+00
-3.056205611776446895e-02
-1.055285407476533183e-01
-6.825599913976184707e-01
-1.409778149280173531e+00
4.296386216816803771e-01
-6.379150701545986679e-02
2.339940802443417400e+00
-3.700023534010940529e-02
-5.720241009716323655e-01
-2.570063165739049915e-01
1.554075340918405768e-01
1.037796085203095409e+00
-6.309880117740520600e-01
6.188938458826318545e-01
-1.286418476660461663e-01
-1.653349023676076723e-01
-5.933471280746497323e-01
3.231122474278859680e-01
-1.283182834595590238e+00
1.734596776488498415e+00
1.008370593811846599e-01
-8.315329658932875123e-01
4.792086044903010600e-01
2.472103225094034740e-01
5.694039838570735812e-01
6.144487083378764591e-01
1.062974087578842042e+00
5.778467643979918744e-01
2.231596312097187604e-02
1.962526490518404110e+00
1.392921879377665151e-01
-5.529056614200561492e-02
-1.977041963060357788e-01
1.179211030518152681e+00
-5.867796241019231918e-01
-1.814077458758773576e+00
3.824023937525519723e-01
9.800566099800970266e-01
1.046603032386246718e-01
-4.411401023413791256e-01
-2.795299780861541628e+00
-1.362522835244207864e-01
3.215205516543622188e-01
-1.414068260798409193e+00
3.694215567734911443e-01
5.100982038431400856e-01
-3.534771923883715528e-01
-4.329300221140147675e-02
8.944309169848055907e-01
1.099792150736383228e-01
1.434212754546610943e-02
8.548253564581893837e-03
-1.688050922175199364e-01
1.199259129879032715e+00
1.850206504199251867e-01
-1.182526954923651674e+00
-1.852052088053364631e+00
-5.766400864969869339e-02
-4.386245274928948223e-01
7.078583201094353905e-01
-2.242457256561424028e+00
2.678758396273262399e+00
-4.999736660023389456e-01
1.539878227728967708e-01
-2.988263776063325938e+00
-1.422795275836336248e+00
1.005602033924597016e+00
4.833172865181967204e-01
-6.916231500102357210e-02
1.689920782185218573e-01
3.631524511144765821e-01
3.899037246897213427e-01
7.042218834486015933e-01
4.969477847121121505e-01
6.747004618313548474e-02
