1.371579245094729771e+01
1.425847530840594146e+01
1.792923661874315755e+01
1.314748933414989196e+01
1.770374286663644980e+01
1.401335444302057276e+01
1.354360871873534400e+01
1.427489998985415198e+01
1.330813923441020563e+01
1.362391971129589052e+01
1.446113062976024821e+01
1.425847530840594146e+01
1.358460338401357426e+01
1.426934604990274025e+01
1.408603047106123363e+01
1.399673706640007964e+01
1.397594577489563861e+01
1.348326435108816135e+01
1.389713738312197577e+01
1.211500212636274831e+01
1.335576867274829027e+01
1.348326435108816135e+01
1.772776189475946751e+01
1.403843293884961696e+01
1.471679684245319919e+01
1.392658196699825091e+01
1.361758347572508221e+01
1.785543770527006302e+01
1.383640551913244821e+01
1.792923661874315755e+01
1.189717375424356582e+01
1.379572262895169033e+01
1.401335444302057276e+01
1.766229001703739243e+01
1.768614306093416388e+01
1.446113062976024821e+01
1.389713738312197577e+01
1.792290038317234746e+01
1.794766581925649973e+01
1.400270240399191657e+01
1.366516512025645724e+01
1.380205886452249864e+01
1.211500212636274831e+01
1.792923661874315755e+01
1.406200952913039082e+01
1.414367549719628592e+01
1.792290038317234746e+01
1.379572262895169033e+01
1.389955079851165998e+01
1.361758347572508221e+01
1.401335444302057276e+01
1.380205886452249864e+01
1.375678827163479845e+01
1.778238510502046310e+01
1.389955079851165998e+01
1.354360871873534400e+01
1.413149764588995971e+01
1.435904136978508383e+01
1.471679684245319919e+01
1.450686362702401766e+01
1.393990383769350849e+01
1.362541080681615391e+01
1.409313507229590101e+01
1.403209670327880865e+01
1.345042765642777383e+01
1.423291240006024694e+01
1.452060887348445206e+01
1.336849856886513521e+01
1.425213907283513315e+01
1.330813923441020563e+01
1.362391971129589052e+01
1.390347361869278586e+01
1.466920461469475612e+01
1.444499303044703709e+01
1.460543451383722413e+01
1.528284708860298302e+01
1.784910146969925293e+01
1.417094503546753970e+01
1.345042765642777383e+01
1.389338334995645852e+01
1.471679684245319919e+01
1.455243599829810108e+01
1.393976410721476000e+01
1.336038731898634424e+01
1.317445150825357203e+01
1.770374286663644980e+01
1.785543770527006302e+01
1.294612986005637723e+01
1.758489273929824748e+01
1.337927497728875359e+01
1.778238510502046310e+01
1.251017848539987298e+01
1.516638967453179454e+01
1.380562921038439050e+01
1.504674993522005977e+01
1.486044083253776904e+01
1.362391971129589052e+01
1.401335444302057276e+01
1.360100793324823876e+01
1.436415850229015412e+01
1.380205886452249864e+01
1.243118304771305915e+01
1.356151334804183506e+01
1.382091060055184961e+01
1.475604103744911910e+01
1.810433481621169705e+01
1.389713738312197577e+01
1.341738745084200168e+01
1.458791408977340254e+01
1.401335444302057276e+01
1.766229001703739243e+01
1.378937144191406894e+01
1.370899415748215588e+01
1.444894574154050204e+01
1.380205886452249864e+01
1.797251413692653799e+01
1.434279322438803383e+01
1.330813923441020563e+01
1.321955127006430430e+01
1.455123965027623889e+01
1.375794265937071437e+01
1.799744532565605581e+01
1.395335849266335160e+01
1.407045197685278026e+01
1.384305327572947242e+01
1.311112393874115334e+01
1.235657933745171455e+01
1.424916054545729693e+01
1.380205886452249864e+01
1.792290038317234746e+01
1.329849239850411990e+01
1.397142933747362292e+01
1.365365949173289906e+01
1.401335444302057276e+01
1.334943243717748196e+01
1.352686789944046986e+01
1.401335444302057276e+01
1.471679684245319919e+01
1.410953625840888570e+01
1.390347361869278586e+01
1.472548002582781201e+01
1.569530360467632946e+01
1.363426741544239107e+01
1.384388096647023758e+01
1.427200103677922272e+01
1.794766581925649973e+01
1.486677706810857913e+01
1.389667932388288740e+01
1.323788193058060081e+01
1.330180299883939732e+01
1.420757841633300345e+01
1.412535561282197705e+01
1.477107914308747638e+01
1.763218374547253831e+01
1.346580582888581468e+01
1.217189128264376130e+01
1.226786716490461160e+01
1.403421525584596807e+01
1.350529365848526986e+01
1.379572262895169033e+01
1.400701820744976445e+01
1.354644773284653425e+01
1.802879561048946044e+01
1.446113062976024821e+01
1.412535561282197705e+01
1.787361819786732298e+01
1.449050295991143145e+01
1.316811527268276194e+01
1.337927497728875359e+01
1.346434942347501895e+01
1.239805262101973327e+01
1.790455407477129768e+01
1.379572262895169033e+01
1.370265792191134757e+01
1.379581281554158245e+01
1.239805262101973327e+01
1.460269471685608167e+01
1.448028039201788708e+01
1.787361819786732298e+01
1.794766581925649973e+01
1.773409813033027760e+01
1.384913933511841044e+01
1.775186389920600405e+01
1.446113062976024821e+01
1.445479439418943812e+01
1.325955209755265685e+01
1.377504594458424414e+01
1.243118304771305915e+01
1.765595378146658234e+01
1.340642377111909056e+01
1.366188653455623658e+01
1.370899415748215588e+01
1.473627066170060296e+01
1.434279322438803383e+01
1.374219878805736172e+01
1.804755627418792585e+01
1.221441916960501928e+01
1.486677706810857913e+01
1.389338334995645852e+01
1.370899415748215588e+01
1.469793042280195294e+01
1.809799858064088696e+01
1.418749483468538841e+01
1.371457633797609077e+01
1.384222007978571867e+01
1.424941630277168869e+01
1.394702225709254328e+01
1.370899415748215588e+01
1.471679684245319919e+01
1.401335444302057276e+01
1.356649868410258719e+01
1.413169184839278714e+01
1.451371732064795950e+01
1.348326435108816135e+01
1.790455407477129768e+01
1.226153092933380151e+01
1.389713738312197577e+01
1.492257702600463354e+01
1.797885037249734452e+01
1.394489347614694097e+01
1.337927497728875359e+01
1.392023938753701273e+01
1.195384622141481579e+01
1.464384268013206025e+01
1.370899415748215588e+01
1.346347644041263258e+01
1.389713738312197577e+01
1.189717375424356582e+01
1.446113062976024821e+01
1.400701820744976445e+01
1.330813923441020563e+01
1.330482863407492999e+01
1.370265792191134757e+01
1.370265792191134757e+01
1.431407366085004007e+01
1.385612841043859689e+01
1.396551133988851845e+01
1.401335444302057276e+01
1.472313307802400750e+01
1.366516512025645724e+01
1.359682921147653367e+01
1.458157785420259422e+01
1.316811527268276194e+01
1.401116931561659840e+01
1.235657933745171455e+01
1.412535561282197705e+01
1.797251413692653799e+01
1.380205886452249864e+01
1.413169184839278714e+01
1.424647788048867980e+01
1.401335444302057276e+01
1.383001301615956002e+01
1.316811527268276194e+01
1.330813923441020563e+01
1.760849672790762810e+01
1.246857952404815428e+01
1.340704626370213148e+01
1.773409813033027760e+01
1.527637692156786819e+01
1.341583407926326998e+01
1.766229001703739243e+01
1.438735806108573811e+01
1.413169184839278714e+01
1.388750113628978511e+01
1.306018390006779128e+01
1.444099023885697619e+01
1.794766581925649973e+01
1.780031679496401154e+01
1.402080467436591960e+01
1.804755627418792585e+01
1.370145559951280134e+01
1.370899415748215588e+01
1.765595378146658234e+01
1.383867891534089622e+01
1.337927497728875359e+01
1.439902589611642370e+01
1.395335849266335160e+01
1.409059342577216078e+01
1.401335444302057276e+01
1.777604886944965301e+01
1.374069107357829012e+01
1.410953625840888570e+01
1.375358399765295481e+01
1.394753816704391980e+01
1.362793117987158098e+01
1.395335849266335160e+01
1.226153092933380151e+01
1.471679684245319919e+01
1.598011664307308521e+01
1.396327040248959328e+01
1.211500212636274831e+01
1.425976778174057635e+01
1.472313307802400750e+01
1.784910146969925293e+01
1.222075540517582937e+01
1.347619042901692943e+01
1.301490736354551814e+01
1.783100390079349040e+01
1.347057323958419595e+01
1.380205886452249864e+01
1.426773733968210678e+01
1.386955027864318701e+01
1.418729558874580121e+01
1.787361819786732298e+01
1.373030271095362131e+01
1.371235735329991279e+01
1.377504594458424414e+01
1.380205886452249864e+01
1.368555584649445933e+01
1.231316299720495699e+01
1.799744532565605581e+01
1.390826483215314013e+01
1.378937144191406894e+01
1.370899415748215588e+01
1.584768153736916574e+01
1.434279322438803383e+01
1.404923140874488929e+01
1.239805262101973327e+01
1.422657616448943685e+01
1.403209670327880865e+01
1.370265792191134757e+01
1.380205886452249864e+01
1.463788472425382103e+01
1.366516512025645724e+01
1.356375036608617002e+01
1.354899005143176538e+01
1.317445150825357203e+01
1.413806870674070204e+01
1.316811527268276194e+01
1.390347361869278586e+01
1.379572262895169033e+01
1.323788193058060081e+01
1.422657616448943685e+01
1.446113062976024821e+01
1.390070323638077987e+01
1.235657933745171455e+01
1.425213907283513315e+01
1.390826483215314013e+01
1.366516512025645724e+01
1.423291240006024694e+01
1.400415993780848645e+01
1.756770802574161650e+01
1.394702225709254328e+01
1.380205886452249864e+01
1.777604886944965301e+01
1.797251413692653799e+01
1.217189128264376130e+01
1.413149764588995971e+01
1.315382556972070027e+01
1.445479439418943812e+01
1.348326435108816135e+01
1.431585679436283876e+01
1.465883086010390279e+01
1.341276000668990065e+01
1.480494905811140427e+01
1.330482863407492999e+01
1.476745910111603166e+01
1.787361819786732298e+01
1.323154569500979072e+01
1.347619042901692943e+01
1.749764352051496985e+01
1.226153092933380151e+01
1.362391971129589052e+01
1.775820013477681414e+01
1.347692811551735304e+01
1.367403890945501921e+01
1.353677544836782154e+01
1.379929297481358041e+01
1.758489273929824748e+01
1.373841487017402763e+01
1.368520745411575135e+01
1.458157785420259422e+01
1.380205886452249864e+01
1.434279322438803383e+01
1.342727538339930327e+01
1.460197229599162050e+01
1.478534690154384279e+01
1.413169184839278714e+01
1.341583407926326998e+01
1.792923661874315755e+01
1.422978008825205265e+01
1.401335444302057276e+01
1.239171638544892495e+01
1.447356241057178927e+01
1.395335849266335160e+01
1.472313307802400750e+01
1.458791408977340254e+01
1.330482863407492999e+01
1.390347361869278586e+01
1.802879561048946044e+01
1.339805856165274456e+01
1.389213465961104532e+01
1.395335849266335160e+01
1.401335444302057276e+01
1.438203266122088309e+01
1.362541080681615391e+01
1.780031679496401154e+01
1.370899415748215588e+01
1.442269346140209585e+01
1.792923661874315755e+01
1.364101958274264881e+01
1.780031679496401154e+01
1.413169184839278714e+01
1.433005210602025059e+01
1.765595378146658234e+01
1.354011149727572594e+01
1.749130728494415976e+01
1.356375036608617002e+01
1.338649746449363320e+01
1.787995443343812951e+01
1.458157785420259422e+01
1.458791408977340254e+01
1.399800674935584688e+01
1.396161384580160103e+01
1.412535561282197705e+01
1.775820013477681414e+01
1.412520399947595706e+01
1.810433481621169705e+01
1.400701820744976445e+01
1.486044083253776904e+01
1.465723815656079587e+01
1.379929297481358041e+01
1.799744532565605581e+01
1.212133836193355663e+01
1.775186389920600405e+01
1.790455407477129768e+01
1.453100205117030796e+01
1.400483308004578831e+01
1.772776189475946751e+01
1.499521848964861093e+01
1.440795323446634235e+01
1.250384224982906289e+01
1.377504594458424414e+01
1.446113062976024821e+01
1.445688046113952296e+01
1.380865753017557651e+01
