2.776930023586225982e-01
7.359051938815222016e-01
1.363756357503573616e-02
2.807378007588123836e-02
-1.267149991010185772e+00
-2.590869440340901053e-02
-7.878463468068949149e-01
1.150249229800636819e+00
1.493380034559641523e+00
-1.245561894295144495e-01
-3.549494229016340041e-01
-7.978034013972284955e-01
-3.484583044578433153e-01
6.335212419685093410e-01
5.385770737927655372e-01
6.633642641671965157e-01
-7.830654023536573471e-02
2.121480498802783998e+00
-3.574224046018124601e-01
-7.100534535807048186e-01
1.310837896532752955e+00
1.023254278223016955e+00
-1.149634055870523586e+00
6.260219291410008546e-01
1.332097671760194890e+00
-3.166638744869354483e-01
1.951780242607701998e+00
8.877364882599941831e-01
2.017633683073486672e+00
-2.941320324307731908e-04
2.593566682620139230e-01
-4.373471945820654461e-01
5.325298975336161256e-01
1.148268708983599534e-01
-7.552100022345076269e-02
-2.842376468972997450e-01
8.743769930035205640e-01
-3.829542342045020864e-01
-9.589792953653920593e-01
2.453031576093692157e-01
-5.370058240651297554e-01
-1.235899467647172623e+00
-1.336994988178624999e-01
-1.803553528698703945e-01
1.492329511486617521e+00
-1.227420230537277501e-01
-4.778810328800884299e-01
1.273974642820964842e+00
-5.492488648266194984e-01
6.199854920767183808e-01
-1.864459182889631306e+00
-3.372486448605745424e-01
-4.583487365304181882e-01
-2.544506109854458575e+00
5.441865807708040625e-01
1.743806617830852279e-01
1.700876547417488283e+00
-2.212654237769798193e+00
-7.513591715456896525e-01
-1.471336375786286732e+00
1.663572612705843001e+00
1.627995577597044052e+00
-1.006989363387176928e+00
-4.398774400040120214e-01
1.446489259245699932e+00
6.123983646495961830e-01
1.563293231110044479e+00
-4.428179168552344724e-01
-1.196444620436526662e+00
7.298414170392233391e-01
-1.033530357386306164e+00
1.111884528915180192e+00
-7.899832592847607637e-01
7.169545639728525099e-02
-5.596758246762868483e-01
9.740901043238481272e-01
6.100877171390090004e-01
4.751821561705846797e-01
9.619114050749045797e-01
2.444899811916740884e-01
5.427783102399368342e-01
-1.750365505682543177e-01
-6.123102485842232268e-01
8.427825092702072585e-01
4.924706352460511694e-01
2.507395488603294531e+00
7.132059866111465363e-01
2.362356518857067905e-02
1.342843674001903964e-01
-1.491581441516982298e-01
4.432297618982627418e-01
-1.441256737573013563e-02
-2.026281935626578434e+00
-8.405514782962965059e-01
1.216251623793977443e-01
-2.081757783637958603e+00
-4.243554501647759936e-01
-9.695662128962310167e-01
2.731867047784465319e-01
-5.698482992347715381e-01
-1.912243791201928278e-01
-2.642912898084400775e-01
-1.289730060354457919e+00
1.431303568880182508e+00
-8.550479206465666504e-01
-1.175312801954463970e-01
-5.418395853262576445e-01
-2.234337451596177360e+00
2.474307308162876709e-02
-1.036499156589940185e+00
6.847120920561897139e-02
-6.293177474700938356e-01
8.360673567931546923e-01
-3.392047908891875907e-01
4.390872667137303564e-02
-9.768591178584187795e-02
7.665022545996020842e-01
-1.027051956544361211e+00
-1.442007380953642448e+00
-1.539568486683614568e+00
-6.081333724681919906e-01
-1.913785124938432114e+00
-9.837379573173502534e-01
7.925331676533632352e-01
-1.986252664076181562e-01
-4.198058428897812056e-02
-7.446102069909588117e-01
-1.569138109196958508e+00
1.522916249929607835e-01
3.873784391887284406e-01
-1.946921234341447149e-01
1.403263623220313283e+00
8.854209598120982294e-02
-1.602387830934723714e-02
4.709546112850733213e-01
-5.882339875217277303e-01
1.823399169342773685e-01
-7.435729577564357262e-01
-1.689894070465013387e+00
-1.056676776609248414e+00
-5.463415919956603473e-01
-7.410007548708846814e-01
-1.597425324696113647e+00
2.996346435747876957e-01
-5.436159418835592172e-01
-1.372342021041761395e+00
-1.029065399517766322e+00
2.175283519212773964e+00
-3.513131583333391483e-01
9.403924709482237576e-01
-1.073809841035588075e+00
-1.256761129123337151e+00
-1.809285834364005918e+00
-1.287107167577291822e+00
-7.547116342826902802e-01
8.355098381469041602e-01
-6.338608798357598939e-01
-6.682010045592562397e-01
1.279450282850634668e+00
8.373540692647215566e-01
-4.901553462292460028e-02
-2.096242585531038927e+00
-2.654599565424236030e+00
-1.858604882830022564e+00
-3.873945211089142582e-01
-1.391226029267725650e+00
1.415392791881341372e+00
-1.093684604150812756e-01
2.837655446169145557e-01
4.924669445894906961e-01
-7.601752714077282362e-03
5.217991893492704425e-02
1.253537521536369992e+00
7.121134733693079699e-01
-3.729741044475539669e-01
-1.204714201021824138e+00
-2.084719022834679580e-01
1.441271925441504953e+00
9.771209526165287873e-03
-2.174391819815113980e+00
-9.620167437033970426e-02
-5.651014897259171166e-01
-7.472939062641459351e-01
-4.332785832577319418e-01
1.605159212618495257e+00
-1.032125398907839608e+00
-6.078967666583278140e-01
1.882521984760846978e+00
-3.627600299492977354e-01
9.954010654009654013e-02
-1.120669794267906028e+00
-2.122123923752358976e-01
-5.080834566406893238e-01
2.249727415769842698e-01
8.921543534154421362e-01
-4.503080938502144193e-01
-6.896489519927171408e-01
-9.205363692454954228e-01
-5.330584846639898483e-02
1.047975447845568953e+00
-3.565993872231342232e-01
5.315581807714725437e-01
-4.485814545529026032e-01
-1.549376176553344031e+00
9.496035755783395205e-01
1.206642690352891512e+00
7.248420552946510664e-01
2.087240323550388355e-01
-9.374695662423259135e-01
-5.258091085896557937e-01
9.208136842836314173e-01
-1.908669188670793562e-02
6.625651120452328291e-01
1.071472378913946644e+00
-4.609530952993479147e-01
1.970714877725463055e+00
-1.021617153990105997e+00
3.943930042395074054e-01
-4.929934518860727977e-01
1.174878788369132288e+00
3.685773543980706557e-01
8.811664488071304160e-03
1.457071619100468673e+00
-1.401065753938988800e+00
-2.091905819046925963e+00
4.452386320976323475e+00
3.718112196245267342e-01
-9.596686475133283656e-01
-2.133218811675343385e-01
5.189430679514576150e-01
-1.176365102050807611e-02
4.972729239762623821e-01
-2.833460413437287051e-01
-2.783179096228471483e+00
-1.550609824807158699e+00
5.286886240805441783e-01
-6.148285853535376266e-02
4.421104739774387449e-01
2.848790813977508662e-01
-3.483483227850595054e-01
-8.909320582583534209e-01
5.796157192720680085e-01
-9.254800536460430216e-01
-4.380998964228732806e-02
-2.672842688724919036e-01
-3.971965263268369406e-01
-4.043502177264767794e-01
-5.018726268531372714e-01
-2.169419181907872862e-01
-2.011681066382662031e-01
2.620410634771619396e-01
1.279971091788918436e+00
1.672758162609548238e+00
-4.204291348965005781e-01
-2.337598256484707260e-01
8.615385633624880191e-01
-7.904805894228055310e-03
-2.527510966954285010e+00
-1.204678715398437516e+00
6.649648548076171339e-01
-3.564764654333089089e-01
5.215894011582851153e-01
-4.624700869780513646e-01
8.881398404309217565e-01
1.460711288488200921e-01
-1.199902955426319862e+00
7.085695039419193098e-02
6.599337641367298835e-01
-1.247075093899720377e+00
-1.287545718563320785e+00
9.327570784997724074e-01
-1.809042564775730666e+00
-3.311811305489127943e-01
-3.695866143128490600e-01
1.296533827661526139e+00
5.141757646532506554e-01
-7.803004936677022663e-01
5.430067152759423532e-01
8.764242074438537422e-01
-8.587327602716111619e-01
-2.960877443027412625e-01
-1.049337754842358361e+00
1.683511788477477067e+00
-7.988732843826856778e-01
1.646033812416339392e+00
-1.043699570841079421e-01
-3.271556426616319957e-01
2.074448200715867330e+00
8.433213316516798841e-01
1.651922519148426138e+00
-1.215948282867455266e+00
7.721162009669854109e-01
-3.483071449564573707e-01
-3.375208737680714943e-01
1.758224541582469880e-01
-1.087670135877055966e+00
-3.386843118416605347e-01
8.593476205273405943e-01
1.111809875716146756e+00
-2.399790384606893534e-01
-5.030433078124509175e-05
3.331243527029323914e-01
-7.114047925243127679e-01
3.092319253044528704e-01
-6.939217705970577299e-01
6.579736978358746713e-01
-6.685325135044075662e-01
-8.474286974849504217e-01
1.000198115170746416e+00
6.058782913293976335e-01
-1.084921864073627118e+00
-6.557795482608449467e-01
-2.584372765932858029e-01
5.140746217854444411e-02
1.012046444550057517e-01
1.850100317774059089e-01
8.604894404596361568e-01
1.341759007295992845e+00
-1.430773570359961555e+00
1.687227357462990351e-01
1.364923104159008194e-01
-3.566641891738054904e-01
-1.199730469700241331e+00
-6.430272904415731405e-01
-3.281425026337100315e-01
-1.172159460138850751e+00
8.580157670612713616e-01
3.265723414329809171e-01
-8.527875438148342369e-01
7.061672214522614066e-01
-2.090362691729413580e+00
1.047131203451842962e+00
-1.555042497820718905e-01
8.912268778785409351e-01
8.581396146815583048e-01
5.662790632919709743e-01
2.414966648942646898e+00
2.152000861440605206e+00
1.245184225709040415e+00
-1.435949393910752159e+00
-1.393455221656826115e+00
5.358094782719285964e-01
-1.261721803449108670e+00
-2.224064688330773532e+00
-1.921693437850055530e-01
-4.676981170016782374e-01
-3.649293256278528519e-01
-6.133389158951776388e-01
-3.981135599017812110e-01
3.584309037397574449e-01
1.397755708842148559e-01
9.013317959525064815e-02
7.856260953247689027e-01
1.124591141071544648e-01
1.376208248224138675e+00
-1.850813138541164415e-02
2.183332621331516066e+00
-4.114959203804501309e-01
4.184114559624733110e-01
4.781802912315034071e-01
-2.421711001863140478e+00
1.725117158522532890e+00
4.149025710509851583e-01
1.339194772130771482e-01
3.394170155202925754e-01
-1.094984283451339024e+00
-1.357773145391917957e+00
1.522570953203723709e+00
4.337450831784779859e-01
8.558864508335951582e-01
-6.141801404643337792e-01
-1.149194000061517063e+00
-4.148340193582673585e-01
-3.600629293671878117e-01
-2.334555504438365903e-01
-6.693215291523877397e-01
-1.126561896106238247e+00
1.500893869760733523e-01
1.199199665105212809e+00
-4.664979372517174400e-02
8.006614621559273726e-01
-3.698709309109876608e-01
3.046078272688325650e-01
3.451096901114205640e-01
-3.755592687024207343e-01
1.392355054850850371e-01
8.206148691212276081e-01
-2.299640434518519516e-01
7.742505136053041970e-02
-2.324715044293957089e-01
-1.368473653845612370e+00
-1.073620631758618105e+00
-2.983930593623451144e-01
-1.321568214771556393e+00
-3.826427562558246814e-02
5.873203285642164539e-01
-7.019420461314216375e-01
6.055780452418553228e-01
-1.297457422585137632e+00
-6.821045144480676337e-01
-1.754731887976912263e+00
-1.051864491570736471e+00
2.325638791716211795e+00
-2.655190800169242582e-01
-2.678332312737113363e-01
5.507735856276450015e-01
7.212609924344738355e-01
3.464758791549154004e-01
-7.008709796571158668e-01
3.017801178762303249e-01
-7.385381256554289509e-02
2.492322282781134213e+00
-1.611262885419930402e-01
9.175030740425940134e-01
1.636671675727259467e+00
-4.218305747808221567e-02
4.808235669859077244e-01
7.414733755889547639e-01
6.701164292572103776e-01
-7.760964640003997772e-02
-8.150064234435445698e-01
4.486910981603867143e-02
7.293320691203594164e-01
4.234683533102260866e-01
-2.774256550695332058e-01
-1.357992061623867874e+00
-1.320454314626318570e+00
1.161046896275952367e+00
6.192896930974230996e-01
-1.523961893799432143e+00
-5.701582895087239367e-01
-9.625893985512952167e-01
2.101237399619087398e+00
5.070136653326245968e-01
-9.213776913407479841e-01
-4.449854350389245150e-01
