7.455762834343376833e-03
1.875169499440694221e+00
3.354355375578155773e-01
1.068722736373013960e-01
-2.219754201671360949e+00
1.012490342122397829e-01
6.740795277018321041e-01
6.946174221365103429e-01
-2.444314220319665221e-01
-3.332890439847289166e-01
-7.626938196314609897e-01
-2.062988789968220882e-01
1.193235082432151151e+00
-2.373172015768452436e-01
-1.389661217245080183e+00
-3.738688467918589442e-01
8.489293531623542943e-02
1.177057690391342115e+00
-3.145291165676285527e-01
-5.597204962881301427e-01
-1.236232323491274876e+00
-6.191702945065536978e-01
2.398044550754171444e-01
4.090040802930326791e+00
4.749463373812298772e-01
4.587033079124535062e-01
6.965127814943734841e-02
-6.965395082926557624e-01
2.705620654301356676e-01
-8.968263769362952997e-01
4.847408839296696859e-01
-7.619679192724652106e-01
1.750306611485600017e-01
-7.624814538445057188e-01
8.628339035735324569e-02
-5.697782911276207951e-01
8.872298767705473210e-01
1.014026146236079118e+00
-8.034645138703064857e-04
1.907253871661792166e+00
5.967072288675304703e-01
-4.259439745575458458e-01
-6.760553622814109431e-01
-3.573833668622142246e-02
-4.057030023708046995e-02
-2.061872674927171523e-01
2.120320282284904878e-01
-1.135865600753106053e+00
-6.688102960719055634e-01
4.868286342215677465e-01
-1.640676295788692007e+00
1.466606123541645434e+00
2.291801292833008097e-02
-4.658758483719709353e+00
1.429987733174339137e+00
-1.299609484267168602e+00
4.761948042532119452e+00
-1.186274258527528325e+00
-3.572121051158541061e+00
-1.268794004575168000e+00
1.668941909490996300e-01
1.784378512563704389e+00
8.642344196070704809e-01
9.344512102400742704e-01
1.140136357553346996e-01
-9.702179471705721925e-01
9.082749516741168705e-01
6.242376119003242296e-01
2.719851606765483765e-01
-4.347281882799873820e-01
-7.399701802032335740e-01
5.903320916518954575e-02
-1.503574644134393123e+00
-2.166222317816836329e-01
-6.861499600301724788e-01
7.112406914703963690e-01
-1.821690888807347142e-01
1.411271776680020240e+00
2.408893827162431389e+00
5.494749475125471072e-01
6.212911343708607537e-02
8.692792412612269093e-01
9.221139499831264297e-02
-4.629518872406428454e-01
7.009418729700698236e-01
-3.174617951408454708e+00
-1.778469426136895848e+00
-1.189919353850540373e+00
-1.246171642934305268e+00
1.324741655626563153e-01
3.156308964404627382e+00
1.218821933536039515e+00
-2.296006780503386802e-01
-2.861475796300104069e+00
8.628351087622372351e-01
-1.635037822586112632e+00
8.973684470587405260e-01
-1.128199665835377230e+00
-1.319804164518201262e-01
-4.938748087031515910e-01
4.806908928171894635e-01
-4.746938914688875882e-02
3.624586939401574504e-01
5.398781925658162617e-01
-1.362968273656896268e-01
4.233346340542418207e-01
-2.212157859759847911e-01
-1.849828853936272832e-01
-9.638406057544793848e-01
-1.570851222885224718e+00
1.147485014816983506e+00
-1.399368264721307931e+00
-2.877974306115673730e-01
-3.405580101135206039e-01
-2.300841199629856670e-01
-2.234606948929194203e+00
2.581558681086802753e+00
-9.185711993168824696e-01
-4.039412151262466444e-01
-1.097306554130135364e-01
-7.877248857993944878e-03
5.819045022625515262e-01
-7.768475521143411999e-01
9.253202315114136822e-02
8.838245461161361449e-01
5.048775118148577379e-01
-1.764652061783074100e+00
-6.523433244789768048e-01
-3.302636619101672472e-02
-1.268504626432402083e-01
6.653499343134946509e-01
8.102787085872517059e-01
5.058917155714754976e-01
1.328499155494526907e-01
-7.099861504356375086e-01
1.901457591111481438e-01
-1.818201442675565771e-01
-1.157423848301376790e+00
-2.650744329635696506e+00
-3.508506954346765627e-02
3.526581531941312964e-01
-1.599875039027240931e-01
-1.940796336807200539e+00
-9.369518433184351736e-01
-1.183553635132583715e-01
-2.341542860524597369e+00
-2.067190522122110075e+00
8.488960505492649800e-01
9.266602362990090935e-02
7.829100908834109029e-01
6.084897886421415658e-02
-1.017207555957238219e+00
-5.857972152308084102e-01
-1.935850912390931211e-01
-1.292506731153421740e+00
-3.673159412715770733e-01
-1.520715307350509748e+00
7.633339518770629883e-01
2.264092327825930340e-01
-1.761967574302326867e+00
-1.379198419785327090e+00
-1.896088697050742011e+00
-3.505747633650700301e+00
-6.180755046184667201e-01
-9.967669071763533006e-01
-3.160573237669943025e-01
-1.007255235330604543e-01
-2.896001150473327956e-01
-8.535486804754837120e-01
-3.171025021811892386e-01
3.947117550305684897e-01
-1.099166104449297077e+00
1.620374748290009714e+00
1.368797619990240966e+00
7.340651816308478572e-02
-1.846870043747276480e+00
-7.473864782957109210e-01
6.592970674741596149e-01
-1.393387784063242263e+00
-2.831373067881254091e+00
1.925745568397033147e-01
-9.011886258459770316e-01
6.560612424584133517e-01
-5.697782911276207951e-01
-1.271575523892896520e+00
-1.601343362308712992e+00
-4.819200342465563836e-01
-3.646357624058949587e-01
3.463769513202801242e-01
-1.190499664934572127e-01
-8.107952729641264566e-01
4.297451279950697395e-02
-3.775852199264659870e-01
2.186101656525864245e-01
2.258083979201747304e+00
-5.366370854068379659e-01
1.429913273834690010e-02
2.348109579804630087e+00
-1.272411637139479357e+00
1.991926957639396090e-01
3.616816745304137215e-01
4.085567511786313277e-01
-1.847437957927745844e-01
-9.715531856599589622e-01
7.839510900323148901e-01
7.985556181182887903e-01
9.862733554787819212e-01
1.173592561619224872e+00
1.279686295928144923e-01
-1.818201442675565771e-01
4.851245709497306602e-01
5.144747191756467858e-02
2.286212628449326156e-01
-3.088291605910190030e-01
-8.501051280976194835e-02
7.796519047138898983e-01
1.337228373599055053e-01
3.611813875038822896e-01
-1.580288678455674889e+00
-6.044483844474809464e-01
-4.517866764197961960e-01
6.479039077392281798e-02
4.009146663253999043e-01
-1.500696357488262134e+00
-1.139862928349318016e+00
-2.849336434824476516e-01
1.547206978120650722e-01
1.300649041159046782e+00
-9.388924312359858693e-01
5.583339199776371498e-01
2.222493028582458452e-01
3.117011626173572525e-01
-8.874306086039701613e-01
-1.722933829813212636e+00
-4.168513668772577119e-01
9.262518551539043743e-02
2.550726342298894056e-01
6.639021070242956402e-01
2.104356249708042803e+00
-7.827295149656395834e-01
-4.353044077645650822e-01
-4.130183582864079272e-01
-9.773667111403093744e-01
4.030289708326002529e-01
2.300922231655641859e-01
-3.877889508397188156e-01
-1.543248038961303692e+00
8.611949345324233437e-03
8.958411064047254735e-01
-4.559641666197628562e-01
6.211148289173349379e-01
-4.425832023651760788e-02
6.060155707000211001e-01
-9.567597221318361322e-01
2.319318748845494993e-01
4.643613800924327462e-02
-4.656724227680730244e-01
-3.360190826416581622e+00
-6.776110797713727485e-02
8.533885163433262422e-01
3.723907212537058004e-02
-7.513691200713777940e-01
-2.742752234406395928e-01
-7.689135497844811207e-01
1.127188563364369678e-01
-6.864706571909902078e-01
-3.751064798796367450e-01
5.531994846250296582e-01
3.665942523051293755e-01
8.228577725085815808e-02
1.269269233199498581e+00
-9.290531722820629668e-01
-9.465648529100515463e-01
2.688063386535103905e-01
1.158944781689428272e+00
7.783397181673338272e-01
-1.137317428825164178e+00
-3.931946416526828081e-01
-1.295818500967621245e-01
-4.564215174124233165e-01
-1.158389130565041558e+00
-1.005234169540097922e+00
-1.455085234492362323e-01
-8.394267871756814214e-01
2.436711056315622043e-02
2.103547579182534655e+00
8.327330621419860579e-01
1.495385581856217394e+00
-1.178977871421294399e+00
1.024357487269035083e+00
-4.549709456585223633e-01
5.300105110867268099e-01
-3.298120169111852462e+00
1.092422050626666585e-01
-1.765112765291570740e-01
-1.935136543164486522e-01
2.991246283078754509e-01
-3.324719215442374642e-02
4.914291484123673587e-02
2.168833665675226285e+00
1.267680257560757362e-01
-1.138669886021473898e+00
-8.520360609948752773e-01
-1.617615582837524491e+00
-3.233457001016107335e-01
-1.295369744597328343e-01
9.159251404042136890e-01
-3.302636619101672472e-02
-6.100441266910985316e-01
-5.916375815660274845e-02
-1.359061153748166051e+00
9.639415610038398752e-01
-2.770239037240762592e-01
2.855576274487188648e+00
-1.299287223964890048e-01
-1.036122776745403096e+00
7.457362825489257663e-01
6.709825919432380603e-01
-1.205299040395841015e+00
2.139504951261217869e+00
1.014120824075615657e+00
7.778037013740790595e-01
-4.425992092521887078e-01
1.574961212834053326e+00
-1.081985530544788521e+00
-8.424088433641401252e-01
6.393359407123967442e-01
6.151520169175107577e-01
-1.395539353004267680e+00
-3.675550364377850321e-01
-4.143641832369595046e-01
-5.843022378496739444e-01
-5.865305747413486204e-01
2.156404892772155524e+00
-3.663764164729856332e-01
-9.482950600544919340e-01
6.367949794340105329e-01
2.550272929046334958e-01
3.429225396126216185e-02
-1.490269214246867424e+00
1.607454251124864619e-01
3.267202097942211836e+00
5.003654935368127832e-02
-7.429284347586780912e-01
8.249947366136393123e-01
-1.105022976924826539e+00
-2.737269793113995542e-01
9.158976645557374008e-01
2.380673527383198040e-01
2.929638219275167432e-01
1.193106139950061539e+00
-5.940999776743344230e-01
5.162175024237160015e-01
2.701687700071970788e-01
-1.460059486997655087e+00
1.938163233694660148e+00
3.268670530620467196e-01
1.593697753363884972e+00
2.678626222334082665e-02
9.398524181605919514e-01
-4.510561167165060503e+00
1.211950057954153115e-01
3.075796883800373527e-01
1.130233071647237963e+00
-1.201191620554628026e+00
7.948649192115327944e-01
-3.356201077877336014e-01
2.464418499605025126e+00
-1.470399441708587496e+00
-4.914505728419636399e-01
-6.791111017692683660e-01
-2.104733888505263995e+00
-2.404224135952467145e-01
-1.036122776745403096e+00
4.121356115042695278e-01
-2.533709222418925600e-01
-3.075278135575772454e-01
-4.931197409274148957e-01
-6.345645207111341168e-01
1.013140091725193814e+00
1.444794890050141278e+00
5.916077606863868327e-02
-1.509126526286540981e+00
4.490778732534743689e-01
4.011654209677002481e-01
-2.319102088223019109e+00
6.670165348495705748e-01
8.207138636994431025e-01
-1.913529367335795039e-01
4.748076921921846050e-01
-1.587407014664791172e+00
-6.605460261773262731e-01
1.376658324051774684e+00
-1.769916058780823365e+00
-3.807137795605276542e-01
-6.243250567742354429e-01
3.037742866223238636e-01
7.889814544426427823e-01
5.842569183303766289e-01
1.956494719061712406e-01
-9.825248909393127228e-01
-1.196444137314499168e+00
1.995883811501118210e-01
-1.675745783286896884e-01
-1.384789914946528810e+00
1.071511284292418070e-01
4.076695880463460098e-02
-3.967494683105698972e-02
-1.410180104486671748e+00
1.425151706649533945e-01
-1.329796988843938932e+00
3.862152515986554957e-01
2.121089775866213389e-01
1.260919722385860919e-01
-1.052556286166649729e-01
9.551282389614148549e-01
1.919920136054323045e-01
-1.656971919289991213e-01
6.545016233492981783e-01
-4.699030922044239444e-01
2.344722486993531807e-01
-1.185283325215244155e+00
1.009812234581918045e+00
-2.631857826864541505e-01
-9.809866956518804582e-01
-3.062802264991671408e-01
-2.091033016102043174e+00
1.735827486284960974e+00
-8.293174300540549770e-02
8.222791526799769213e-02
2.985889876703495815e-01
-1.037614399196317594e+00
1.394019443252077384e+00
-1.492960995163906401e-01
-3.363554163711914013e-02
-1.770387743348517395e-01
