-8.219833083245574601e-01
2.571795245540181019e-01
8.168368192180371912e-01
-1.002390667893313214e+00
-2.637097688601399259e+00
-6.485619973322498399e-01
-1.056232141005412295e+00
1.217583121080782593e+00
2.408615209065741780e+00
-1.646788086827744912e+00
-6.138168150153443525e-01
-2.959984568986044340e-01
1.555607795250134040e-01
-5.728735327475279471e-01
-2.760471659499883046e+00
-4.297308099669599479e-01
-2.749816450798175937e-01
7.259513791847657105e-01
-4.865610913454802844e-02
-5.627785471884655388e-01
-8.851599482650736039e-01
-9.849519064278329239e-01
-1.452005793656865607e-01
1.315240930531439423e+00
7.799008300821267392e-01
-9.186509716394684888e-02
7.532888492124356627e-01
9.022141538800203531e-01
4.220107916875102116e-01
8.594197935781501263e-01
-4.997533464515730994e-01
-1.194029962401113032e+00
5.994978441167970740e-01
8.460934156929568184e-01
-3.631551768915751710e-01
3.877658680439739491e-01
1.137250552848707130e+00
-2.124648042289888072e-01
-1.328701808045272270e-01
5.995871628479769733e-01
-6.804834614556080907e-02
-8.457262643092940124e-02
-2.877983672656406755e-01
-3.506491032927760987e-01
-6.647409029849310480e-01
-6.070372184876799727e-03
-1.380144443735743742e+00
-2.009889872477510220e-01
-2.416039215953535713e-01
-1.003700148764308242e+00
-1.471889019316936276e+00
1.141056089818544006e+00
-1.631524576458278419e+00
-3.008818873532937754e+00
4.509551427981514093e-01
7.006693217160762099e-01
4.123072388548927880e-01
-3.247340599019273855e-01
-3.798367392611851634e-01
-1.312128110132729786e+00
-4.780033817153816478e-01
5.757948861083937997e-01
-1.061531215002572637e+00
-2.871423710182552380e-01
5.140866359363517324e-01
-4.858881001631570884e-01
8.056939044412410322e-02
2.030820787916875592e+00
-1.945568085568142036e-01
-2.307732593878147054e-01
5.246444226361417912e-02
-1.639340057877076706e-01
-7.543715369645667135e-01
5.671887154095158756e-01
4.322118320943710984e-02
-1.124906646924896808e-01
-3.191570485797819767e+00
1.043884939261227940e+00
1.471910832038148209e+00
4.139639141596422323e-01
-1.450082339657936759e+00
7.993599123637326054e-01
-1.378690695040430125e-01
-2.639613049240065179e-02
1.500777325981657251e+00
-8.168520363891296210e-01
-2.899905501237560301e+00
-1.268267333250159279e+00
-9.544389686491868696e-01
1.017939775858671236e+00
1.815596104282421741e-01
6.085873034276236826e-01
3.036612085762607771e-01
-2.128162700169821786e+00
-4.702732537958337344e-02
6.393661071510224891e-01
1.181919308989339612e+00
-2.102622754309185105e+00
1.051833491799978093e+00
-9.168001587690858267e-01
-4.355368915392672235e-01
2.278265275422086678e-01
5.822034385603824802e-01
1.883951721837211768e-01
-2.410246870893962556e-01
-1.215450864642557693e+00
-3.660588800403352661e-01
-6.975488856347725752e-01
-1.095969646752414262e+00
6.836781855306431899e-01
1.674355040071084932e-01
-2.061972740245372471e-01
2.110240241084261337e-01
4.359729220115278192e-01
-9.816682015436065112e-02
-2.729781630300157635e-01
3.210509060624415767e-01
-1.170911376413049432e+00
-1.745371713550434301e+00
4.601319513375857206e-01
-2.486514238600501248e-01
5.031850250701973976e-02
3.509441727273832634e-01
2.255238184500987508e-01
-3.971419011724268699e-01
3.993865213596807795e-01
-4.124569034421858293e-01
3.755314805665448952e-01
1.248219049170045808e-01
-5.184068343423491737e-02
3.723146425066350962e-01
-2.142582303778617636e-01
-5.218605476477736760e-01
-8.694171726495851793e-01
-2.541578424579575279e-01
1.297760021233569372e-01
2.885051474882994738e-01
-4.194711094953087333e-02
-2.262883624450321207e+00
4.498520357327319141e-01
7.101518465272171898e-01
4.285395344807688689e-01
-2.238595496635626514e+00
-1.063622236689633294e+00
-5.099877384023830673e-02
-2.623793634220464188e+00
-6.127332325502790056e-01
-4.638121405356233629e-01
1.053572621416901944e-01
9.101463692757013613e-01
-8.739610586076018706e-01
5.940585465544249155e-01
-6.716885330749675642e-01
-5.675476071612961526e-01
-9.129122664999749226e-01
1.288778447804554972e+00
-2.215179235402527924e-01
4.540648062020501419e-01
5.004952907015303154e-01
-1.102784006944773632e+00
9.010487308049820454e-01
-6.660675953814404471e-02
-1.217421409003205390e+00
6.375108260647276148e-02
-4.001587009860620436e-01
-5.566187612576315447e-01
-5.001470607825591053e-01
2.521359353356120853e-02
8.382800833143746466e-01
4.918305567614024709e-01
-5.088762344027272233e-01
-1.810459817141742533e+00
1.066527425236474480e+00
2.202619292034070586e+00
-7.455603385021323248e-01
-1.896960099455377913e+00
-1.595133154230921946e+00
1.353739349850302975e+00
-9.422457116896830742e-01
-4.113589388737948216e-01
1.747521036080030843e-01
7.437351856722070886e-01
-5.314180476422343258e-01
-8.934528755164978797e-01
-8.241405329498331378e-01
-6.343968907407186997e-01
-7.155622939263928117e-01
-1.958990709197163227e+00
-1.393470821620935718e+00
-3.360500867183966456e-01
3.296415239711585343e-01
-4.889557484994842551e-01
-1.812576345909022502e+00
1.166237433830314973e+00
4.052453615063598136e-01
-7.332197636514514727e-01
3.704594856298151218e-01
3.479315662153570909e-01
9.297621683172887508e-01
1.286937676481378634e-01
-5.998436449435121665e-01
1.313814923810365576e+00
-1.310057509685462085e+00
-1.150445798424074129e+00
-8.934561696827776345e-01
-2.838155432692939240e-01
1.118252885399529051e+00
1.709458563751957483e+00
-1.022131513751739912e-01
6.696296840599210709e-01
1.242147602052015021e+00
5.893197150972199205e-01
-2.729337613983268684e-01
-1.408303665795120230e+00
7.963183953440604590e-01
8.811650889379069040e-01
4.211975760514189426e-01
-6.857333947290235321e-02
6.693929689979597475e-01
-5.197174319242332530e-01
1.309651505676262095e+00
-7.754265636772298409e-01
6.776494484086894587e-01
-6.102719579335064148e-01
5.709096945536540346e-01
6.374454789633019480e-01
1.345676489802542231e-01
4.583401251895024009e-01
-4.806752269366943442e-01
3.614965569413104984e-01
-3.923084579918109105e-01
4.936373815831855971e-01
1.448221352290990638e-01
-8.834544408263239612e-01
5.850444040690168102e-01
4.106086215054695621e-01
-3.078227790916641671e-01
2.700559732408051028e-01
2.747042910126742399e+00
1.156496263099707766e-01
-4.683037315776109044e-01
1.291689053211620530e+00
-8.519901821770479167e-01
1.967555690941098279e+00
-1.001853756689972341e+00
9.292598584453567456e-01
3.922083062811679982e-02
-1.000136821680292387e+00
7.581224515950187870e-01
-1.682883394396314403e+00
-1.192281087982943300e+00
-2.180827111793312567e-01
-9.987044100192714324e-02
4.009682470003989030e-01
1.031146252021815535e+00
1.329879157454292971e+00
-7.383531016947908476e-01
-1.235337646951121249e+00
-2.252680576462789130e-01
2.253127140676703277e+00
7.846040579043511709e-01
7.297048132365414885e-02
-1.479571582575081590e-01
-2.549303894872326781e-01
7.068161090993029250e-01
5.729511054094875711e-01
-1.066131260644528123e+00
1.292936032474894192e+00
-6.678374958465560507e-01
-1.252530155563191805e-01
6.714234050236764784e-01
-1.933932249957085181e-01
-7.244447051255391568e-01
-3.107125424995380025e-01
1.629644450845889825e+00
5.293320770270663056e-01
-1.989687959071096968e+00
-1.108006671561761469e-01
-8.703233874897083056e-02
-7.599547049458859060e-01
-1.407052507800619301e+00
-4.922834265643085128e-01
-7.970716416062935128e-01
-1.444799936329353995e+00
5.079220734500534962e-02
3.659655195714222042e-01
7.001377502449959156e-01
-3.349406231399760236e-01
-1.340971816061593991e+00
-8.408772125155027366e-01
-8.392257255546461403e-01
5.976295972181722149e-01
-1.451300156169737843e+00
1.041295851012485674e+00
-7.542334792237097574e-01
1.508194903895735184e+00
2.770811708638746262e-01
2.025703770111221824e-01
-5.722400539708755174e-01
1.217171223549167403e+00
-9.202591403816420268e-01
-6.939468010392195740e-01
-2.045522642285830806e+00
-4.303918234102181550e+00
-5.636797337177616996e-01
-1.249972572797553694e+00
1.688255262309815929e+00
4.422355273767646922e-01
7.204587300044682507e-01
3.291277629967499507e-01
4.169369900829825691e-03
2.185542439684047711e+00
-7.024631965414763757e-01
1.641771175023109652e+00
-6.343164839115227327e-01
9.591652751576270619e-01
-1.572200630458561399e+00
3.370565341338023213e-01
-9.975162388835360217e-01
6.902613802248486197e-01
7.294052567103010976e-01
8.856970999356797991e-01
1.191738871964850427e-01
1.583167215101639824e+00
-7.220441126776721008e-01
-6.581717766190776642e-01
8.257751102814433475e-01
-7.056584320254537593e-03
-1.190623274270800197e-01
-1.388367497691349817e+00
-2.959171766762047073e-01
3.183620776459817892e-01
-1.915033089265557598e-01
-1.032534443935065882e+00
-2.742053978690637273e-01
-1.353720125523100393e+00
3.863705658796305897e-01
-2.779094240560602835e-01
1.314183402691018410e+00
-1.347949818737961047e+00
-1.463635255064823282e+00
1.741581379815600461e-01
5.239753010402016242e-01
-2.557659269751308764e-02
3.663746738177225959e-01
-7.076457974113216087e-01
1.194807847173665838e+00
1.899209235504741633e+00
-4.401364857068320036e-01
-7.724815031184825154e-01
1.370822929275574253e+00
-9.420691179387671310e-01
3.489033289459093634e-01
-1.120080861827606744e-01
-1.562117620417667441e+00
-1.432812292803050946e-01
4.020641827739259155e-01
-3.343174765154141581e-01
6.618601462063626872e-01
-6.982366984377330610e-01
-3.017346680786611390e+00
-8.803297016487768856e-01
6.925741629879440531e-01
8.498353119009783851e-01
-5.765507864614818345e-01
8.556361519652080361e-01
3.079197085947324997e-01
-1.013990357632067241e+00
-4.316111491061684902e+00
-8.883698039416905168e-01
7.219886384619539355e-01
-8.211448082985948194e-01
7.964126066394865422e-01
-8.097707543238216177e-01
2.606102039146071525e-01
-1.123037363496562024e+00
-1.061027044302148781e+00
7.098547959296536147e-02
-2.383605233140300150e-01
1.807618818923017734e-01
1.154533630915728804e+00
-1.460503212082088498e-01
-1.103220366378800277e+00
-1.007902123087579094e+00
-6.579239470133997347e-01
3.131674905574183820e-01
6.965339184664546268e-01
1.123257549381817100e+00
7.435764360396172057e-01
-7.037839450429852484e-01
-4.583725026918251677e-01
-2.453933217895574614e+00
5.315510733729371662e-01
-2.119160875556086232e+00
-1.959979724557977976e+00
-1.373579931008103605e+00
7.816782625032066001e-01
-5.328751581050548275e-02
1.034328232471929843e+00
1.302960779352038356e+00
-2.027036469892944837e+00
5.597918399155735747e-01
-3.649556435739900739e-01
-1.265618765267808588e+00
2.242192291389930384e-02
5.597367565070208162e-01
-8.401145450373542767e-01
-8.493210327804494655e-03
-1.444926122310551619e+00
6.486692152337457662e-01
4.845041074007476745e-01
6.203177027699946500e-01
-5.277411604065707085e-01
3.210327807021501889e-01
3.140002937272199923e-01
5.717824742511642411e-01
-2.294543084319306536e-01
2.221614159124014054e-01
8.915731268369646578e-01
1.032093925941369950e+00
1.208274875475549237e+00
3.850776697498461965e-01
2.310279327349564482e-01
3.099938421276923414e-02
9.361158946853733731e-01
2.996723294538485849e-01
6.114787817176919882e-02
-1.018664841310012031e-01
-8.337675112659778121e-01
-5.286543721443506261e-01
-6.085580423993464105e-01
-1.846942007012467579e-01
1.357200893944968012e+00
-1.171122790149236703e+00
-2.599216860867091250e-01
2.155715450846572290e-01
