9.056434899629143942e+00
9.256696831172707363e+00
1.048585391373062947e+01
8.483622796723892634e+00
1.030088532137335910e+01
9.111285270736058095e+00
9.052767980232246714e+00
9.366817622705163160e+00
9.289213876966792682e+00
8.877186730496473999e+00
8.926637822062220451e+00
9.256696831172707363e+00
9.076024210781676871e+00
9.268552571089847092e+00
9.158029283803999832e+00
9.104611747072373973e+00
9.092224220104190735e+00
8.349150803197179727e+00
8.924113041429148296e+00
8.195382398490796305e+00
8.719735109083263325e+00
8.349150803197179727e+00
1.030816555992984185e+01
8.672555503726353976e+00
8.958428683280379445e+00
9.062895623097492859e+00
8.756269419844782576e+00
1.046487958913244931e+01
9.009646092842054088e+00
1.048585391373062947e+01
8.003096741141519033e+00
8.862901964108299779e+00
9.111285270736058095e+00
1.040712573276516828e+01
1.041448339972378889e+01
8.926637822062220451e+00
8.924113041429148296e+00
1.036493660307893983e+01
1.037184073899840620e+01
9.320226360736379334e+00
9.502978346824971112e+00
8.983819274759989426e+00
8.195382398490796305e+00
1.048585391373062947e+01
9.143626303845302061e+00
9.309787649384988484e+00
1.036493660307893983e+01
8.862901964108299779e+00
9.258980747558126723e+00
8.756269419844782576e+00
9.111285270736058095e+00
8.983819274759989426e+00
9.080255034800813974e+00
1.044352413011045932e+01
9.258980747558126723e+00
9.052767980232246714e+00
8.728429970581586872e+00
9.534617770486287114e+00
8.958428683280379445e+00
9.410748490167247127e+00
9.070798779149070512e+00
8.982020582074472514e+00
9.162293661102584252e+00
8.551638193074664329e+00
8.213285492420331124e+00
8.789641047902437165e+00
9.418867200894171177e+00
8.948654873561290302e+00
9.135779520521015939e+00
9.289213876966792682e+00
8.877186730496473999e+00
9.045030352080839720e+00
9.505592684828709338e+00
9.491167803560943028e+00
9.585841971181821464e+00
9.956659267136418023e+00
1.034396227848075789e+01
9.304036216860477992e+00
8.213285492420331124e+00
9.639975120984754398e+00
8.958428683280379445e+00
9.649725888613797764e+00
9.187873131019111739e+00
8.941589940638776213e+00
9.210767226572670552e+00
1.030088532137335910e+01
1.046487958913244931e+01
9.079760888567024679e+00
1.026391040416767808e+01
9.214217414588913968e+00
1.044352413011045932e+01
8.687167394470918680e+00
9.896640616684972969e+00
8.534513798592442413e+00
9.833309915524074185e+00
9.039276824802001897e+00
8.877186730496473999e+00
9.111285270736058095e+00
9.085368286799692328e+00
9.420581958169293557e+00
8.983819274759989426e+00
8.493830281756867606e+00
9.062909319679407716e+00
9.000542685764919781e+00
9.672614044710650560e+00
1.053322702010814638e+01
8.924113041429148296e+00
8.981061857304235119e+00
9.001307526994304808e+00
9.111285270736058095e+00
1.040712573276516828e+01
9.076986907448818087e+00
8.927944807904756530e+00
9.493523760721293669e+00
8.983819274759989426e+00
1.037870029029887320e+01
8.855895966557655541e+00
9.289213876966792682e+00
8.641689626904838661e+00
9.554096714710222926e+00
9.080927493236959691e+00
1.038551469789292092e+01
8.621797426318071444e+00
9.148685727913365540e+00
9.013556083691643295e+00
9.056765793175705070e+00
8.535940029406528851e+00
9.468362851831068738e+00
8.983819274759989426e+00
1.036493660307893983e+01
8.569454263570850827e+00
9.184455445879633473e+00
8.903298909607682887e+00
9.111285270736058095e+00
8.598817798431573678e+00
9.043305543474989605e+00
9.111285270736058095e+00
8.958428683280379445e+00
9.384170154774494677e+00
9.045030352080839720e+00
9.750128290868191883e+00
1.003808694574621363e+01
8.434982270044139696e+00
9.131233265610241290e+00
9.270155561852540416e+00
1.037184073899840620e+01
9.160194135453693320e+00
9.045189088395725108e+00
9.247851097514976360e+00
9.168296566315103036e+00
9.443242462269287429e+00
9.061109815588933358e+00
9.681153165338779232e+00
1.027881287958492074e+01
9.008851805829211301e+00
8.362407360074259444e+00
8.451556140337530110e+00
9.126990640570241453e+00
9.031132248379503125e+00
8.862901964108299779e+00
8.990367960084368448e+00
8.831265882222661290e+00
1.051320071334481376e+01
8.926637822062220451e+00
9.061109815588933358e+00
1.035099681373269398e+01
9.401065645705022789e+00
9.089849915920979129e+00
9.214217414588913968e+00
9.264975491997198276e+00
8.576091566345457551e+00
1.047890575227958543e+01
8.862901964108299779e+00
8.807027497253066883e+00
9.080756546987410971e+00
8.576091566345457551e+00
9.467022086584631069e+00
9.512162146795803963e+00
1.035099681373269398e+01
1.037184073899840620e+01
1.042908287058153327e+01
9.229251612303160712e+00
1.031540624565411690e+01
8.926637822062220451e+00
8.805720511410530804e+00
8.664449466933893618e+00
9.569233265480189488e+00
8.493830281756867606e+00
1.028620842211347686e+01
8.631901921176847736e+00
9.025304032588699954e+00
8.927944807904756530e+00
9.544048524256124821e+00
8.855895966557655541e+00
8.497429927650136605e+00
1.039900584561205932e+01
8.286609336273942361e+00
9.160194135453693320e+00
9.639975120984754398e+00
8.927944807904756530e+00
9.734335803470374415e+00
1.041230970945645495e+01
9.336204427259559679e+00
9.055730147436841904e+00
9.225182449168901400e+00
9.256516169673503214e+00
8.500880115666380021e+00
8.927944807904756530e+00
8.958428683280379445e+00
9.111285270736058095e+00
8.948417202323417641e+00
9.182027126240623005e+00
9.414798545606538838e+00
8.349150803197179727e+00
1.047890575227958543e+01
8.330638829685840463e+00
8.924113041429148296e+00
9.648392690742999989e+00
1.049961760095056462e+01
9.073761145919622351e+00
9.214217414588913968e+00
9.176299633685317758e+00
8.052143554803993908e+00
9.703112589471363236e+00
8.927944807904756530e+00
9.007533815210797101e+00
8.924113041429148296e+00
8.003096741141519033e+00
8.926637822062220451e+00
8.990367960084368448e+00
9.289213876966792682e+00
8.690371574222542250e+00
8.807027497253066883e+00
8.807027497253066883e+00
9.507546061706655394e+00
9.233364681163763521e+00
9.203164262182836453e+00
9.111285270736058095e+00
9.079345993932070868e+00
9.502978346824971112e+00
9.082985950427543642e+00
8.880390216342613385e+00
9.089849915920979129e+00
9.325276167789505521e+00
8.535940029406528851e+00
9.061109815588933358e+00
1.037870029029887320e+01
8.983819274759989426e+00
9.182027126240623005e+00
9.371830633507503450e+00
9.111285270736058095e+00
9.005888696893785905e+00
9.089849915920979129e+00
9.289213876966792682e+00
1.027138002057384725e+01
8.530889367585048788e+00
8.974883921838126000e+00
1.042908287058153327e+01
9.953367237860474503e+00
8.980143609063249599e+00
1.040712573276516828e+01
9.213817987458782000e+00
9.182027126240623005e+00
9.039763777164184333e+00
9.027402258314982220e+00
9.583699206671902004e+00
1.037184073899840620e+01
1.032976672225637493e+01
9.236109030679765297e+00
1.039900584561205932e+01
9.143067608833492343e+00
8.927944807904756530e+00
1.028620842211347686e+01
9.010982937031110751e+00
9.214217414588913968e+00
9.441490078510124562e+00
8.621797426318071444e+00
9.277882536087641796e+00
9.111285270736058095e+00
1.032260681945876968e+01
9.165819222988714543e+00
9.384170154774494677e+00
8.961162379287543445e+00
9.192486654216855513e+00
8.314064959392448273e+00
8.621797426318071444e+00
8.330638829685840463e+00
8.958428683280379445e+00
1.016360455388164219e+01
9.179601919595011594e+00
8.195382398490796305e+00
9.474770497546847636e+00
9.079345993932070868e+00
1.034396227848075789e+01
8.407526646925633784e+00
8.789903102770844967e+00
9.001480151026333587e+00
1.045780270561120417e+01
9.011546922563825390e+00
8.983819274759989426e+00
9.384672269710268466e+00
8.454959267392569089e+00
9.430996210693106008e+00
1.035099681373269398e+01
9.064852146824240009e+00
9.149377853221784207e+00
9.569233265480189488e+00
8.983819274759989426e+00
9.133880588441616766e+00
8.494394410950858898e+00
1.038551469789292092e+01
9.146966026782818560e+00
9.076986907448818087e+00
8.927944807904756530e+00
1.022458358831739389e+01
8.855895966557655541e+00
9.135974193695460599e+00
8.576091566345457551e+00
8.668723737250745742e+00
8.551638193074664329e+00
8.807027497253066883e+00
8.983819274759989426e+00
9.487481740347497805e+00
9.502978346824971112e+00
9.441767269504120819e+00
8.386300322726436107e+00
9.210767226572670552e+00
9.401326134230679088e+00
9.089849915920979129e+00
9.045030352080839720e+00
8.862901964108299779e+00
9.247851097514976360e+00
8.668723737250745742e+00
8.926637822062220451e+00
9.142491662340205494e+00
8.535940029406528851e+00
9.135779520521015939e+00
9.146966026782818560e+00
9.502978346824971112e+00
8.789641047902437165e+00
9.109039115398584130e+00
1.037732190010552813e+01
8.500880115666380021e+00
8.983819274759989426e+00
1.032260681945876968e+01
1.037870029029887320e+01
8.362407360074259444e+00
8.728429970581586872e+00
8.604540107375582281e+00
8.805720511410530804e+00
8.349150803197179727e+00
9.296609524415906378e+00
9.499604469940718943e+00
8.752819231828539159e+00
9.582949191880642204e+00
8.690371574222542250e+00
9.561775675048091117e+00
1.035099681373269398e+01
9.126933786863284936e+00
8.789903102770844967e+00
1.035459285699219478e+01
8.330638829685840463e+00
8.877186730496473999e+00
1.043632355630580832e+01
8.228233492545490080e+00
9.009974046668867587e+00
9.048903491328744053e+00
8.413596487940750990e+00
1.026391040416767808e+01
8.952331289410912163e+00
8.464345804904860771e+00
8.880390216342613385e+00
8.983819274759989426e+00
8.855895966557655541e+00
8.986846552559383028e+00
9.466600868627647714e+00
9.571896925523700972e+00
9.182027126240623005e+00
8.980143609063249599e+00
1.048585391373062947e+01
9.244653349580504553e+00
9.111285270736058095e+00
8.455174255693766128e+00
9.508172035881866435e+00
8.621797426318071444e+00
9.079345993932070868e+00
9.001307526994304808e+00
8.690371574222542250e+00
9.045030352080839720e+00
1.051320071334481376e+01
8.300515917504666774e+00
9.254598381972890309e+00
8.621797426318071444e+00
9.111285270736058095e+00
9.548425077436750286e+00
8.982020582074472514e+00
1.032976672225637493e+01
8.927944807904756530e+00
9.455642922310412146e+00
1.048585391373062947e+01
9.108253271439277654e+00
1.032976672225637493e+01
9.182027126240623005e+00
9.400072630358106807e+00
1.028620842211347686e+01
8.710348571570971643e+00
1.023367554634050514e+01
9.441767269504120819e+00
8.961870407693714569e+00
1.047191412438438540e+01
8.880390216342613385e+00
9.001307526994304808e+00
9.222508551778858532e+00
9.083696982723759916e+00
9.061109815588933358e+00
1.043632355630580832e+01
9.181566877429672147e+00
1.053322702010814638e+01
8.990367960084368448e+00
9.039276824802001897e+00
9.710871775152982721e+00
8.413596487940750990e+00
1.038551469789292092e+01
8.316299709142487728e+00
1.031540624565411690e+01
1.047890575227958543e+01
9.294666128980404451e+00
9.204358857137814098e+00
1.030816555992984185e+01
9.805517705441797460e+00
9.351915655557222706e+00
8.566250083819227257e+00
9.569233265480189488e+00
8.926637822062220451e+00
9.381103608640328773e+00
9.205485448781850266e+00
