1.389521796109850271e+01
1.412002681021523465e+01
1.689655847140287648e+01
1.276624321495653192e+01
1.677700202362495929e+01
1.383593073497344683e+01
1.480508005949972450e+01
1.556964326192884407e+01
1.631621485838525487e+01
1.337274152664952531e+01
1.439922625143995738e+01
1.412002681021523465e+01
1.484813419535392676e+01
1.446672410077050586e+01
1.424768609946408660e+01
1.414214842201598721e+01
1.411772311524048362e+01
1.327429929301947631e+01
1.362106820599342782e+01
1.469052039786884301e+01
1.306538301291348070e+01
1.327429929301947631e+01
1.678178121466592287e+01
1.389718411529590902e+01
1.460990186575857486e+01
1.405998290954386754e+01
1.328897539922690463e+01
1.688646132768132091e+01
1.395554633112749165e+01
1.689655847140287648e+01
1.439908515635477926e+01
1.349969901545484419e+01
1.383593073497344683e+01
1.685062796880866642e+01
1.685579441854739002e+01
1.439922625143995738e+01
1.362106820599342782e+01
1.681279234398025579e+01
1.681573857195768440e+01
1.532177250023727488e+01
1.673858853113551248e+01
1.358346514287746309e+01
1.469052039786884301e+01
1.689655847140287648e+01
1.421919951779687352e+01
1.439251504788272129e+01
1.681279234398025579e+01
1.349969901545484419e+01
1.520124523356351354e+01
1.328897539922690463e+01
1.383593073497344683e+01
1.358346514287746309e+01
1.394130419362277351e+01
1.687451480291010242e+01
1.520124523356351354e+01
1.480508005949972450e+01
1.400775509351778858e+01
1.574611587382028866e+01
1.460990186575857486e+01
1.474648183627812159e+01
1.407552889579110378e+01
1.481506828909061646e+01
1.425612415559964496e+01
1.381341798787328834e+01
1.316450267910639305e+01
1.412912428405637222e+01
1.476229094498726013e+01
1.464346723903194025e+01
1.403626068279261396e+01
1.631621485838525487e+01
1.337274152664952531e+01
1.370483433341604673e+01
1.492967068901984362e+01
1.475107933737527688e+01
1.493530592523887179e+01
1.561639057132193287e+01
1.680269520025870023e+01
1.544516868666382869e+01
1.316450267910639305e+01
1.700869049851909764e+01
1.460990186575857486e+01
1.597156230218858575e+01
1.415173440329345134e+01
1.463683332517514124e+01
1.616308216971073364e+01
1.677700202362495929e+01
1.688646132768132091e+01
1.591474668486987909e+01
1.675022443094542979e+01
1.632272959694637038e+01
1.687451480291010242e+01
1.535166662441050001e+01
1.551169887248276780e+01
1.362579494915119582e+01
1.539860394041809499e+01
1.476168960031487210e+01
1.337274152664952531e+01
1.383593073497344683e+01
1.486564770861127371e+01
1.567592449022940038e+01
1.358346514287746309e+01
1.515463228877806579e+01
1.482374871773339997e+01
1.393775597013110534e+01
1.510116015806631751e+01
1.691264976253481933e+01
1.362106820599342782e+01
1.468297438615298667e+01
1.454431676085556013e+01
1.383593073497344683e+01
1.685062796880866642e+01
1.499803037086984858e+01
1.347289416465558354e+01
1.475569821671718529e+01
1.358346514287746309e+01
1.681847201626909438e+01
1.426022068561377232e+01
1.631621485838525487e+01
1.291747485839597154e+01
1.487387212713668916e+01
1.394260867849877350e+01
1.682099085269381789e+01
1.379703147728985080e+01
1.422920382483590984e+01
1.396319390071595024e+01
1.601537108321032576e+01
1.511506578713856186e+01
1.561501947226288856e+01
1.358346514287746309e+01
1.681279234398025579e+01
1.292535742566138168e+01
1.520872255375815563e+01
1.374957753640529035e+01
1.383593073497344683e+01
1.298161688549086001e+01
1.478784086470397519e+01
1.383593073497344683e+01
1.460990186575857486e+01
1.544813670924527038e+01
1.370483433341604673e+01
1.616448831591356239e+01
1.586448705734830256e+01
1.343341350372432785e+01
1.404062237665834090e+01
1.446989961585883222e+01
1.681573857195768440e+01
1.484545572773749278e+01
1.402519241818547968e+01
1.623525919623033786e+01
1.623244873096263419e+01
1.556520410306737467e+01
1.389117017337701121e+01
1.511730160871903550e+01
1.676150449862945990e+01
1.472723890520821755e+01
1.484526808293712286e+01
1.498343394134406203e+01
1.418632383546357190e+01
1.476597740733558872e+01
1.349969901545484419e+01
1.375216460755082615e+01
1.328246066066578912e+01
1.690705938443378997e+01
1.439922625143995738e+01
1.389117017337701121e+01
1.680626883391008874e+01
1.472759886607377311e+01
1.607931604228811651e+01
1.632272959694637038e+01
1.642288223495242860e+01
1.517787982901866606e+01
1.689340128398011842e+01
1.349969901545484419e+01
1.338912803723296285e+01
1.500537401409030736e+01
1.517787982901866606e+01
1.485558547006807473e+01
1.479218275691548001e+01
1.680626883391008874e+01
1.681573857195768440e+01
1.686554734208854356e+01
1.514298835812460275e+01
1.678636404002699223e+01
1.439922625143995738e+01
1.431546012401733670e+01
1.296000302430933537e+01
1.686968493269291258e+01
1.515463228877806579e+01
1.676686184138604929e+01
1.304556184456864898e+01
1.383542221392588445e+01
1.347289416465558354e+01
1.500290777679127885e+01
1.426022068561377232e+01
1.355361792263159337e+01
1.682537740500046652e+01
1.483129131103703102e+01
1.484545572773749278e+01
1.700869049851909764e+01
1.347289416465558354e+01
1.613441897691489402e+01
1.682888363511219865e+01
1.444487943080250147e+01
1.389385835994273677e+01
1.513503021040967589e+01
1.444287205211700531e+01
1.371326534986723011e+01
1.347289416465558354e+01
1.460990186575857486e+01
1.383593073497344683e+01
1.475189834924725041e+01
1.397493630079963189e+01
1.475437101190540545e+01
1.327429929301947631e+01
1.689340128398011842e+01
1.489966781392144135e+01
1.362106820599342782e+01
1.519805625039829522e+01
1.690223814369171507e+01
1.408135866653663371e+01
1.632272959694637038e+01
1.412897973232142945e+01
1.447262901734302787e+01
1.607465294489512786e+01
1.347289416465558354e+01
1.472501611318262427e+01
1.362106820599342782e+01
1.439908515635477926e+01
1.439922625143995738e+01
1.375216460755082615e+01
1.631621485838525487e+01
1.300912355308400237e+01
1.338912803723296285e+01
1.338912803723296285e+01
1.569262605712703085e+01
1.515103647846866330e+01
1.418183194665282976e+01
1.383593073497344683e+01
1.469366799318119554e+01
1.673858853113551248e+01
1.486117263112679332e+01
1.446055063343293945e+01
1.607931604228811651e+01
1.533173485248451051e+01
1.511506578713856186e+01
1.389117017337701121e+01
1.681847201626909438e+01
1.358346514287746309e+01
1.397493630079963189e+01
1.451553116584882019e+01
1.383593073497344683e+01
1.394820082694792518e+01
1.607931604228811651e+01
1.631621485838525487e+01
1.675595808707569745e+01
1.521263477074700710e+01
1.467416839768649872e+01
1.686554734208854356e+01
1.561071484777485452e+01
1.468163448937181492e+01
1.685062796880866642e+01
1.418561191511824937e+01
1.397493630079963189e+01
1.401454424931949561e+01
1.595911162338084921e+01
1.584269784878081744e+01
1.681573857195768440e+01
1.679493329682671643e+01
1.424679159550677809e+01
1.682537740500046652e+01
1.497556815176032252e+01
1.347289416465558354e+01
1.676686184138604929e+01
1.395816064640395915e+01
1.632272959694637038e+01
1.571710502937393095e+01
1.379703147728985080e+01
1.432934700982421283e+01
1.383593073497344683e+01
1.679074867548748173e+01
1.501949012488618962e+01
1.544813670924527038e+01
1.386107807138271752e+01
1.416081131589621123e+01
1.334964737630170717e+01
1.379703147728985080e+01
1.489966781392144135e+01
1.460990186575857486e+01
1.605024521308038388e+01
1.519916053807374645e+01
1.469052039786884301e+01
1.562772120973716916e+01
1.469366799318119554e+01
1.680269520025870023e+01
1.491505743845964993e+01
1.320150499851087034e+01
1.590999109460618222e+01
1.688268220724663493e+01
1.473181229941647885e+01
1.358346514287746309e+01
1.454098460449112906e+01
1.362298448388349392e+01
1.554091690598009201e+01
1.680626883391008874e+01
1.391147477495615092e+01
1.498772481345382346e+01
1.686968493269291258e+01
1.358346514287746309e+01
1.495790820524321063e+01
1.505017694107536386e+01
1.682099085269381789e+01
1.513495991663030082e+01
1.499803037086984858e+01
1.347289416465558354e+01
1.604752320176659808e+01
1.426022068561377232e+01
1.420407357516598168e+01
1.517787982901866606e+01
1.404535815663375331e+01
1.381341798787328834e+01
1.338912803723296285e+01
1.358346514287746309e+01
1.489495895505606526e+01
1.673858853113551248e+01
1.661721934059692884e+01
1.334176480903629702e+01
1.616308216971073364e+01
1.548210878139889068e+01
1.607931604228811651e+01
1.370483433341604673e+01
1.349969901545484419e+01
1.623525919623033786e+01
1.404535815663375331e+01
1.439922625143995738e+01
1.512617233879825918e+01
1.511506578713856186e+01
1.403626068279261396e+01
1.513495991663030082e+01
1.673858853113551248e+01
1.412912428405637222e+01
1.415088306200570401e+01
1.682807148188195967e+01
1.371326534986723011e+01
1.358346514287746309e+01
1.679074867548748173e+01
1.681847201626909438e+01
1.484526808293712286e+01
1.400775509351778858e+01
1.285000934237915082e+01
1.431546012401733670e+01
1.327429929301947631e+01
1.452225778271884948e+01
1.491820869173101372e+01
1.312932797199126789e+01
1.507630060927591131e+01
1.300912355308400237e+01
1.503644253238278239e+01
1.680626883391008874e+01
1.615149306880771718e+01
1.320150499851087034e+01
1.680921997249555844e+01
1.489966781392144135e+01
1.337274152664952531e+01
1.687013016744961291e+01
1.319053316559685740e+01
1.486840658831495254e+01
1.479801667194622894e+01
1.354202882172857692e+01
1.675022443094542979e+01
1.384395708357881283e+01
1.348967296355380618e+01
1.446055063343293945e+01
1.358346514287746309e+01
1.426022068561377232e+01
1.469163679354733887e+01
1.485477312957742413e+01
1.505552239111349877e+01
1.397493630079963189e+01
1.468163448937181492e+01
1.689655847140287648e+01
1.441935300532173159e+01
1.383593073497344683e+01
1.509411370159604537e+01
1.478438074257801205e+01
1.379703147728985080e+01
1.469366799318119554e+01
1.454431676085556013e+01
1.300912355308400237e+01
1.370483433341604673e+01
1.690705938443378997e+01
1.319442761480738646e+01
1.519264579951263094e+01
1.379703147728985080e+01
1.383593073497344683e+01
1.577334262890576078e+01
1.481506828909061646e+01
1.679493329682671643e+01
1.347289416465558354e+01
1.574492073630460531e+01
1.689655847140287648e+01
1.490893096187372002e+01
1.679493329682671643e+01
1.397493630079963189e+01
1.563543935788294270e+01
1.676686184138604929e+01
1.319869453324316844e+01
1.672545384507293775e+01
1.661721934059692884e+01
1.465749668620135360e+01
1.689003496133270588e+01
1.446055063343293945e+01
1.454431676085556013e+01
1.421995692537020162e+01
1.410092178262476281e+01
1.389117017337701121e+01
1.687013016744961291e+01
1.429428121978948774e+01
1.691264976253481933e+01
1.375216460755082615e+01
1.476168960031487210e+01
1.608954331160117235e+01
1.354202882172857692e+01
1.682099085269381789e+01
1.477428652529146369e+01
1.678636404002699223e+01
1.689340128398011842e+01
1.433739964967454661e+01
1.524796872506188983e+01
1.678178121466592287e+01
1.534818447133089592e+01
1.463131631202554672e+01
1.526790049698787932e+01
1.686968493269291258e+01
1.439922625143995738e+01
1.468857780922983380e+01
1.509656993138515801e+01
