4.036356635278690042e-01
8.769933602804810269e-01
-1.170929481991979521e-01
1.584818566148911589e+00
-1.902913983434497691e+00
2.517960543429679787e-01
5.250508054321845197e-01
6.674718033911282433e-02
4.473883066441542433e-01
-2.340311503009326333e-01
1.147257148252563974e+00
1.191913682850931577e+00
4.073794804744367837e-01
-1.210271217522668474e-01
-6.092584050692558817e-01
-1.240238484808767527e+00
-4.016160879899718372e-01
2.632061473817474351e+00
-1.483354808156459370e+00
-1.146976621170912702e+00
-2.097277699666380280e-01
-6.228237965709387813e-01
1.396787398446870609e+00
-1.013180464361598254e+00
1.339008721507700450e+00
-2.804196263625476915e-01
1.415321225900377788e+00
-5.008024474328862663e-01
2.177063693470642658e+00
4.027106513049424352e-01
-1.565412689924081224e+00
-7.931264516330656100e-01
-2.215877454835410099e+00
4.371929987761775660e-01
9.917908386031414059e-02
-4.324518822999752765e-01
1.946370915563180093e+00
9.451696933858543259e-01
-1.434684988312627807e+00
1.851499766824227233e+00
-1.385370354667567083e+00
-2.122980609182840706e-01
-2.320773704957640238e+00
6.857545107803597606e-02
-1.597468503332374334e-01
4.321443561529678123e-01
1.790874174534659913e+00
3.340039379501088757e+00
-1.152690195840119225e+00
-9.327038012554299540e-01
-1.288659418617898123e+00
1.279178293320069715e+00
-8.776223551092178221e-01
6.911314747872887576e-01
7.694324515181274471e-01
-7.226652466959490040e-01
3.577793344768952277e+00
4.508202851501730973e-02
1.219044289229794353e+00
-6.411330102358588912e-01
6.006558758389315411e-01
-1.530607866502630560e-02
1.293218779774310823e-01
-4.046564238265247804e-01
1.430059975298878072e+00
1.229600939848819463e+00
-5.071347776195576085e-01
1.769253020172467383e-01
-1.322656025385628542e+00
6.643589677899742751e-01
4.270459176264899126e-01
1.956354895244755365e+00
-2.502826384320977482e+00
-3.899342063926763413e-01
-1.176976335196778800e+00
2.249165867798320340e-01
5.635121331029560032e-01
-1.235498640533435388e+00
1.376860940405623124e+00
2.236141487794995442e+00
5.273471559137937748e-01
9.221009617402254888e-01
4.069042192647973621e-01
-2.219127904758450009e-01
1.524632693420103491e-01
-1.527148217396602448e+00
-4.452599536311141470e-01
-1.238776221929013488e+00
1.067280411510659999e+00
-1.889852146782618758e-01
1.676005003917973468e+00
3.025763542453023813e-01
-8.052692090143246384e-01
1.691447392886389900e-01
6.168613309477828377e-01
2.148014388345815817e-01
-9.840204883290066817e-01
-2.880891600361674687e-01
1.268153308417338199e+00
-1.349963099927271371e+00
1.001925733165869747e+00
-7.100910562182839447e-01
3.013952443668139747e-01
-6.263954377502040094e-02
-4.216892101326902842e-01
1.724483208800365208e+00
-2.325055649042093442e-01
-1.159899499272110113e+00
2.808318168675060789e-01
-1.485962350515235286e-01
5.028613443269874805e-01
-1.535468840586457606e+00
-1.462338305090216117e+00
1.787110903476447410e+00
6.831493305274950467e-01
2.331583167191483064e+00
1.416509265776976778e-01
-1.580275200966578586e+00
1.461747194891161339e+00
-7.407137526841904851e-01
-1.657996585455716598e-01
7.893198771089849908e-01
7.949639307842395475e-01
8.232267249368998563e-01
9.590482348338167373e-01
-1.002733880114960119e+00
3.880288249247338395e-01
1.050982735468955376e+00
1.874416452582450043e+00
-4.850958457384867417e-01
1.453050085626094612e+00
7.790771472137163478e-01
2.304723542719450680e-01
-6.499944234484535954e-01
1.139991648744942188e+00
8.233226374844131445e-01
1.168060228388163591e+00
4.196404901192595238e-01
-1.401666254392117006e+00
-1.969326547710086583e-01
-6.937110078208795771e-01
-1.507395767813070719e+00
-2.428841140103409568e+00
-1.430500135677824913e-01
-1.532942442142300798e+00
-1.931995466196536837e+00
-8.328412427727743816e-01
5.767671986762247238e-01
-1.847888998261278282e+00
-4.802254490135509646e-01
-6.219965972311894964e-01
5.741811792687587790e-01
-1.167793142120929994e+00
3.243074965771990392e-01
-7.776937875542151435e-01
4.149623708824218826e-01
9.375304808216315677e-02
-9.804056170466225462e-01
8.347005545747827882e-02
1.842466277350980786e+00
2.909011549115942508e+00
1.943590646411678946e-01
-1.342763040979078282e+00
2.574119297435974452e-01
7.176936977695136388e-01
2.907006497916797549e-01
-1.937583023863427512e+00
2.270750777732499226e-01
1.078579978037952802e+00
-1.336574705516888395e+00
2.470366008769451227e-01
2.301514823275596644e+00
1.561422484642446484e+00
-2.626580964771636495e-01
-1.205135705919811340e+00
-1.455368595444483937e+00
-1.129746876599205363e+00
6.736805959595753013e-01
1.025205048349079773e+00
-3.120991142129696527e+00
5.986992623700420069e-01
9.975377061674525203e-01
2.405528580970043573e-01
1.877388620620023207e+00
-3.127252736415120794e-03
8.501234350035560272e-01
-1.886768092282306020e+00
-2.982797530182160761e-01
1.825356522005892268e+00
2.411316979121778115e+00
1.267830642208025882e+00
1.874965215379526262e-01
3.453302054838768009e-02
3.617665518643207179e-01
1.789413278325010959e+00
-2.228042849566095107e+00
-4.568113915650409140e-01
7.463561486198942996e-01
-9.682073422299972143e-02
1.401175080250241844e+00
-7.365128184654541610e-02
-7.883315644058978000e-01
-6.502453039546204905e-02
-1.522688942544912161e+00
-4.744924490723674282e-01
1.399980539677810887e-01
-4.599980986182224396e-01
2.395035394555648178e+00
1.108734315136497894e+00
1.460205206367794828e+00
6.648305174179733879e-01
6.252716303926966201e-01
-1.387357793176290155e+00
2.846329085660231684e+00
7.349577101147365399e-01
3.199415170083884097e-01
1.115419840882616587e+00
4.295579867819433462e-01
1.578275708405924682e+00
-8.761088493560204027e-01
8.365776807641810420e-01
8.859765391879995122e-02
3.444247744832685809e-01
-1.227878016865091348e+00
-4.708563614879204828e-01
1.552256035200312578e-01
-5.817714604068512374e-01
9.847101745751808688e-02
3.726577982516252052e-01
6.285548393044873006e-01
-4.885196953518528701e-02
3.136485711376790331e+00
4.413101038769988160e-01
-1.319117874481725128e+00
4.605411530517460328e-01
-3.018007237336309267e-01
-5.199634529731972377e-01
-8.609004322632375361e-01
9.435788983221871096e-01
-6.663891610658853049e-01
5.929995487056294312e-02
8.751215682173041355e-01
-6.792770252760109706e-01
-1.646169400423811990e-01
1.676476013247036045e-01
9.619545272408496217e-01
-6.864511372328492289e-01
3.349415629877239842e-01
1.093170043851512535e-01
9.106032727988871978e-02
-3.676805571449413002e+00
1.083040909355450720e+00
1.859836153616224730e-01
5.451288436579614372e-01
7.470448040328483419e-01
-5.684234345451020243e-01
1.695900657943286427e-01
-1.311597854718524303e+00
-2.219464899654170154e+00
2.933949124964111976e-01
7.670697975715062844e-01
6.816858020347840164e-01
1.340701287849987988e+00
-2.220315542614316739e-01
5.181453972900225136e-01
-1.106511578779619809e+00
5.537198153681714974e-01
-7.628433311969377018e-01
-3.451868427007010603e-02
1.364057537055644698e+00
9.433402143427684905e-01
2.098495970431553559e+00
-1.595181328370554485e+00
5.200968812851949202e-02
2.092582287033301292e+00
1.208868955921978294e+00
1.998798468779977577e-01
4.339264459078090996e-01
1.100988351191251047e+00
9.617189883766819047e-01
-5.685095375180313493e-01
-1.051398708001856530e+00
9.909080800056051519e-01
-2.063392644623545658e-01
6.359673560435072925e-01
1.480139283709912268e-01
6.549528242494087049e-01
-4.231295807956712146e-02
-2.266279923226810489e+00
1.078427463996826541e+00
7.561849199624154361e-01
-6.181113730512721033e-02
-2.698918242734099415e+00
7.119568932643320913e-01
7.940840619109317267e-01
1.148366911542201496e+00
-2.120490431947863463e-01
1.729829654267243333e+00
1.174813867149729907e+00
6.940908166107744304e-01
-9.741332309116279564e-01
2.060039969406975147e-01
-1.254846903602222286e+00
-5.182206907800989804e+00
-7.284674451237836967e-01
-1.155708413461571660e-01
5.900839385928070557e-01
1.407135777225346773e-01
-7.316750211876631160e-02
-1.995507997611031641e-03
-1.635818710301232048e+00
1.442636757508828804e+00
-6.301155158602350648e-01
1.445975302276754082e-01
-5.479796811691795694e-02
7.535353032055167599e-01
-4.387227035221635818e-01
1.195926931077406774e+00
3.215249250928171043e-01
1.325723105575846050e+00
8.756961100023920030e-01
-4.031698874499747287e-01
1.508004890792468966e-01
-3.622883032415622484e-01
-2.975706889715473147e-01
6.515568794893500382e-01
1.317877037063121870e+00
5.492051926565502118e-01
-1.265566648823437945e-01
-5.898898245893181569e-01
1.072265324120056817e+00
-1.464664158671743710e+00
1.206769777702123986e-01
-4.582935640514162468e-01
8.833029194592990907e-02
-9.375177036438490097e-01
-2.511128432944879085e-01
-1.451493881654923213e+00
4.833679252513431446e-01
-5.122009573646055802e-01
-5.109053006714013856e-01
1.710872350081357851e+00
3.340653069646948858e-01
-9.506996236175649373e-02
2.597891889027556609e-03
-1.633927692613316163e+00
-9.508875037876863834e-01
1.536910419711409737e-01
-4.791675590301530674e-01
5.084579190444135088e-01
2.553303907506944692e-01
-1.339131363033613686e+00
-1.134062653767054368e-01
-1.335869159985116683e+00
1.782506159785764543e+00
9.339632017303129904e-03
3.543279298188800781e-04
4.786957798778652129e-01
-6.929684682648888927e-01
1.878651758883816969e-01
7.401516009183166656e-01
-9.611074199394150641e-01
4.055014978814876492e-01
-4.885418208359292858e-01
7.669975682218561630e-01
-2.655020915876338816e-01
1.539465316865392119e-01
2.369167689731763282e+00
-5.140131544639409356e+00
-5.416287860798759679e-01
9.059927934130991289e-01
2.744344826951278238e-01
-4.163811782405367479e-02
4.237213781772833365e-01
6.706948274549658917e-01
-1.862951374635755331e+00
5.721327979482360160e-02
-3.986036655432829146e-01
-2.464619161570247019e-01
4.683789968557522942e-01
1.160638522552670748e+00
4.089408568765863450e+00
-4.275712938223960036e-01
1.815415415262057852e+00
3.213055758573077902e-01
-2.259644894954512484e+00
-5.512161585461674562e-01
1.602498405653952185e+00
9.343492563632879166e-01
6.005505800534171046e-01
3.510176194510691849e-01
-1.132958622683676531e+00
-1.753006587845232778e+00
7.804133524065609562e-02
6.965536419948370472e-01
-4.872850876383268415e-01
9.419063695017696469e-01
-2.604999434497096367e+00
4.909791796883378190e-01
3.453769458992316244e-01
-6.922865350499989301e-01
-6.058755016213596134e-01
-5.365994727206686160e-02
-6.856674746746782567e-01
-6.477047729900875517e-01
5.760037451981235845e-01
2.862812169939771834e-01
8.653120776853659435e-02
-1.348690544690883897e+00
-4.638242720729117141e-01
6.494805687957265761e-01
1.313486512568640574e+00
-7.607050230537216740e-01
-1.518517269774719292e-01
8.174069925365305966e-01
7.690229915718675979e-01
-9.682283118237630104e-01
1.707331497357440941e+00
1.881351733292067285e+00
-2.869020954595354223e+00
6.174754053589626146e-02
1.330330354497997636e+00
1.214029222796546639e-02
-8.677394941875771206e-01
3.781688602143560729e+00
-1.447248952790757492e+00
-1.160925105701538840e+00
6.918312492405149783e-01
2.439934164966484076e-01
-1.155932906425761186e-01
-1.527410064129863798e+00
8.895914540796685810e-02
7.041650445967034821e-01
-8.088445077853175791e-01
-5.343593297970621325e-01
4.424986781336216063e-02
