-8.839085685508132340e-01
1.187654159719379737e-01
2.878122581546955217e-01
-1.829035368777811810e+00
-5.077524297617360460e+00
-4.862459415319220768e-01
1.104083544292770586e-01
-6.945418206168167685e-02
1.663880071684097073e-01
-5.019664403851125112e-01
-6.001290337507204919e-02
2.957397461894525903e-01
1.116289417382348326e+00
-1.181140682788080348e-01
-4.322332599122571395e+00
-1.163438502592574197e+00
9.443193498113131579e-01
1.915986091512483114e+00
-1.655798187971856683e-01
-3.172424559055057602e-01
-1.769205443586894022e+00
1.059062188845353303e+00
5.170734338882995162e-01
1.196722033565304155e+00
-5.984377708652014460e-01
5.892570816904184605e-01
4.679217498459956048e-02
7.015120501417917431e-01
1.524291948986998158e+00
6.044354764357936505e-01
-1.568673717014985813e+00
-1.276896050685174533e+00
-2.264672294435836342e-01
5.008170586004244695e-01
-2.310922343217441249e-02
7.706158279460059157e-01
5.907519104914388253e-01
9.511174330273985955e-01
-3.516998223731097717e+00
1.898965134219249007e-01
-2.520652503155716428e-01
-1.148352740682800910e+00
-4.227667996303139386e-01
7.185565091039142205e-02
1.652031239736260759e-01
8.407244117265022521e-01
5.441503445758707480e-01
7.652668721750371938e-01
-7.234967031807640891e-01
-1.570397369833271384e+00
-1.575554420753382701e+00
5.581439918606106998e-01
5.732128024287246326e-01
-5.448755186124445427e-01
-9.555116702533204137e-03
-2.083270967797743012e+00
1.539683812594526247e+00
-1.233563886990657332e+00
1.327873553160918041e+00
-1.537869755252072146e+00
-1.951019112269962941e+00
1.796399465017702313e-01
-2.068799921565954436e-01
1.346105611509117450e-01
2.308616864583184825e+00
-9.165248170593977006e-01
4.372622097931618823e-01
2.954996054776462544e-01
9.483905391302375198e-01
7.863757256919374772e-01
-1.283559510735662101e+00
3.395965895902094966e-01
1.029612797609383401e+00
-1.504941492185004392e+00
-2.412311936916526456e+00
-7.296562577759860835e-01
-4.380628144553500580e-01
-2.244385201253155659e-01
2.300111023178057046e+00
-1.343823748046610866e-01
-1.162717116487892222e+00
2.114374410092284551e-01
-1.750217947228891180e-01
4.435939175682017122e-01
1.541618001638605795e-01
-1.190496352218573861e+00
-4.066144711892865971e+00
1.303526837830721041e-01
-1.544473475934305950e+00
1.551575791523267522e+00
8.596295176808539384e-01
8.026415434578854091e-02
-1.226425137861345327e+00
-1.239374129379342548e+00
2.765785479007624170e-01
-1.056827365783100658e+00
-6.087785989874373582e-01
-1.982637548769869751e+00
9.337984053257067929e-01
7.035693062727425839e-02
-3.903782822879545700e-01
1.662720536114016545e-01
-1.114171059145101728e+00
-2.086404471020560702e+00
-3.153323337412766714e-01
-6.799320005652048637e-01
-7.049452879014909135e-01
-2.360549806447377996e+00
1.047721353697199931e-01
-9.217760511279011748e-01
1.071107704718987863e+00
-1.331781646972681310e+00
-6.457587094105927683e-01
-7.044875479701978582e-01
-1.905755400785367426e+00
-8.495342507273779820e-01
1.422055557139296322e+00
-4.807315079321987372e-02
2.180228413566232260e-01
-2.388404564661336105e-01
-2.816084686223915834e-01
2.940810382841005932e-01
1.205899996061278623e+00
8.089688809805396508e-01
4.202203944860091744e-01
-1.328837029872912190e+00
-6.232930688334646918e-01
9.928747207651663631e-01
9.505188763150231035e-02
-1.060292780626311604e+00
-8.749701410223196252e-01
-9.255160993253407353e-01
-9.896285749907142160e-01
1.149562625549035877e+00
-8.962495805732099141e-01
8.093671606163467258e-01
-1.005713282008023901e+00
-4.982112687890600244e-01
-1.962269631632832745e+00
-1.420818546731492216e+00
-3.100053770665961439e-01
1.254282950553362808e+00
-1.769093750555628120e+00
-4.177524991410805355e-01
-1.199277096303171142e+00
-4.981001395230915563e+00
-9.619282314429553615e-01
-1.227040339442686756e+00
-7.751865788003841073e-01
-7.871295519635802540e-01
1.054024930918785685e+00
-5.152288372515898864e-03
7.148771630122885412e-02
5.186446893859317786e-01
1.150890649514917374e+00
-5.201383810163534571e-01
-4.484551947281070206e-01
-1.152143655644965792e+00
1.034502765387403933e+00
-2.718593362604512453e+00
-7.378137830688450416e-01
-4.487302619260808423e-01
-2.812496715638728606e+00
1.396006723188790488e+00
-2.587527489839603345e-01
6.105239908756764367e-01
-2.071796027932271578e+00
-9.488167454953791990e-01
-2.452433548063702173e-01
-5.153059151156055284e-01
1.111371146299077461e-01
1.110605542252746519e-01
1.952691808273495866e+00
-7.683107631635620605e-01
9.403892159876144907e-01
-8.497684894403454425e-01
-1.483887192065671545e+00
8.211680083669403718e-01
-1.436029013545047750e+00
-1.974216391876015608e+00
-1.719447702610956030e+00
3.385885031746725393e-01
4.851622639995000763e-01
5.695825891362499283e-01
-1.545727942788743592e+00
-1.211831550376564620e-01
-6.724732565844133703e-01
3.549132478257015222e-02
4.405319267405036765e-01
4.730428594399132547e-01
4.368431194617664604e-01
-2.305990315986379824e-01
-9.057832291527817548e-01
6.651994053344315594e-01
7.677304254442929299e-01
-7.239693417230975703e-01
-2.487162890994745190e-01
-1.474401743049067015e+00
3.624445391493579249e-01
-1.812409191552908083e-01
-1.458763578945087847e-01
1.238637917944417799e+00
-2.000051341987292730e+00
-2.292863433674162010e+00
-2.140017616767842856e+00
-6.476083592924251064e-01
7.705610327177457863e-01
1.434816612016537096e+00
1.799475273752660254e+00
-1.405427930060265229e+00
-1.178846836176617119e+00
3.689127752687219042e-01
9.892103159413767610e-01
-1.509036074602047028e+00
-3.050632785958612425e-01
-3.538435395262257699e-01
-4.854660543795396577e-01
-1.466126677533671874e+00
-4.429627052021212208e-01
-1.138943825977328572e+00
3.266644261679362282e-01
2.679044667068593011e-01
-4.624559714541642275e-01
4.361254811528868236e-02
-2.664624219735599597e-01
4.391866815067473895e-01
2.977735330333721175e-01
-9.398531836744493662e-01
-4.729416760638102679e-01
5.117552759976546906e-01
4.922974698439729901e-01
-2.804011596280943652e-01
4.511859381006539937e-01
1.456441743177190884e-01
-1.539384102512025176e+00
-2.675573981316758942e-01
-1.258990964857432671e+00
-1.848854071488518658e+00
5.947993511164486602e-01
9.029662360544301603e-01
-1.347326303461327535e-01
3.034382155746980225e-01
-9.220284912103930697e-02
1.995835921488027687e+00
-8.149864494769604173e-01
-1.020229407034979996e+00
-7.919745636422325097e-01
-1.007519696225863459e+00
-6.574388315054615628e-01
1.446780614586854918e+00
-1.978329190324005671e+00
1.892659940074106206e-01
1.834851400780624364e-01
4.778067579700508993e-01
6.839528229302380691e-01
-1.219755580408019568e-01
-3.787030140336170581e-01
-2.932122400061996537e+00
1.296420126172689313e+00
1.078765997419547151e+00
-3.984802859728590607e-01
-2.036166796976148219e-01
-1.534259149475014183e+00
-1.505389821818056806e+00
-6.984262104447515052e-01
-6.102641326226805607e-02
-1.475304597838524856e+00
1.113257013035463094e+00
-3.311018536596110340e-01
6.477125662963983954e-01
1.708951259687649382e-01
-1.272125599582365707e+00
8.750473440422308347e-01
1.707355387893180643e+00
1.596631967615991687e+00
-1.093618709082849971e+00
1.347013511240716443e+00
8.329393039282056987e-01
7.079780257577676927e-01
-1.061811417092706655e+00
-3.572367365852372467e-01
9.612026205346022589e-01
-1.251833448722269315e+00
-1.047868591659466331e+00
4.717332679572937282e-03
1.305463494237808053e+00
-2.112903065378296252e-01
-2.242856932989077678e-01
-1.393475213438070126e+00
4.765196430820810569e-01
-1.249083139055582103e+00
-2.276980184651898220e+00
-7.873876007070536032e-01
7.743045796110443746e-01
-1.494026691926428230e+00
1.608421775386171815e+00
-7.918352778488627619e-01
5.237620039281172257e-01
-1.928802871249657214e+00
7.089134871351189249e-01
3.709878621993627501e-01
-2.726979487375339462e-01
-1.943072223512915198e+00
-1.383544386262103965e+00
-6.431666267859479369e-01
8.224563254873292761e-01
-1.392306596076919867e-01
1.040892526341228586e-01
1.500865058677776920e-01
-7.053468629547600122e-01
-7.812889789914810867e-01
1.671997730283769856e+00
-8.435345104056087007e-02
2.328137241780187772e+00
-1.165740895162852286e+00
9.944692159548084165e-01
-1.791169178838680764e+00
-1.083206541983634086e+00
-1.212572236725609320e+00
-3.583919168424984369e-01
4.877949495441669114e-01
1.719245018399567226e-01
-8.666470775730905629e-01
6.949473973904395363e-01
-1.469183184189424562e-01
4.157201151483544965e-01
-1.793982273995367305e-01
4.680767857611611849e-01
8.844464961591493035e-02
-1.149159435726603062e+00
-8.827890003717365763e-01
-5.268933022074747674e-01
1.558531912466713243e-01
7.321370696561936564e-02
-1.223931607297819163e-01
4.045512815379307958e-01
2.066289157606409077e+00
-4.588192248114104088e-01
-7.857478221995436440e-01
1.244053922076793661e+00
2.048624363333928944e+00
7.817171430106767405e-01
-1.681639568584217148e+00
-2.291360023251957090e-01
7.364388839425147770e-01
9.995507247710577747e-01
9.289694950900205805e-01
2.183266589777207223e+00
-2.233991096367959450e+00
-9.405418725428685844e-01
1.149800923997460034e+00
-4.493754282984490089e-01
1.192223770624040835e+00
7.791603197605300180e-01
-4.023482774987317434e+00
8.462451646895883250e-01
-3.396569994122109470e-01
-7.399698068109628046e-01
-1.450240459967994111e+00
-1.109662340442858275e+00
-6.461096988585635081e-01
-3.400658867739042709e-04
-1.306003662840736212e-01
-8.636672100805238284e-01
-9.871846211637876900e-01
-1.501897460143230445e+00
-2.904334953557161092e-01
1.608774386048712701e+00
-1.491988848651362165e+00
-1.353643035617143608e+00
-2.758655144847824703e-01
5.046124047668363449e-02
-5.381451595335193239e-02
1.073037458702600144e+00
1.056988333503874111e+00
-8.113049333700531607e-01
6.897242115133427331e-01
-3.805955018627741326e-01
-1.517837289271822598e+00
1.174726122554357266e+00
1.274868686005723450e+00
-9.836404972991483753e-01
-7.583103611817944012e-01
-1.690386734926879075e+00
-1.293307779178014094e+00
-3.894506746710291178e-01
1.146151247788458560e+00
2.275762464232710114e-01
-2.564034468075716555e-01
-2.469132952989108731e-02
-8.743701959522762190e-02
-7.413331098218366444e-01
6.500253014205832347e-01
-2.496089796639692437e+00
-2.922021498629288616e-01
-1.563324933051402910e-01
-1.438974774736068829e+00
-9.468598263834497875e-01
-3.643652179009308489e-01
1.737247137456888968e+00
-9.219401546837963091e-01
-8.356928182630373181e-01
-4.477301800593952996e-01
6.910971339714401251e-01
-9.164779443710594498e-01
-1.280818056548605366e+00
-3.260835446432494011e-01
-9.765722741426026143e-01
2.974820240027851656e-02
-8.735434707292466516e-02
-1.480957674040474403e+00
-9.497266456275341717e-01
6.770972762253024690e-01
-9.598038586659710103e-02
-7.663344201685842183e-01
7.864985098797036001e-01
1.452585162028362742e+00
6.395728384589058901e-01
-1.307051597856975778e-01
-2.974007237018756467e-01
2.974998355564389407e-01
1.236496972988575083e+00
1.028609692843628798e+00
-1.584064014626860528e+00
9.243463183220766988e-01
2.055201260119406681e-01
2.146392860431317329e-01
7.861710056008920366e-01
-2.432170958324286481e-01
8.503495413929748059e-01
-1.584391423850945724e-01
-1.015519956381994771e+00
-2.046427634865763956e-01
-6.807287206101361732e-02
-6.185923892712870131e-01
-2.369668869896478292e+00
