-1.138672412419282187e+00
2.545939894797336622e-01
1.555225067399853334e+00
-1.991817873921098325e+00
-1.118842070326346860e+00
5.480533320261575803e-01
-7.764953647473377130e-01
-1.019300427341555570e+00
5.374318245732228050e-01
1.148673700905445294e+00
-1.789850961405086593e+00
-1.155540526984713212e+00
1.749325742444496068e-01
2.143986932158135350e-01
-1.009975536664252216e+00
7.616064896323806455e-01
-4.984745475032771878e-01
-4.745228202573509857e-01
1.463194907059668370e+00
-8.178250808480178602e-01
-1.978320700515880493e+00
-8.993210135285965856e-02
1.289267359561519222e-01
6.177379093773929242e-01
6.649714110933198086e-01
-5.602995691842541648e-01
-4.233863977011523283e-01
7.660219019989601419e-01
-4.006596806431912405e-01
-4.112850657867225812e-01
-9.801238747259000128e-01
6.899700378280125834e-01
1.287367194935261860e+00
-3.295858092696312691e-01
2.117625901550652223e+00
-1.008524620784161385e+00
2.043328960657722515e+00
8.897518696542797700e-01
8.155314025670482581e-01
-3.172312563349719561e-01
-1.523005072201810250e+00
-5.316202960312663706e-01
-1.826500929548942054e+00
2.043614505686146110e+00
-1.775962049194781955e-01
-7.914769993412573701e-01
1.879950183046085410e+00
-6.361205033253211072e-01
1.307845857021601610e+00
-8.778786179713536697e+00
-8.338335566403094479e-01
9.320443354262685220e-01
-1.199287044126715468e-01
-2.283523244163931487e+00
5.143675208999576309e-01
-2.846083678756603508e+00
2.024069527801872770e+00
-3.276271544738226238e-01
4.004856516412059753e-01
-8.718268724204212283e-01
6.990994371661807261e-01
-7.180429401406451806e-02
3.109146321022181192e-02
-2.239478689720387772e-01
3.028111908519117712e+00
-1.368284784152910438e+00
-5.616026915141443254e-01
6.081379387975908157e-01
1.428500885430931608e-02
-4.132478397880970378e-02
6.758668515380077402e-01
8.622617195093972287e-01
-1.712979646756369823e+00
3.922753568279366831e-01
-8.244736417815367036e-01
1.600575926902517487e+00
-3.004333682764231961e-01
-1.385298882991734815e-01
1.286021956984198411e+00
8.993973244194191086e-01
2.013057115078237036e+00
-4.880074233124506167e-01
-1.478150875873812387e-01
3.019855295858326349e-01
1.118477962158581196e+00
-2.192340770691901142e+00
-3.464339252899797938e-01
7.441263396447965472e-02
-6.406116643255123089e-01
4.329013061109333038e-01
4.258394111983880848e-01
9.135930717284416192e-01
-4.442057315348763025e-02
-9.969670264183979613e-01
-1.267709329435073418e+00
5.964591527047651276e-01
7.851368872854798120e-01
1.090636963591747666e+00
1.432033116315515553e+00
-8.373406441144887191e-01
4.436702750185552713e-01
7.501500661216491395e-01
4.912444343430770188e-01
1.007775081756777213e+00
-3.233831750078955403e-01
1.039245274339757108e+00
-3.046040774952407104e-01
-1.041045181719486123e+00
-5.431973238415387373e-01
-2.058568025033456414e-02
3.944328999731001179e-02
-1.069091505980384049e+00
1.487701555497506378e+00
9.352899803425186454e-01
-3.270536868777184081e-01
-1.261098910511558313e-01
1.603435229189595912e+00
-1.157638424864740508e-03
1.288294188019986741e+00
-5.305906759565950370e-01
-1.283566950232487569e+00
9.882498078166462863e-01
4.618821165945390383e-01
-9.066345365828948344e-01
-6.044903176592369975e-01
-1.759861923315908239e-01
-7.981277578793137817e-01
-2.730446750679423884e-01
6.955424307807378526e-01
1.704319888457883625e+00
9.356805146013406904e-02
4.376635714404424754e-02
1.454103387837024641e+00
4.329665883926305317e-03
-3.778296036749211884e-01
1.792285537887258640e+00
1.545346737232629497e+00
7.506566449428772048e-01
-3.312318385771637175e+00
9.895217871834759427e-01
1.156019033200951229e+00
1.868139644807366384e+00
-1.648463048472719850e+00
-1.940199763255901155e+00
1.681219027034672742e-01
-1.192313716875289753e+00
-1.524128783952009847e-01
-1.097927289944274354e-01
6.658592421950554341e-02
2.947617992460498382e+00
-1.074923735795427326e+00
2.178195825852577094e+00
-3.390330061364465325e-02
1.151254835439450952e+00
-1.319515128574190177e+00
2.285771870792978888e-01
-1.478311339809108560e+00
5.654877041881374578e-02
-8.865610451905884259e-01
-2.104454200244528561e+00
-3.411214213310092003e-01
-1.005762387673813513e-01
-1.821467874000364473e+00
-7.551436861982060433e-01
-1.289546846484530107e+00
1.076186066887288906e+00
7.707456941215742319e-01
3.557495055008193519e-01
1.232601261477319854e+00
-6.322667240123645005e-01
-1.220481692507778722e-02
9.601437476031020601e-01
-2.183511323104223301e-01
7.598177363488661795e-01
5.345603555649147687e-01
-1.607260336521079580e+00
-7.049370119797131462e-01
1.209466085351040693e-01
-7.312991089427354208e-01
-1.178224586738003676e+00
-4.100369498087165776e-01
1.293087578984188427e-02
-1.239442083392802374e+00
-9.514645303477961003e-01
-1.558045026873663419e+00
-1.123897146953632742e+00
4.664475895553474860e-01
1.282755147581142507e+00
1.961649439563176722e+00
-6.476728248301119040e-01
-5.619125519621789300e-01
-4.130362128864879523e-01
-5.095779685545011040e-01
1.803723371996173830e+00
4.641033371093163384e-01
1.267581049391885983e+00
-3.173014653988043832e-01
-1.286005993680887638e+00
2.215098710439497576e-01
-6.574178330983901919e-01
1.918097485007335123e-01
-1.064192741318632063e+00
-6.269559888320073160e-01
-7.706974899865229878e-01
1.451312113550871308e+00
8.849922701396658598e-01
-1.531519147416282811e+00
-6.005394694965050517e-01
1.398976399766598044e+00
1.958747805370568973e-01
2.090960177754280780e-01
-1.965716177023506539e-01
-1.332127751662318449e+00
-6.450427210261794331e-01
1.744842029834277719e+00
1.408778294484941407e+00
-1.726426952184050012e-01
2.349167873520058569e-01
3.808337711254020430e+00
-4.913391828338522505e-01
3.341419026153173433e-01
-1.280165918836354694e-02
8.290660326269128078e-01
-8.971369780593644316e-01
-1.349015196180152198e+00
2.297850374139542406e+00
-2.551717853510807044e-01
6.226509681125411699e-01
-1.614180635553885468e+00
-1.013504197424120179e-01
-1.333670776360007526e-01
3.477866682699300438e-01
-1.052199132984717567e+00
-2.474322018415714697e-01
3.092122664559558975e-01
-1.667734460204895741e-01
-3.074243179610669160e-03
-3.018469268291779639e-01
3.047181998987697482e-01
6.387094620708515524e-01
-5.145048268384551093e-01
1.987771361722564745e+00
-5.314969987793636275e-01
-4.678340458533573054e-01
-2.193154024139043479e+00
6.435766224323606899e-01
-3.939464699414151339e-01
6.030060814190655316e-01
6.743845398046127704e-01
-9.516259403996811805e-01
-3.977215520500394612e-03
3.726849090351984084e-01
-7.251360343289459109e-01
-2.487385809676771198e-01
1.992479773617330308e+00
9.692893685618911293e-02
-1.017537104219552679e+00
-1.734640073323034937e+00
1.145395325222051675e+00
4.985072578841370783e-02
1.819385799699856809e+00
-2.487497166730416043e-01
-4.360343002521163691e-01
-8.692509673399081427e-01
-5.935452524009525721e-01
8.624735973877588613e-01
-1.553818439204338042e-01
-9.794142427060029688e-01
-6.298101653147911705e-01
3.523729305718957538e-02
9.581759858837657351e-01
-2.410130566279855002e-01
-1.558132452603838924e+00
9.668594470009395092e-01
2.175042903000866890e+00
8.350018264432551574e-01
-2.942577659676807178e-01
-1.832683364920648372e-01
1.970045805900456415e+00
1.577505520344880952e-01
-1.095278564877356198e+00
-8.575875154900415298e-01
-1.305055452220406642e-01
-1.093810909634569173e+00
-4.373696289067861009e-01
-5.892029582550128985e-01
1.730946138624346042e-01
-3.241836750263701328e-01
-3.072211798156539442e-01
-3.559410439097810963e-01
3.934588248565331070e-01
-4.702543007051963597e-01
-3.000285912784401710e+00
1.916893381693077103e+00
2.003811974132700680e-01
1.591690101712273098e+00
7.926378245856771088e-01
4.257510734050049539e-01
6.106577219884787855e-01
1.255196639784492252e+00
7.731661813172348019e-01
-1.816960023044208228e+00
-6.802642099728557490e-01
-2.977212070428241208e+00
8.767245991958863560e-02
-3.430746426711563379e-01
1.471647710866323067e+00
-5.479374470489786209e-01
1.819345486738932705e+00
7.442518857462523951e-02
1.587284432811654766e-01
-5.377688003975711339e-01
-5.372818442748510392e-01
1.129220136295715049e+00
-1.565922114479862681e-01
5.398489153506085270e-01
-1.344757701895120228e+00
9.179335646047426245e-01
1.434645163179393501e+00
3.153207336079150824e+00
1.656551883537853986e-01
2.933057026580853099e-01
2.996272850034676916e-01
1.354006451844528502e+00
-8.675172766335427221e-01
8.328950138016568694e-01
1.792377423664387459e+00
-7.229217143690949143e-01
-1.014303560677585897e-01
3.655191221947987623e-01
-1.145762929017517084e+00
-1.251501314746009452e+00
1.013169375158390340e+00
-8.043233932811695297e-01
-1.237491022882162950e+00
1.277995151957344797e-02
2.245451791469927461e+00
-6.681665136010239703e-01
2.044358032623721844e+00
-2.051441539690806781e+00
8.387119670597357191e-01
4.950080311281895851e-01
-1.942160273844462659e-01
-6.294159536590007153e-01
8.440480761601750759e-01
-1.653970063423274128e+00
-5.678439670897796887e-01
1.013324399848954060e+00
-8.555518972517592857e-01
7.790178470409964140e-01
-1.587918391278045904e+00
-9.531133564946435779e-03
8.873482718167449157e-01
9.949983148021407375e-01
-2.748299642744394422e+00
-8.435933855825292760e-01
1.857478662646380396e+00
-3.510146188198716710e-01
-7.797384129388774676e-01
9.795293480599056579e-01
-2.190439711134557488e+00
2.289749598947954656e-01
6.758668515380077402e-01
-4.914629323882304529e-02
9.294289452609139079e-01
1.624428533509248318e+00
4.806755828398552866e-01
7.440397444420949746e-01
-2.886524625811018208e+00
3.812620544462297367e-01
-6.219413338455482831e-01
-1.826999003541276867e+00
7.967326804545818986e-01
-4.001292341305098116e-02
-7.229972993946862658e-01
-6.936437127828811722e-01
-2.155344370964281941e-01
1.911415879339354085e+00
-8.349131892420833534e-01
-4.225596651978130724e-02
1.629805936102279418e+00
1.467789757995678901e+00
-1.269640137186111906e+00
-8.376464489407469127e-01
2.695517498327242301e+00
7.564270830300497961e-01
1.579163369006660322e-01
8.987723278846811992e-01
-6.910587667353796926e-01
1.398438559718904406e+00
9.792493269064624917e-01
-1.575898506832992929e+00
2.860488329921821449e-01
1.116245431981214953e+00
4.971338156604393488e-02
7.969933395438247858e-01
8.813262817126712445e-01
-1.650339493139008962e+00
-8.964459198533122342e-01
1.555225067399853334e+00
-2.903895465099077366e+00
8.291707360521938242e-01
1.612305882772896992e-01
1.181712108589872828e-01
-2.981088591219799300e-01
3.814753033861577602e-01
6.995648148983750758e-01
-1.587269610710881906e+00
-7.022318988321448741e-01
1.079573217078792835e+00
-1.172795429526711508e-01
1.992613144174300466e+00
2.291491222743761158e-01
-5.797718685418536966e-01
2.583611948186248064e+00
-1.361804492489343543e-01
-6.658976697930117927e-01
3.483498614217058753e-01
1.800323554820824734e+00
4.341128987810324857e-02
3.003374022942633670e-01
-3.329088517264693070e-02
2.607789956200766923e+00
3.809949048548925132e-01
-6.229839029670383166e-01
5.228692112513699808e-02
-2.912004663980972685e-01
3.686229546332690177e+00
6.215009358310267240e-01
-5.060860113415047712e-01
-2.371310493655030827e-01
-8.203509578396626090e-01
5.414071775596646097e-01
-9.514645303477961003e-01
3.688345414258752397e-01
-1.089913986760314035e+00
