8.138763824052549500e-01
9.925576747866292349e-02
-8.417032745661504611e-01
-1.079674131556326966e+00
-3.411525989730301411e+00
-9.076989731774564030e-01
2.560582980989092872e-01
3.786444006670423579e-01
1.043191620613970194e+00
-4.225274823339206787e-01
5.106459481106343512e-01
-3.193554324710277115e+00
4.059447579595682143e+00
9.937521226778188443e-02
-4.594770846759518856e-01
1.002817224430124110e+00
1.294189478946451421e+00
2.063185090183198067e+00
1.542202170579682230e+00
-6.806936521440886123e-01
2.137148621615019839e-01
-1.113719460189258825e+00
-4.517338379058404296e-01
1.687687412559764288e+00
7.658503938095856389e-01
1.120161727670676705e-01
-3.577466688743172751e-01
2.170315455712479025e-01
-6.503660293899601874e-02
-1.394326532628816340e+00
-8.928929083691476976e-01
-1.598756825213300647e+00
9.772718372754665150e-01
-1.313635576269585270e+00
1.422999884726044773e+00
7.484709101434456890e-01
1.124962587147435578e+00
8.062245799608980246e-01
1.542285646522797871e+00
1.905813915464706465e+00
-1.507204020044341064e+00
8.750391149419390890e-01
-1.255980834352211861e+00
1.349638091674062679e+00
-7.538558236261786449e-01
-1.152106297184795958e+00
4.457243690353506205e-01
-3.451351301957971685e-01
-4.537263225986374882e-01
-3.032157427618353829e+00
-1.597072029943524596e+00
2.686936190406946423e+00
-1.594232655880022387e+00
4.559110886112810457e-01
-5.343498457099296051e-01
-9.472674808778732691e-01
1.064508587988845845e+00
2.089618831267391563e+00
9.089656908935265234e-01
-6.544797409707302505e-01
1.658527175460351888e+00
-1.796425145899616660e-01
-1.351500301716015706e-01
1.003485699112097285e+00
-1.240048150521024350e+00
2.073720460126802778e-01
2.084081315649055188e+00
1.298422156020168972e+00
1.173225782129195149e+00
-3.431724862237385820e-01
7.522485493213771912e-01
1.418513585189984605e+00
-1.385757016030618516e+00
-1.166313828135794317e+00
-6.397213417575255967e-01
-3.623277574941784901e-02
-1.325672016985653956e+00
1.693952516128585550e+00
3.792941652826226639e-01
1.112370709347552111e+00
1.388712644356185910e+00
3.061725096373480337e+00
-3.328909672447343815e-01
9.630593848282711367e-01
1.269457713184516945e-01
-5.949900888219630257e-01
-2.367955670500450971e+00
-1.541848852440675710e+00
8.167276904512912328e-01
1.420198212951166106e+00
9.573871192386260720e-01
8.274883405863434627e-01
-4.397915375074516742e-02
-1.270762416121337779e+00
-6.455234711838192529e-01
3.831211760172292258e-01
2.486037045388024946e+00
-5.220795467831654824e-01
-7.878194861256495596e-01
-1.378238461458303865e+00
9.066873568738340605e-01
-5.225403101240414516e-01
-4.961262886508605724e-02
-3.842235421608281576e-01
-6.798012306741671971e-03
9.858780864948978317e-01
2.466571656975210303e+00
4.974488608715718074e-01
-1.304712646888966932e-01
-3.792650546278168999e+00
1.493266967229271325e+00
-1.192331844063616586e+00
3.358672313425730693e-01
-3.765558573529159125e-01
-1.295351362922008809e+00
-1.228029578141081934e+00
1.092761614751655674e+00
1.007958306372995771e-01
1.574849578762351765e+00
-4.672907802700819735e-01
-9.232693066466793885e-01
8.653275136918658905e-02
7.613713234216255010e-01
1.898409616749699769e+00
-1.718562376795877311e+00
5.775517852914471284e-01
6.847161380410800025e-01
-2.143119800231216399e+00
3.230471831371878100e+00
-3.646276569069554219e-01
-6.058950540674110652e-01
-5.823616643737917764e-01
-8.656209597652241294e-01
-3.379465746402384174e-01
-1.968614191252815671e+00
-2.425154837591360080e-01
9.560380607644335393e-01
1.250827688897103718e+00
-2.031791833591889862e+00
4.031614892246772608e-01
-1.050699705045280652e+00
1.180651507486597633e-02
4.082131542267968261e-01
1.640488628221449530e-01
-1.056822730570577740e+00
-3.484896023680214228e+00
-5.467281778854155005e-01
1.556183913364086735e-01
4.645655633956759512e-01
1.492343973727368267e+00
2.244582243155857637e-01
1.780093801148441290e+00
-5.839913610946552147e-01
1.607318303338117760e-01
-1.615424378363249591e+00
7.123172715010709366e-01
-1.356062127660953909e+00
-6.733623903240729680e-01
3.642451327941839123e-01
9.540441052803360078e-01
5.912697088480397545e-01
-1.048034655278027527e+00
-2.586823552486846811e+00
2.749068120364147605e-01
-1.509790878668660241e+00
8.739193763206132282e-02
-1.003270431620153724e+00
-7.947244757439269058e-01
-4.699308494140229664e-01
1.523252181200174471e+00
3.521439883610046340e-01
-2.135416035230673637e-01
5.656186663616252552e+00
2.474566190710707048e+00
6.386523969194035644e-01
-1.548714591939507113e+00
-1.224641037787211229e+00
-5.167778904537643214e-01
7.287401841584932871e-01
-2.016003322825495880e-01
-1.212909791043111474e+00
-9.125570909869641367e-01
-2.253080613642683971e-01
-9.281832766872069040e-01
-1.321219422823282308e+00
-1.238951960123869878e+00
-8.727992090954383997e-01
-1.142250900044163631e+00
5.264153253945815791e-01
-1.409488289491414470e+00
-4.555923221875652351e-01
-2.915972653226146516e-01
-1.052600209111918206e+00
4.445012300069468014e-01
1.482823127739235858e+00
1.066780139425785201e+00
-1.044152594790517030e+00
-1.686774210014082787e+00
-4.677117677617727287e-02
1.848912341506032231e+00
2.119118759223133364e-01
-7.008398144296713594e-01
1.189425721580815720e-01
-1.229350089167624116e+00
1.153411546678536848e+00
8.435195142083700137e-01
-1.362733462520516470e-01
-6.164231552880412579e-01
3.261033301920039373e-01
2.979499672096807217e+00
7.377231575318816681e-01
1.579142956228819061e+00
8.530911654794415266e-02
3.922334080941666246e-01
-1.864627138461544931e+00
-7.045045064079265007e-01
1.103682955000279797e+00
-2.813611474695228987e-01
-6.032826637799126868e-01
-5.916357310627576860e-01
-7.163298662903750946e-01
-1.398772588035583908e-01
6.396153564520073997e-01
-5.523473650621052444e-01
-3.527300181043899752e-01
1.544618268348881829e+00
-6.121609414566704377e-01
4.130265414848492966e-01
-2.407296502385822268e-02
2.168939464048627919e+00
-1.163230164279409395e+00
-2.776805975729525477e-01
1.190946975241460315e+00
3.715786536671156215e-01
-1.469873961271128127e-01
-1.050104094072600081e+00
1.323038414266877627e+00
2.338009433567048490e+00
7.245908553753102055e-01
2.891059901925439601e-01
-4.567888501938861534e-01
1.308946247533873120e+00
-5.134475288367518209e-01
-2.146748730281272666e-01
-1.617357528578918346e+00
1.584982245909430709e+00
-1.490238145355187394e+00
1.566530255159904961e+00
1.904584362103125095e+00
-1.016568597194170476e+00
7.232241658203842904e-01
-5.811468381496492919e-01
5.999722062293533220e-01
-4.673185264711828268e-01
1.055942467847577060e+00
-5.140315928036851556e-01
-3.413211418365356964e-02
-2.498770209463706315e+00
7.965046493888107149e-01
2.087208303077405791e+00
-1.791275392492284402e+00
-7.748943127940767228e-01
1.893695145896755916e+00
-1.821827152812158790e-01
1.724922388497670545e+00
-1.325357866365026505e+00
1.861084366149869496e+00
-6.127828132349651957e-01
-1.340953397694179206e+00
-5.471246416673452018e-01
1.616752612575316883e+00
6.065909327246975513e-01
-1.994585483422778971e+00
1.370948265922096732e-01
6.750552763189153760e-01
7.008982895734342522e-01
6.434363335142184726e-01
-8.731537561091749777e-02
1.307860188645558308e+00
-6.515913684194880595e-01
-4.529381728491201908e-01
-2.514417590034594863e+00
-3.507108171501241434e-01
-1.376677974985001773e+00
1.369336185588996724e+00
1.321131490502729156e+00
6.833781688064702875e-01
9.694429261469404979e-01
-1.095595142247145493e+00
2.973339088229845828e+00
-1.390307648589577560e+00
8.198708347200061031e-01
-3.681015360752611792e-02
9.826162345981298563e-01
-1.251518190835680722e+00
6.205031579113056139e-01
3.576891371171513900e-01
2.183743419836376431e-01
-8.162923709658471971e-02
2.941223902895544029e+00
6.894100599760338843e-01
3.504354983632966269e-01
-4.274903607286844043e-01
-4.980014495014273734e+00
4.142469223768538433e-01
-4.922075675027029473e-01
1.894698060369758519e+00
-1.146105126627538828e+00
2.426045144802982736e-02
4.785458378762834086e-01
-1.572245729885714538e-01
1.882197548030516643e+00
1.735771232821567089e+00
8.371893646530812472e-01
-8.352627226539811600e-01
1.312254686568998574e+00
-8.654437619931029113e-01
2.210329810859165800e+00
4.299094317205502391e-01
1.153344139049909289e+00
2.027760461099832767e+00
3.645362817183985804e+00
-3.254759079158339730e-01
-4.694468391697395604e-01
7.113116442990397026e-02
-7.665723965151272079e-02
1.312340858160055301e+00
1.069422044721390019e+00
3.407056554723260633e-01
-2.692216551234480337e-01
-2.038772120211882033e+00
-3.256108261335660670e-01
2.323011558458744352e-01
-1.323050993131919872e+00
-4.472869148176272236e-01
-1.315609984948452160e+00
9.805247855791386913e-01
-4.351747376103288767e-01
6.594082073034209790e-01
2.146519502072661290e-01
4.105868200043161220e-01
1.023344170449498769e+00
9.949334961887608131e-01
-1.562320727834937140e+00
-8.526484432101723299e-02
-2.089954713863384494e+00
-4.181820728700338385e-01
-9.202950254829315169e-01
1.695650867059351530e+00
1.432636104912726527e+00
-9.240208845448349972e-01
6.984640876949115285e-01
-2.412818784152575557e-01
-4.989561942777679393e-01
-3.937515849566518789e+00
-2.271532230136888431e-01
7.517787235370879673e-01
-6.174663848135065747e-01
-7.851433121959237871e-02
9.023025231975381200e-01
5.438113553155384805e-01
-2.145742700433479477e-01
1.014904535088283266e+00
7.616595533851527877e-01
-1.037858464323966112e+00
2.961230299266457977e-01
-9.060793583361255177e-01
9.893640742981953951e-01
-4.892026988721475789e+00
-1.052321599938089047e+00
-6.940081826153066125e-01
3.879652393298320678e+00
7.161721974294020521e-02
-2.098516700046202388e-01
9.741465667232070968e-01
-3.100911209028441862e-01
-6.596003853261858674e-02
8.085494889867641533e-01
1.723539730888117016e-01
1.412576010870040255e+00
9.620018605098570319e-01
3.562661628856222062e+00
-2.094509392319306773e+00
6.763211292355371107e-01
2.569730260164035732e-02
-2.617232782715656625e-01
-1.521815877308020926e-01
3.079781498264720696e+00
1.838535592656104667e+00
1.732102335857869324e+00
1.398058430640760186e+00
-2.138661866475056461e-01
-2.172328171345881132e-01
-4.710261982758300325e-01
-8.654921801120832869e-01
1.086104494632627704e+00
-5.781075046443588938e-01
1.079759584875026990e+00
-3.715257125551268413e-01
-6.175202783013500341e-01
-2.429775758714283196e+00
1.153748005783133135e-01
1.266983931748763892e+00
1.109496325024423191e+00
-1.394868914914581870e+00
2.767772351897264116e+00
3.483238855427832070e-01
-2.438422461398412622e-01
6.934533673744189275e-02
-1.059050322309508518e-01
-5.728168959098931534e-01
9.634130685829879193e-01
-8.292406224409225590e-01
-2.522206077185462081e-01
-6.737206279894870642e-01
-6.353926729564762788e-01
-8.951507038901587165e-01
1.376546997675630879e-01
7.388608213479294085e-01
1.628813870552269227e+00
5.111100134543247187e-01
-8.660960525245705588e-01
9.633715727162331932e-01
6.079692942164020009e-01
7.776943676885661461e-01
1.025960121167791339e+00
-1.340163509230104300e+00
1.837192297826133469e+00
2.750930423267064495e-01
-1.409804033144614055e-01
6.695433247103858010e-01
-5.990122755964846224e-01
4.846786353311954287e-01
-9.421533705072082654e-01
-1.481247276141590408e-01
1.283639791788568241e+00
