-3.393545920609325472e-01
1.257410299030336631e+00
1.360758798700692218e-01
8.416062652193114779e-01
1.526439136305537403e+00
2.113824424184435058e-01
9.369532260989004158e-01
-1.654545737194824673e+00
5.457534247492127344e-01
-1.339408608667185474e+00
-1.101754797772566824e-01
-2.604618793209503846e-01
1.685863659705211015e+00
-5.908799815675080946e-01
-4.001941276212719889e-01
-4.865235690838802807e-01
-1.798371520639953314e+00
2.182274336847354057e+00
-6.559931648763862588e-01
-1.324626847433692856e+00
-6.141567699327089569e-01
-1.019988547764176356e+00
4.799799779817072731e-01
-1.345138515509905486e-01
2.128851714926930927e-01
-2.649251991534157247e-01
4.622091369745585931e-02
-5.836532251017612083e-01
7.548322209096092195e-01
-1.188501514434952555e-01
-1.118726773903321536e+00
-1.342904233548151582e+00
5.496108166036363374e-02
-8.808095922442719591e-03
8.175825925797995941e-01
-6.122355133613353040e-01
5.551880722840139004e-01
2.104213806754254013e-01
-1.339739721461900235e+00
1.425530779725876052e+00
-1.790078466479524955e-01
2.588591889654925926e-01
-7.586535291615505994e-01
7.174125179358729065e-01
-7.179537523231033225e-01
1.082704160184425168e+00
-5.411591918537913409e-02
-3.302571654107598897e-01
-4.393995661924027241e-01
-1.259433885936368513e+00
-4.394420926389038251e-01
1.413481276871053627e+00
4.305252453885096905e-03
-9.148924747331794727e-01
2.218229001335960127e-01
-6.006809911608953501e-01
2.285086987430848815e+00
-2.453116005212893358e-01
5.793502978894403688e-01
-1.420439854946283553e+00
-8.553829304518455467e-01
-1.086937391910044459e+00
7.308697001292330242e-02
-1.125260536343901441e+00
9.248646967808603625e-01
-7.585773256851486845e-01
3.989431011768813651e-01
4.352764650315545936e-01
-1.215981489956314388e+00
-1.828855911350245333e-01
1.421886078006183718e-01
4.108977746400223618e-01
-9.627790006983176774e-01
1.277193735483186154e+00
-7.979180428910628287e-01
-8.119168570083171721e-01
8.611624013668663924e-01
-8.592148490048315823e-01
6.316844028599026828e-01
3.265284501660918881e-01
-2.004401399543081774e-01
1.900048644742151072e-01
-7.719501333405527355e-01
-7.985165031847241135e-01
1.019926643758620299e+00
-1.344086718599547980e+00
-1.412004678336429286e+00
-4.500827331824903688e-01
1.242068633786851395e+00
1.214421781566767278e+00
-4.653527229157285450e-01
7.959990173680210612e-02
-6.913191378194005754e-02
-3.917992260020077833e-01
2.864055476871637529e-01
-3.338292927374671426e-01
3.901237261965669889e-01
7.056216312700797078e-02
1.473709980162843491e+00
-2.474381348859791441e+00
1.111045637081130438e-01
1.065066688790832078e-01
2.294827460813999576e-01
-5.638727277255332071e-01
1.020265586141250846e+00
1.224521802015174687e+00
-1.767667283980156878e-01
-6.901855084479570079e-01
-7.811883142991858930e-01
-7.727927847404138240e-02
-3.137411052650670440e-01
-6.217163501355793542e-01
-4.853896990744390738e-01
1.021447349817472317e+00
-5.473280524461506813e-01
-1.269823848073451833e+00
1.113033542310149171e+00
-6.795777288015549811e-01
-6.515519537012253171e-01
6.631528224818467043e-01
-5.887314020957465921e-01
-1.288488005921288426e+00
-6.970055017798381103e-01
5.741226162387607079e-01
7.808078603061549550e-02
-6.674014213985737243e-01
1.056367157773567378e+00
1.087239111443329298e+00
9.699177908146794369e-01
-1.579999606432638259e-01
-2.674660737615346950e-01
9.497633402682176262e-01
1.050382094707175140e+00
1.017917092977128068e-01
6.530711300308794653e-02
1.155259832061269032e+00
4.398112611468359967e-01
-1.477315952143263833e-01
-2.417656916914105558e+00
-8.046188042532495532e-02
2.682744146563647569e-01
-9.950240472710258910e-03
-2.548826780890218746e+00
8.153106276314122658e-01
-9.418033757877399825e-01
1.426006413996610211e+00
-3.451233967018990101e-01
3.963079306350734687e-01
-1.247624267469570475e-01
9.957432806961121763e-01
-1.025441360154424331e+00
-5.009718545197658912e-01
-4.218831541473273550e-01
5.195208043572895340e-01
-1.228724634366221480e+00
2.098111823352232230e-01
-3.515611260653742076e-01
-1.641147566941059677e-01
8.014952557758570073e-01
-9.681951154559934603e-01
1.064513387356831986e+00
2.915269171384500813e-01
6.577473229511096031e-01
4.807815022997052878e-02
6.478557672029991998e-01
4.198772694903098457e-01
-8.349928748213325536e-01
-8.236189449983212230e-01
6.613849505685397423e-01
-6.032283663463766654e-01
1.175011899821832406e+00
1.007801846050674577e+00
1.284552406789972956e+00
-8.972234570751967328e-03
-4.885959612023705323e-01
-1.389064096395409065e+00
3.279959069964452634e-01
1.065121610925134243e+00
1.122813975075247273e+00
-7.705300001842032565e-01
-4.807605879571309471e-01
-3.859661119670091400e-01
-7.594946465317350404e-01
2.668134713242538703e-01
-4.859053295654409133e-01
1.030527066572328287e+00
-2.583747295992586679e+00
-5.669799208869631679e-02
5.592613633567340009e-02
5.538517246528431581e-01
3.072704989582259127e+00
-4.249318237340179993e-01
-3.296588004137655514e-01
6.148316918668959019e-01
4.905222253258509357e-01
8.034667465266418507e-01
1.510053672147033899e+00
-1.748722197484944563e-01
1.465699673819668147e-01
2.030336743109447006e+00
-3.632275934575320692e-02
6.646452312187772771e-01
-3.779976707881195774e-01
-3.330800036878693859e-01
-4.414552015561966636e-01
6.431881312015717000e-01
-7.674363149083890390e-01
8.150698598472821965e-01
-5.945312153609784156e-01
9.748541127834057241e-01
1.039117475734300688e+00
3.914666132363430195e-01
-4.851871218479774095e-01
5.587572687724462472e-01
5.677484444227549609e-01
8.072315099749498568e-01
2.100590078043944320e-01
-6.412183596344582792e-01
6.781995830287748106e-01
-1.349557761224804198e+00
1.067315893255255776e+00
3.207315817889044851e-01
1.231108704422176903e+00
-1.033730157039385311e+00
8.071384808805401878e-01
5.636845465842187375e-01
-5.351513275137100845e-01
1.097238710594540922e+00
-5.150789744678838655e-01
3.711375289832694602e-01
1.834502719786118785e+00
9.925439442602650431e-01
-2.912753794276867758e-01
-9.573786293664715563e-01
1.412888688380696811e+00
-4.170300399589784712e-01
6.183681015996019825e-01
-7.209787538622535186e-01
4.061797753725278626e-01
-1.366498135183117357e+00
-6.526106553629780205e-01
-1.857240699837420933e-02
3.362748300771191412e-02
1.341166330366244663e+00
-9.542416939101430740e-02
6.000023364984637952e-01
-1.168061621677132900e+00
1.863846742876755336e+00
2.728023677190536955e-01
-1.512091397387822056e+00
-1.685027376341870609e+00
9.754443347121956043e-01
1.532012185145962047e+00
5.816231387319007462e-01
-1.308828482902463897e+00
5.046902236460920621e-01
4.655104256600191004e-01
7.788945381870503448e-01
-1.085597980439749755e+00
-1.319055677426851814e+00
6.676554565860335355e-01
-7.892882755704359043e-01
2.412448914784402487e-01
-1.242114526109897366e+00
3.059790556378171322e-01
-4.683850012124228246e-01
2.784921884675145565e-01
7.867320047033568020e-01
-4.120144470869845921e-01
3.485677437063551820e-01
2.862509430014678724e+00
7.992093706416238952e-01
-1.206915683771647041e+00
-5.877159376772167487e-01
2.134842364825409344e+00
4.945635804458952678e-01
-1.254404688884259433e-01
4.223877298089775412e-01
-9.094186757367348495e-01
5.250780057462086647e-01
-9.665701340921346585e-01
4.374450472498486175e-01
2.226010276925999842e-01
-1.463431928663812442e+00
4.071607477652310347e-01
-1.999233105495498430e-01
1.300900712909817403e-01
-1.007720346799890754e-01
-1.163063178360876249e+00
5.720241880950995839e-01
5.034731711038333835e-01
8.009883461187198295e-01
-7.153872134536930494e-01
-1.408208125657490761e+00
-3.639238585278880556e-01
8.493861091213541492e-01
7.333052775276218682e-01
1.419150304537462270e+00
1.001652619273804973e-01
4.466742161474450135e-01
2.439966900651993620e-01
6.164144889206708139e-03
-2.309750603722907636e-01
4.783261991111706357e-02
-4.001071468896728878e-02
2.007255126428018066e-01
1.139611812663298210e-02
3.213182774455138890e-01
4.802070153904732658e-02
1.921727655721781614e-01
-3.945873030899494371e-01
2.679349857173527027e+00
-2.062104555700744690e+00
1.319310251058262162e+00
-1.968470497666194863e-01
9.905539861453965811e-01
-1.277587957346115077e+00
1.179335521042216006e-01
4.074265411552135951e-01
2.540988386436733859e-01
1.007745093903744671e+00
1.048492885428720274e-02
-3.318428165767480786e-01
8.011465140163945842e-01
-6.918487260354003743e-01
-1.163892709689609423e-01
1.007789004679940037e+00
6.720225139921515156e-01
4.906173163896583866e-01
5.846137859966442640e-01
3.477290502479069567e-01
-1.248817006768461635e+00
4.786419177840984807e-01
-7.882142441397398391e-01
-2.390217031378226720e-01
-2.126645430968383266e-01
7.380770889608508911e-01
-1.812782589996970950e+00
1.740563292274919904e+00
-3.442947896359658810e-01
-1.968925509251125694e-01
-3.765061394685618179e-01
-2.391775116736443163e-01
4.074378269334564817e-01
4.739674142424327163e-01
-1.337306018825054288e+00
-7.748870691564579971e-01
5.974612311230451667e-01
-4.918723928569178061e-01
2.834810162730264649e-01
1.435444742864049328e-01
-5.233868434214479504e-02
-6.236121398475387156e-01
-2.459089109096540327e+00
2.305728335955148367e+00
3.787420725930998322e-01
-1.111979427369654272e-01
-1.443326409897211837e+00
-3.712170198429455281e-01
-1.093576672721408988e-01
-7.969094759467370004e-01
2.262782371125565406e-01
-1.568084566121321355e-01
2.523539015938695007e-01
2.699863714171948925e-01
-2.244289854621340369e-02
-1.176014815582565182e-01
4.707183815319120890e-01
1.670872786227210471e-01
4.910856779048427406e-02
3.950783739868997113e-01
-5.466069024150418398e-01
2.666585885293256131e-01
-3.843701897548688629e-01
2.058225813874426269e+00
-9.242448547358845801e-01
2.151637227729814028e-01
-5.205128419385941507e-01
5.212359432789462899e-01
-4.237831607861195504e-01
4.411382500595824596e-01
2.504573660287469306e+00
-1.032275433531143705e+00
-2.274444681920219924e-01
6.044336693754284173e-01
-7.496825549686965129e-01
-1.787679619239243220e-02
-8.860684783898311601e-01
-7.273335374891415350e-02
7.806757758830363825e-01
-9.219376469260265328e-01
-1.283373400077468585e+00
-1.609658926050046637e-02
-2.180677595665649449e+00
-8.574981149741169872e-01
-9.427551135462629572e-01
-2.913308845800330893e-01
-1.962611358963189501e+00
3.738255639858480833e-02
8.025168557575008688e-01
-1.262335447404056676e+00
2.654281569917096850e-01
-2.122430727694128993e-01
-5.971198528772302394e-01
-1.037671286623725653e+00
1.070050008248000006e+00
6.616791959291516978e-01
6.944824628759753704e-01
3.395284706070994529e-01
-8.860080931739567900e-01
-4.028528405050155192e-01
-6.387502737008623477e-01
-6.827093968960940007e-01
-5.037928067685144562e-01
2.201142545197702916e-01
3.629164599299179450e-01
-4.168259696853999219e-01
1.307093847197176251e+00
1.364578130642801534e+00
-1.943560591957804284e+00
-1.490646221739811567e-02
4.121928839928292732e-01
1.611150569863155857e+00
-4.300399336925331828e-01
-5.763953743092192772e-01
-1.719105319117510688e-01
-5.663429901770020702e-01
2.138298761950864435e+00
5.636252359686237945e-01
-3.436760501442687188e-01
1.895248802312497594e+00
6.130197833032203780e-01
-3.467154956175053093e-01
-9.177841963535744441e-01
-1.387346769136169833e+00
-1.094959546709936893e+00
