-2.081506388942835628e-01
1.257809734398953161e+00
7.692604477813553832e-01
4.516534573662003282e-01
-1.959631489617989164e+00
1.582394142184529173e-01
-1.100234350073215073e-01
-1.008079517629063337e+00
1.619895490441718211e+00
-1.783772168474082154e+00
-2.114583185316478431e-01
-1.497787523095425843e+00
2.152441861833987724e-01
5.655944552955408655e-01
4.175013907367039478e-02
-2.685146164619127140e-01
-2.111156922760216048e+00
2.195308955813674689e+00
-2.695060918780437298e+00
-9.978521986590426218e-01
-5.703153756393247731e-01
-9.642498562235125581e-01
-6.128881584851462172e-01
-6.841402172271602300e-01
-2.096926817055404513e-01
-1.081265146601941174e+00
-1.101645292598905645e-01
-9.870194384691016731e-02
8.599262672322235401e-01
-2.850701023220960084e-01
-1.359769780900644542e-01
-2.439983707704997062e+00
-7.467493074103433992e-01
-1.491210207254267950e-01
3.379877342425701148e-01
-6.616928157850235914e-01
1.847078031836056899e+00
2.250776590928915966e-01
3.300778946793193613e-01
7.262387239921146431e-01
-2.390203972544040767e-01
-2.980304220101245849e-01
-1.146687684710603339e+00
2.141521517753585124e-01
4.093261877609244426e-01
2.753380439993350137e+00
7.445964230770011349e-01
4.234776611421265380e-01
-2.344899067112465874e-01
-6.703088453878626174e-01
-3.506785667314816224e-01
9.964153473642024528e-01
1.685783940039541906e-01
1.657784088934581401e+00
-3.290785031801073401e-01
-2.388944235320674125e-01
2.748775849012339290e+00
-3.772677307062851648e-01
1.039349995963553930e+00
-1.339783783294747677e+00
3.858103787838402798e-01
1.084341406637772565e+00
1.029334855833345053e+00
-6.710242760031551734e-01
4.446976451762401084e-01
-4.046089888945128554e-01
-9.046893192994195365e-01
-4.625914231438953833e-02
-2.861108071911597772e+00
4.988563002124405954e-01
1.204043540490743469e+00
5.304206524837620229e-01
5.471599723399136472e-01
3.462053083780358698e-01
-1.097193640829227324e+00
1.034158024446411694e+00
1.370528338851651817e+00
-4.507037752262561120e-02
4.927684038050367255e-01
-1.438247917147773662e-02
-5.718749402880335397e-01
-1.705710766310138821e-02
1.146157062867231985e-01
-1.759538396412052563e-01
8.175686336949172794e-01
-3.575641796920159821e-01
-1.837276807568008596e+00
-6.076498265884365813e-01
2.466141708257019727e-01
6.268040172410029864e-01
-4.396600477266388585e-01
3.284489493766132306e-01
9.792683184636239435e-01
-9.894259702694653269e-01
1.001255922821790767e+00
-2.323344663588460535e-01
5.356816593841298157e-01
-1.296555820618014776e+00
1.431562871525248415e+00
-1.031240007657771462e+00
-2.873257893801646756e-01
-1.327203208896416686e-01
-1.094310338379711131e-02
1.035129579435790870e+00
-3.836808883429281281e-01
-7.126923500814473789e-01
6.694726107040612773e-01
-4.871333669853387671e-01
-1.002605874000830566e+00
-1.432755153775590706e+00
-2.422751159324292858e-01
-3.086233466131932390e-01
-1.120812582816858249e+00
9.868900407363492278e-01
-1.829129304097284914e+00
-3.037395838334423503e-01
3.062419189029193523e-01
-5.996571899163892772e-01
-1.851114867656647123e+00
-1.485224840952049374e-01
9.201052473625230543e-02
-2.399433292613811997e+00
-3.808132953452629255e-01
9.998560295681838683e-01
-1.177470973683498456e-01
-5.786386774285329215e-01
-2.107585517047815826e-01
1.037941519751096886e-01
1.507857439926485021e+00
4.948152947448208883e-01
-5.869085482497747863e-01
4.260790513860455708e-01
1.005981528629149802e+00
-1.453664328334016265e+00
-5.217479418069723845e-02
-3.720585518286487758e-01
1.882209477879434489e+00
-6.674707995092380441e-01
-2.040827870531885413e+00
-1.017576501332771111e+00
7.066176718093373221e-01
-1.771763111129967261e-01
-4.383958072651041316e-01
2.729929891126269825e-01
-1.651094173403521437e-01
-2.083960839988757474e+00
-1.943772775422232035e+00
-2.537775673212360195e-01
2.361542068448157367e-02
2.579884467178124585e-01
-6.454403002224362584e-01
-6.957768795969952735e-02
1.522535856671416443e-01
-1.189582603417135953e+00
-4.894263602431007110e-01
6.978840141312794287e-01
4.337219487298690224e-01
2.891555282751592237e-01
4.256521797570538279e-01
-5.310598074502203003e-01
6.144893488796540071e-01
8.371768368595758902e-01
-3.252295861626855356e+00
-9.595269172318908468e-02
4.755580817084272272e-01
-1.312433951669294663e+00
-8.909386824311554820e-01
-3.451803691893565729e-01
1.332221593067610899e+00
-4.874410440844041958e-01
1.459909293094206750e-01
8.105083959273227112e-01
1.168436781121938939e+00
7.748064163502327295e-02
-1.195228873553690757e-01
-7.636268823812083495e-01
2.262768675043304312e-01
1.225077231256785498e-01
9.977869132939554131e-02
2.291959060239422141e-01
4.609742500168868828e-02
-9.814941474662816079e-01
-1.077331330374617924e+00
2.254740018943648838e+00
-1.867986913853564079e+00
1.784532452376315081e+00
-1.503275111693347821e+00
-3.187660405466997138e-01
8.805455046736703206e-01
5.520236318234734707e-01
2.003414550140822037e+00
-1.680212033924707526e+00
-4.539765948860569611e-01
2.445237562263380682e-01
-4.804941102113347573e-01
-8.619519590661055553e-01
4.310635868440699237e-01
-1.130353566462590359e-01
1.137225078799812689e-01
1.070327493859620116e+00
-1.569885255697288720e-02
2.342742118821805608e+00
-8.888586887986881235e-01
-4.781459105699348289e-01
-1.240931803424422802e-02
1.591056193030552679e+00
1.385837427565117963e+00
8.391325119222143858e-01
-8.160051671211077107e-01
1.037914971191890440e-01
-7.579259713754644689e-01
2.648626819261004961e+00
8.924025578910157463e-01
1.023283758057062842e+00
-1.366114539996788224e+00
4.851645780116283779e-01
-7.933285052258438608e-01
-2.180261153829772536e-01
2.617386470472281568e-01
2.610405796331921602e-01
-1.410061775200631973e-01
6.652581049876402086e-02
-2.721561978428949646e-01
-1.005750777441989152e+00
1.258425483355780417e+00
2.265387866283689600e-01
1.198686087143154166e+00
-6.106704352050282836e-01
-5.186113548285075092e-01
-1.646330122585296873e+00
2.172346238196681545e-01
8.425009279785654615e-01
-1.151761579965593085e-01
-2.211253464431949478e+00
-3.303154369573009230e-01
-7.572230577499822202e-01
5.550753623512570956e-01
6.074673148266575007e-01
1.310736524860354746e-01
-1.279597753732200305e+00
1.416755849382826504e+00
-2.820669038236199300e-01
7.952049213515404169e-01
1.389131345583416999e-01
-1.339852129199844144e-01
-4.468132274263754700e-01
-1.004819097661495464e+00
3.518140443551300706e-02
-3.170885993519100277e-01
-6.780283094831892621e-01
-5.438653191623568084e-01
-1.258152577832689079e-01
1.103549566707038299e+00
-4.527998630391854573e-01
-1.406139235963562273e+00
-2.396434798046737646e-01
7.321752860783298233e-01
-3.101909215135421949e+00
-1.600250405948455912e+00
-4.214353310795174723e-01
-1.242771624902448302e+00
6.054207949265916211e-01
-1.546675820560191039e-01
-4.503211023253603784e-01
-5.256841160001817642e-02
-3.937328359546640177e-01
-7.625928962901085129e-01
2.494922177407926878e+00
6.362440795165201779e-01
-7.761314321554168005e-01
2.093034443437311154e+00
-2.761446337771105708e-01
-2.080404687333460567e-01
1.425422716631978282e-01
1.617404723581948200e+00
-3.971247524462518386e-01
-1.245643640800453283e-01
5.913823720442195064e-01
-9.485678130129636676e-01
-4.540093553087493072e-01
-9.973811404283549065e-01
1.082534871319026593e+00
3.208889089510069681e-01
-1.040380977995426282e+00
4.716285461653563216e-01
6.435417936854999077e-01
3.913857691995110688e-01
-5.539044015310563562e-01
-6.363863130702266391e-01
1.414695957987094077e-01
-5.985580376837726924e-01
2.400664066547593747e-02
-8.042341019904618582e-01
-1.528500117904226130e+00
-3.036588224026549598e-01
6.644984025955918971e-01
8.586975909964906784e-01
-2.568949596159179616e-01
-1.363191118534757551e-01
1.324492191615491976e-01
-2.448226499784693200e+00
-9.664499793249332893e-02
-7.665448288834254553e-01
-8.851531864064329236e-01
4.771897360937839561e-01
1.106095696526660649e-01
-1.280841337822888448e+00
9.853652984491392264e-01
2.715920781704886933e-01
-4.142559810951289001e-01
-1.866096697531745230e+00
2.349498544069624550e+00
-8.694696190415380777e-01
1.681913531344150003e+00
-8.464775134026164549e-01
2.026147795083400815e+00
-3.137455139467490994e-01
4.018135748810254815e-01
-1.416311494270801330e-01
-1.451499258954242200e-01
4.223347849289332823e-01
-1.197124798551824076e+00
-3.207000195618280869e-01
-2.490619172114305613e-01
-1.095701972874592256e+00
-4.015011504117362851e-01
1.868502180100470866e+00
6.568237212805333458e-01
1.235518831535978856e+00
-1.592658283665230323e+00
-1.534402705302396974e+00
-9.272707723367810129e-01
1.037291495305258548e+00
-4.106858643856590718e-01
-1.384086050047399707e+00
8.858455453720581740e-02
4.501031268711099265e-01
9.148601170009371675e-01
9.070438122285268134e-01
-6.185276291852326302e-01
-3.175762097365099068e-01
-3.306352539694414339e-01
2.541479537862288973e-01
-2.123109062535078473e-01
9.452812429121957294e-01
-3.693516094752349876e-01
-2.223860252485381772e-01
8.659192860179250051e-01
-8.155936538824053450e-01
-1.834530441434869319e+00
2.423942749955445425e-02
-6.505420864213288246e-01
3.191690662393820155e-01
-2.580910005627634174e+00
-6.866368805637023121e-01
1.146712302488918755e+00
7.006088056868273739e-01
-1.044384354401860948e+00
6.347323119066600183e-01
-1.660583388888277945e+00
1.802278536503948647e+00
2.247287542040065922e-01
-7.367449856335653857e-01
-6.114886935507060084e-01
-4.013498593837779294e-01
4.417103741425676966e-01
-5.564197683586899479e-02
1.051451138493753490e+00
-7.383177069101264367e-01
3.719945383995087451e-01
1.495206091972270113e-01
4.484477535648101476e-01
-1.029518632378847220e+00
-1.903224376110326452e-02
1.088725396668501988e+00
-8.719041132119237369e-01
-7.364813515904454766e-01
2.005012885900244068e+00
-8.814512555793517778e-01
-3.782241975290985270e-01
7.295476201951913708e-01
7.288257686669471491e-01
5.524706038674067621e-01
-1.969906170113693511e+00
-6.749838358005892935e-01
-1.978019731260062253e+00
-1.798498215765792149e-02
-2.919882044897994966e+00
-5.297120683605471836e-01
-7.711821316671538806e-01
-9.391394361471171459e-01
-1.116720806917005815e+00
8.739440772955850978e-01
-6.994995858265663780e-02
-2.842961174772282162e-01
-4.132702337253268410e-01
-1.217529776232125993e+00
-2.017775049194615811e+00
-1.969736770163244832e-01
-3.179896275021177332e-01
3.716163660268685387e-01
-8.637562629257254931e-01
-7.469801894022690680e-01
-6.248869726053363216e-01
-8.435079569196065608e-01
8.455478302819603442e-01
1.175886764666048467e+00
-6.600096944896087781e-01
2.252357876902726791e-02
2.001222025561802953e-01
-9.779590021357983387e-01
-1.392235541998000370e+00
-7.328303559644964160e-01
8.393464930320487793e-01
-5.860117136217177780e-01
-2.143335205944391642e-01
-1.258796896979458069e+00
-3.966672392856816498e-01
1.133566851758748273e+00
-1.135354942094672248e+00
1.136816847234615180e-01
-2.138085671921229336e-01
6.836714635892306990e-01
-4.027990434285899091e-01
-8.124574859066013843e-01
-1.203341175625997961e+00
-3.256600453151055619e-01
2.322401580764468232e-01
1.055961706322564808e+00
-9.649185821269606889e-01
-2.636256395935550612e-01
5.137163849818430217e-01
-2.369732487106790686e-01
-1.750458394653422733e-01
-3.025842010353246847e-01
8.220048769095016361e-01
