2.917697540707694381e-01
1.939822300090947305e-01
-7.877414412919395703e-01
4.167845972100920893e-01
8.352508371152277400e-01
-2.610376482227261707e+00
-8.413931346850314075e-01
-6.408620634292416622e-03
-1.280952554832658907e-01
-1.600197801086383764e-01
-1.001339967717673085e+00
-8.000458691305490921e-01
-3.074356238106443207e-01
4.420455082546130843e-01
-1.884576357052709927e-01
4.125890209272045639e-01
1.670069190421344107e-01
2.675090944535414295e+00
-8.422579630519076987e-01
-8.580297793054588729e-01
-1.467211301974868487e+00
4.275871693836227894e-01
-7.783766174371871127e-01
3.092910561095327249e-01
-5.139934674771833301e-01
2.241876138771667359e-02
-8.156174389812269332e-02
-3.755012507148168255e-01
-6.978147380689799784e-01
-6.959170346697120257e-02
3.449357993369214226e-01
-6.923005159025856503e-02
-1.164752875774474727e+00
8.122956606705221405e-02
8.381363173995848292e-01
4.076053256895431631e-01
5.569369240074842908e-01
-3.583319587342130297e-01
-1.564122886374752719e+00
8.659550599532724879e-01
1.063014950879991760e+00
-2.341847501054916125e-01
-4.411232089745648066e-01
7.005965490267320739e-01
-1.115383199941434977e+00
-1.281406958408437990e+00
7.764079866706150579e-01
-1.635410357522610048e-01
1.321127455727207689e+00
-4.455269312732170750e-01
-1.516170381480892893e+00
4.498744758751076489e-01
-1.049611138652534859e+00
-3.522251887856124863e-01
4.187775824469981978e-01
6.896236153423127568e-01
-5.673634922897670130e-01
8.198172181902978473e-01
-8.121951279225382569e-02
-1.038193037810230202e+00
8.377713312068948426e-01
1.023806906633363045e+00
1.184617789677833155e+00
-6.737726527114710207e-01
2.934783657415930280e-01
5.248413176358521781e-01
1.602583969664010677e-01
4.089776585986097945e-01
1.032027584127791275e+00
1.408166503208230669e+00
-2.529752995413309807e-02
-2.023716212711639262e+00
-1.183772746834798717e+00
3.820487973392359127e-01
-1.051355381979426795e+00
3.454261436539932117e-01
4.172182121027498414e-01
-2.117428506487387674e-01
3.321910670033955126e-01
1.158868277669354852e+00
-1.364897435724033358e-03
6.338814620307959835e-01
-1.574082929772484540e+00
-3.835899593944328556e-01
6.709254078290565193e-01
-4.715995177601612909e-01
1.400834585442856384e-01
-1.071471218577883633e+00
-9.750449528202119742e-01
8.781619999846521085e-02
-5.798347403486472373e-01
7.573470545971661139e-01
-3.005235638961893940e-01
1.615933595257450506e+00
-5.553985155604099777e-01
1.823227721538837331e-01
6.444103443180955182e-01
5.455229289643724888e-01
1.524114925606146809e+00
1.498758484693547555e-01
1.049025182402906653e+00
-3.632322885231037968e-01
4.025408155572177127e-02
1.108123312614362477e-01
-5.878918003606902198e-01
-5.131503335930287513e-01
5.700721785456426549e-02
1.730614798098540352e-01
-1.279869326231425353e-01
-1.704937800670677905e+00
2.319257401534130736e+00
-6.862447201420431853e-01
8.809293849379606911e-02
-1.419718536023159894e+00
2.422876549128762380e-01
-3.623375519723610050e-01
7.623918366453801276e-01
-2.441489314044083536e-01
-3.919354779613209994e-01
2.895890743023648781e-02
-6.911407340634194707e-01
7.399839350340338129e-01
1.043864370592254787e+00
-4.784376948712137922e-01
2.581135573405655016e-03
-6.950205859197774449e-01
-1.573106877081424937e-01
-1.167225312979430107e+00
6.770458258867478873e-01
-1.136076972650314376e+00
9.695585638797311612e-01
1.513459002295373557e+00
-6.352501000329996428e-01
-1.140541194827315419e+00
-1.250281396098044784e+00
1.691936505585440953e+00
2.638788530653549014e+00
1.583756310767969300e+00
-2.501678086348813057e+00
4.907642261704519560e-01
2.039604163056651931e+00
8.027619043885919625e-01
-1.804080179208368495e+00
-4.547590168690290868e-01
-5.015774984751187882e-01
6.968430668699444608e-01
8.301455405797477649e-01
2.156598211439894608e-01
3.002444426013121670e-01
7.533125272866740829e-01
-1.386198655102487853e+00
-1.401201444138644225e+00
-1.377290070629921814e-01
2.974187330448305744e-01
-1.968047070694383560e+00
1.063644000478335822e-01
-1.325394560152746815e+00
-2.797469502783326845e-01
-1.142072154448580817e-01
-1.378621616610027356e-01
-8.353079185846046251e-01
5.321402765427815096e-01
1.113667453318661238e+00
5.037323333327689001e-01
3.456306000993334959e-01
1.616042221905354126e-01
-7.447354190498053916e-02
-1.056590968999792768e+00
-1.279161248897884073e+00
-1.272572906400115667e-01
5.465192966760662463e-01
1.478655355489808976e+00
-2.403872003544634817e-01
-4.177515125507344496e-01
1.361440661685403286e-01
-9.848053795224162021e-01
9.227323734434601799e-02
3.921307080279321650e-02
-1.137001539635965841e+00
-7.962284229330389707e-01
6.507082271521945627e-01
1.612648741945662767e+00
-1.189722286433352316e+00
5.519895355128744407e-01
5.738599082639054272e-01
3.130955733220909254e-01
-4.015001717776466861e-01
1.638989744367382206e+00
9.272292562046384745e-01
-8.263319960807804510e-01
-3.996644703262310361e-01
-3.834332001752304153e-01
-6.462632698669438236e-01
-3.764414451265118977e-01
1.612650502385925888e+00
2.709967490930240697e-01
1.324595720958032241e-01
1.512999442497592328e+00
1.832065956561306219e-01
5.010684463075077977e-01
2.514436457851305651e-01
3.955910217825747144e-01
-2.704712353254526414e-01
-7.621670019161421727e-01
7.776140416270989064e-01
6.952113991496680079e-01
1.703748501234354090e-02
1.734599252965923211e-01
2.614439051320680996e+00
-2.379414078416354439e+00
-1.274216257782707640e+00
1.414446184621814373e+00
1.222641002543720656e+00
1.342628826097652439e+00
-1.813548545804015921e+00
5.828876304611501080e-01
9.171763886598152671e-02
-7.092420891554555018e-01
-1.490240335339672706e+00
-6.273852326860783757e-01
-5.178199428256834436e-01
-3.158914102466425233e-01
-7.851134279112530201e-02
-1.885550992766503509e+00
7.545027653141781476e-01
-7.742206585621490555e-01
-1.566549163085135143e+00
1.457624903131499172e-01
1.459227440534162923e-01
1.109481500547015553e+00
2.540407095470262888e-01
1.114009643125695170e+00
-6.189008547942750349e-01
9.402479766680857387e-02
-1.727129087484829073e+00
5.465884657262343183e-02
-9.976832624962604923e-01
2.229559758971217109e-01
1.680811748012846163e+00
5.017677451886246587e-01
2.101913118095112054e+00
9.009912193340742226e-01
1.981670536401244354e-01
1.547389691829991643e+00
-1.145894283614754317e+00
-1.872392183226738172e-01
-9.413546673223417427e-01
-8.874792277248026995e-01
4.378254208897735533e-01
-4.933365859446970925e-01
-7.652858019898256536e-01
1.848837176482608924e-01
4.413020234473113979e-01
-5.930768430912031208e-01
-5.749780491384518522e-01
-6.085897677804203987e-01
-7.156950423346364332e-01
1.281860758144358625e+00
-1.727864361710225838e+00
9.836861133321058714e-01
-1.676873197228160306e+00
-3.228839380450073127e-01
2.283817436607995244e-01
-6.750307358923689494e-01
4.980298128952566628e-01
-8.512693616621626047e-01
-1.066982210625240513e-01
5.669607152352834634e-01
6.824004825283209730e-01
-9.611614859024298907e-01
5.600070436563030496e-01
1.450781362199343949e+00
-7.820121663994884786e-02
3.477399997598888404e-01
1.344330253237516981e+00
-6.227244163903085106e-01
-1.323781934011040162e+00
-2.287857468238879144e-01
-1.067713857510486752e+00
-3.359878838151418856e-01
-1.477980666475685601e-01
1.392095608154448216e+00
7.455834895867536893e-01
-4.091625556749266535e-01
-6.578762185067629220e-01
2.260042072728929874e+00
2.758393019486785058e-01
-5.139934674771833301e-01
-2.001554305274069634e+00
3.577492145098322696e-01
-2.752154718594254645e-01
4.756952253995119784e-01
-5.966117578264261700e-01
-7.099353043466183344e-01
-2.773850762035656725e-01
9.611466687002708995e-03
2.693462915540636438e-01
-1.915691181625975570e-01
1.241205529580319405e-01
-1.073511530541265913e+00
-6.855352120181251729e-01
2.739410777893088178e-01
-7.127004725825815123e-01
5.834200982565197480e-01
6.052286957969377906e-02
1.973082233365225646e-01
5.185258382603681326e-01
1.427177421543484703e+00
-3.064798964334146669e-01
-1.343256577919881012e-01
-1.219810005012449405e+00
7.557586293895379725e-02
3.020947806773749411e-01
2.205658344384542779e+00
-1.931677609204242030e+00
1.693613841718913271e+00
-1.322215709705764741e+00
6.350469610706905854e-01
6.089300084129838364e-01
2.627817488341629648e+00
-1.169632924010092889e+00
-2.074293851635272024e+00
-6.837333481448112371e-01
-1.033250490573868419e+00
-1.271400009744148296e-01
4.250257205985212283e-01
8.663974040521313924e-01
7.874757425444706138e-01
-3.175954424466906345e-01
3.167901899857818449e-01
3.210237788745632370e-01
-2.183240429165085872e-01
2.429251265303981541e-02
2.596408778045221410e+00
6.137656910035541591e-01
1.151213028166311048e-01
-1.225792497833978034e+00
1.032612073818643728e+00
-7.515436139233591661e-02
-1.760881945608778310e+00
9.821283685011905629e-01
-4.602904836718125781e-01
1.735824029965422066e-01
2.681251168412452923e-01
5.353885665397867949e-02
-2.575799226614169934e-01
-6.738856832075152958e-01
3.905031233944759594e-01
-7.875676221620883100e-01
3.622308969819429958e-01
1.537978709001605937e+00
-3.620286677152445010e-01
2.436486840735202719e+00
7.235244947583862052e-01
3.091482187420537264e-01
-5.059753916512378380e-01
1.665258636860383890e+00
1.489779885259021053e-01
-1.539975618133683222e-01
9.398967088547893756e-02
-1.943404441660632198e-01
6.451163562803685636e-01
1.191999981912271078e+00
3.376690724479582822e-02
7.510217192142932818e-01
4.432562127757118664e-01
1.010877640184012272e+00
4.980816315389512972e-01
7.453766850722736148e-01
1.127580155517591054e+00
9.147872194865325213e-01
-1.303113623166048812e-02
-7.569552886140721304e-01
-3.612490289388989861e-01
-1.444662859421331325e+00
-6.423680990455993278e-01
-5.879656847488141658e-01
1.195845810029120271e+00
1.583832210458402112e-01
2.168436132000107097e+00
-5.839316591808756396e-01
-8.392971251285323842e-01
-1.092888594238484279e+00
-2.883497167443592746e-01
7.056130070978926527e-01
1.012008977628866324e+00
6.761760985542148994e-01
3.109694509967304565e+00
1.101750089440783675e+00
-1.417555984533640956e+00
7.407469164770456027e-01
-1.871899199238014955e+00
-1.350464451751331452e-01
-2.220987758368190956e+00
6.753812425450519408e-01
-2.803618580536061389e-01
2.158885093785111176e-01
1.055390795874132648e+00
-2.012920536264937610e+00
1.084715714836146684e-02
-1.236232555157585900e+00
-2.239143283824753805e+00
-2.609214475845604841e-01
-1.498358563305521196e+00
-7.619759613008736387e-01
2.896773334608423456e-01
-2.451755964464083504e-01
-7.374346143420378308e-01
-2.312796988866829384e+00
-5.517267056004498960e-01
7.427764457257564068e-01
1.347487672905487655e+00
-9.615982035465489575e-02
5.008004736040383431e-01
5.499382643104034907e-01
1.321336154791946216e+00
-1.967954693959798607e-01
-3.491429570664597581e-01
-1.042402877383415527e+00
-9.200137113414857959e-01
1.686358290720062714e+00
8.104478527062922155e-02
8.524642804487751399e-03
6.562459224928622881e-01
1.438104364205284869e+00
-3.005015436858169409e-01
-1.579597543330529374e+00
9.051696682054301002e-01
-3.759003045554456524e-01
6.756599362046994406e-01
-2.402149692175347406e-01
-9.050750200613163488e-01
1.341102603175540642e+00
-4.949047388326151542e-01
-8.367757756015773429e-01
-7.209791217302097266e-01
