-6.649112720628735929e-02
1.144627726787776467e+00
8.660358222849460219e-01
-1.897651901896821869e-01
4.997880008423720710e-01
8.656978048721857277e-01
3.018366404456411800e-01
9.959610242412075820e-01
1.247150076697167265e+00
4.277621120210515215e-01
8.428796238545377406e-01
1.144627726787776467e+00
3.438569451346396022e-01
4.406091373202691841e-01
2.341165108985769905e-01
1.343226076590564588e-01
1.111781768517481339e-01
-2.324629163697018441e-01
6.266995379103068586e-01
-1.326034001495735026e-01
1.342345405387348478e-01
-2.324629163697018441e-01
5.273748067886785407e-01
3.653137838845310625e-01
1.027194139431070852e+00
5.638551416305759290e-02
3.131791539198172103e-01
7.813022662335704638e-01
-4.304225784162873936e-02
8.660358222849460219e-01
-3.804374828035701483e-01
5.123723575920617890e-01
8.656978048721857277e-01
5.594797796055388517e-01
5.868782830891383639e-01
8.428796238545377406e-01
6.266995379103068586e-01
7.514528641837152634e-01
7.798849384009471919e-01
7.975763459937361688e-01
1.646448478486172817e+00
6.269553156932961002e-01
-1.326034001495735026e-01
8.660358222849460219e-01
2.072120014719818215e-01
4.062983724390907270e-01
7.514528641837152634e-01
5.123723575920617890e-01
6.831623288247339332e-01
3.131791539198172103e-01
8.656978048721857277e-01
6.269553156932961002e-01
-2.221939109405290935e-02
6.974135979419919806e-01
6.831623288247339332e-01
3.018366404456411800e-01
4.696746314120421317e-01
1.198692169558571052e+00
1.027194139431070852e+00
7.102892117972778863e-01
7.114946141450673167e-02
2.785208274888137936e-01
2.420816933312917030e-01
2.507308257832985277e-01
-3.726717337985068212e-01
5.840018117302854250e-01
7.259458071259832224e-01
1.460670492467119885e-01
1.030044768686542156e+00
1.247150076697167265e+00
4.277621120210515215e-01
7.412824960115393935e-01
8.954605597746017054e-01
7.472510610927329822e-01
9.300132029028560510e-01
1.705850946787686340e+00
6.667193081323361525e-01
8.786039074763039025e-01
-3.726717337985068212e-01
1.905326290610425133e+00
1.027194139431070852e+00
1.418637240023693735e+00
1.785532318410769648e-01
1.414146195134371453e-01
1.100860443992564441e+00
4.997880008423720710e-01
7.813022662335704638e-01
8.603965707309662037e-01
3.632667680687795553e-01
1.218345136394450634e+00
6.974135979419919806e-01
4.340553180281450096e-01
1.572182785216591938e+00
1.075055774524269481e-01
1.434951486419775435e+00
1.191544551816079434e+00
4.277621120210515215e-01
8.656978048721857277e-01
3.608955683006591642e-01
1.097104035639306474e+00
6.269553156932961002e-01
2.345938005094527767e-01
3.200812304074567294e-01
-6.002601598256163129e-02
1.102041183937283009e+00
1.067026715375721579e+00
6.266995379103068586e-01
1.818645091175934425e-01
9.873470425065224987e-01
8.656978048721857277e-01
5.594797796055388517e-01
4.546147769298070074e-01
5.225944681657850310e-01
7.517459587545047839e-01
6.269553156932961002e-01
8.084107199198804494e-01
7.084171205909317592e-01
1.247150076697167265e+00
-9.095477345111291356e-03
8.682122996813550486e-01
-2.096810987692165895e-02
8.370301664614956394e-01
2.704814277397975530e-01
2.166632482418542338e-01
-3.574588199075279249e-02
9.248175649121339603e-01
2.546268535834226299e-01
1.074276860697924718e+00
6.269553156932961002e-01
7.514528641837152634e-01
-3.465061234169830584e-02
6.552414854699932789e-01
-2.407326706583852172e-01
8.656978048721857277e-01
1.965158243750053657e-02
2.849547443009239345e-01
8.656978048721857277e-01
1.027194139431070852e+00
9.170315766084051745e-01
7.412824960115393935e-01
1.616162027312459060e+00
2.072405232512688045e+00
-7.734833852171973945e-02
7.279065156182795704e-02
4.436125551643073095e-01
7.798849384009471919e-01
1.306127509917311968e+00
2.331249045436045719e-02
1.169952244208314340e+00
1.132567118595932953e+00
1.027333422085760617e+00
8.855773500345573979e-01
1.119237901012192893e+00
4.175925326705716145e-01
2.253610869914872694e-01
4.019428912495293105e-02
1.513259235527222302e-01
1.761336733670191279e-01
2.634965668883459955e-01
5.123723575920617890e-01
7.511148467709531928e-01
3.419840942225338409e-01
9.803261938480112292e-01
8.428796238545377406e-01
8.855773500345573979e-01
6.948700067703938998e-01
6.916594530464745816e-01
9.862774858913319065e-01
1.218345136394450634e+00
1.313177492539185920e+00
3.030532042603812926e-01
8.376974976484241608e-01
5.123723575920617890e-01
4.080115100645524961e-01
4.616405688285940556e-01
3.030532042603812926e-01
8.195335492888791151e-01
7.873938528151729344e-01
6.948700067703938998e-01
7.798849384009471919e-01
6.419577648899092992e-01
6.276604829727876478e-01
5.550557005478111705e-01
8.428796238545377406e-01
7.282966657533034294e-01
3.231372414376920688e-02
1.770863787346819151e+00
2.345938005094527767e-01
4.448968215043045404e-01
8.111150341669848274e-02
-1.241410651991277092e-01
5.225944681657850310e-01
9.720984524754392453e-01
7.084171205909317592e-01
3.841377723667704913e-02
8.945498854967084412e-01
-1.790153375066161345e-02
1.306127509917311968e+00
1.905326290610425133e+00
5.225944681657850310e-01
1.584679568774326697e+00
9.524437572744872682e-01
4.556196772889702373e-01
-6.779920744961565049e-02
6.200672688148820555e-01
4.180737926829749540e-01
1.558984696385632418e-01
5.225944681657850310e-01
1.027194139431070852e+00
8.656978048721857277e-01
2.171237752734196391e-01
1.000160308135791709e+00
7.180953874145021842e-01
-2.324629163697018441e-01
8.376974976484241608e-01
3.674296545148791893e-02
6.266995379103068586e-01
1.185317952532580321e+00
9.229936780211147607e-01
7.668372218711816402e-02
1.218345136394450634e+00
1.569338904754005171e-01
-3.164627685975407445e-01
1.522906954857807804e+00
5.225944681657850310e-01
2.231700683439719057e-01
6.266995379103068586e-01
-3.804374828035701483e-01
8.428796238545377406e-01
7.511148467709531928e-01
1.247150076697167265e+00
7.993234575953422905e-02
4.080115100645524961e-01
4.080115100645524961e-01
1.147718015061141017e+00
6.353366540655702721e-01
2.071203252162696629e-01
8.656978048721857277e-01
1.141777097532305163e+00
1.646448478486172817e+00
3.565446678193975316e-01
8.727640844052881874e-01
9.862774858913319065e-01
8.070112279217394047e-01
2.546268535834226299e-01
8.855773500345573979e-01
8.084107199198804494e-01
6.269553156932961002e-01
1.000160308135791709e+00
5.221756754232718123e-01
8.656978048721857277e-01
-5.005294430546314288e-02
9.862774858913319065e-01
1.247150076697167265e+00
3.903825007657246715e-01
2.782995184573060499e-01
1.733474991691661415e-01
6.419577648899092992e-01
1.698422663238092767e+00
1.805620312506182046e-01
5.594797796055388517e-01
1.184474823712324820e+00
1.000160308135791709e+00
1.318059697769236038e-02
8.705153701329351179e-01
1.291763482032150634e+00
7.798849384009471919e-01
6.106995823885021935e-01
2.686727106382686969e-01
8.945498854967084412e-01
4.672289052251201724e-01
5.225944681657850310e-01
4.448968215043045404e-01
-4.054770077604707978e-02
1.218345136394450634e+00
1.136690917059242523e+00
2.704814277397975530e-01
3.467119310657569287e-01
8.656978048721857277e-01
5.828306398407576694e-01
5.094710765538845720e-01
9.170315766084051745e-01
-1.334069497588359354e-01
1.871719681624810505e-01
-1.919312966229522743e-01
2.704814277397975530e-01
3.674296545148791893e-02
1.027194139431070852e+00
2.399820028503013347e+00
6.461735186062025349e-01
-1.326034001495735026e-01
1.086265062883942534e+00
1.141777097532305163e+00
6.667193081323361525e-01
9.668142435057269779e-02
2.647862617336809166e-01
8.228967485171700957e-01
7.532454440132703155e-01
2.298687153016487628e-01
6.269553156932961002e-01
5.462063172973117275e-01
7.012045184004556120e-02
1.004467916765021229e+00
6.948700067703938998e-01
-5.085950931859350987e-02
4.789330984277917480e-01
1.770863787346819151e+00
6.269553156932961002e-01
4.502082595035243884e-01
2.040127466556036495e-01
8.370301664614956394e-01
5.852064127265617088e-01
4.546147769298070074e-01
5.225944681657850310e-01
2.354864993967810349e+00
7.084171205909317592e-01
1.929168879882219301e-01
3.030532042603812926e-01
4.694188536290528901e-01
2.507308257832985277e-01
4.080115100645524961e-01
6.269553156932961002e-01
8.596960942912339476e-01
1.646448478486172817e+00
1.532121298167929524e+00
-1.663761616263652598e-01
1.100860443992564441e+00
9.490713001531627668e-01
9.862774858913319065e-01
7.412824960115393935e-01
5.123723575920617890e-01
1.169952244208314340e+00
4.694188536290528901e-01
8.428796238545377406e-01
5.768495166454474798e-01
2.546268535834226299e-01
1.030044768686542156e+00
5.852064127265617088e-01
1.646448478486172817e+00
5.840018117302854250e-01
1.425945436579603154e-01
4.508283349599793155e-01
1.558984696385632418e-01
6.269553156932961002e-01
5.828306398407576694e-01
8.084107199198804494e-01
4.019428912495293105e-02
4.696746314120421317e-01
-7.518223208844787564e-02
7.282966657533034294e-01
-2.324629163697018441e-01
4.932660844435687864e-01
8.836127808320828336e-01
1.956944615179310176e-01
1.050647589737526033e+00
7.993234575953422905e-02
1.007761364747212340e+00
6.948700067703938998e-01
1.055369286107080029e+00
2.647862617336809166e-01
3.703306330415330194e-01
3.674296545148791893e-02
4.277621120210515215e-01
6.696386586490454818e-01
-3.470458744709361554e-01
3.300926946382549687e-01
2.949236778009591831e-01
-7.077380648807363173e-03
3.632667680687795553e-01
-1.498352869887593641e-01
-2.304614374251912068e-02
8.727640844052881874e-01
6.269553156932961002e-01
7.084171205909317592e-01
1.903228593661623336e-01
8.187092933624899871e-01
1.028221581014664210e+00
1.000160308135791709e+00
1.805620312506182046e-01
8.660358222849460219e-01
3.958881511872771597e-01
8.656978048721857277e-01
1.884702461591469813e-01
7.797489229938161515e-01
2.704814277397975530e-01
1.141777097532305163e+00
9.873470425065224987e-01
7.993234575953422905e-02
7.412824960115393935e-01
9.803261938480112292e-01
-3.109861179422495070e-01
6.749784589089191655e-01
2.704814277397975530e-01
8.656978048721857277e-01
1.224782247587521411e+00
2.785208274888137936e-01
6.106995823885021935e-01
5.225944681657850310e-01
1.163583755944079812e+00
8.660358222849460219e-01
4.028834731668595737e-01
6.106995823885021935e-01
1.000160308135791709e+00
1.058421021204505763e+00
4.448968215043045404e-01
2.274011361212995297e-01
2.557476749402987082e-01
1.532121298167929524e+00
1.577535836862331564e-01
8.094529648716246584e-01
8.727640844052881874e-01
9.873470425065224987e-01
2.432621454787717852e-01
9.524646144776838241e-02
8.855773500345573979e-01
6.696386586490454818e-01
2.780770598949668937e-01
1.067026715375721579e+00
7.511148467709531928e-01
1.191544551816079434e+00
1.538200964744435240e+00
-7.077380648807363173e-03
8.370301664614956394e-01
-1.802044204833919139e-02
5.550557005478111705e-01
8.376974976484241608e-01
1.348825236097333402e+00
6.924282698205068698e-01
5.273748067886785407e-01
1.375876841349015223e+00
5.977683183249613563e-01
3.194723599269106984e-01
1.770863787346819151e+00
8.428796238545377406e-01
6.533950825150043329e-01
5.833289566922363889e-01
