1.158291782066789066e+00
-1.288170673333030036e+00
-1.034540204857035572e+00
2.303879238068022861e+00
8.604783254732641939e-01
-5.373197144014746351e-01
8.264875870851620121e-01
-7.484676656011345353e-01
-8.491580898530564081e-01
6.415585954957958581e-01
-4.058852422449911734e-01
-1.288170673333030036e+00
7.311443011635021527e-01
3.565118801744637800e-01
6.829988677299644317e-01
8.407837310913297557e-01
8.773775583088376795e-01
2.062978545673981312e+00
1.060392938357703346e-01
1.167211652836169788e+00
1.431704941240100171e+00
2.062978545673981312e+00
7.177402519607266607e-01
6.905514414587820005e-01
-8.290503418046530903e-01
9.640106342272134476e-01
9.500042558848655894e-01
-5.961166854332764498e-01
1.121216604840772568e+00
-1.034540204857035572e+00
1.529396024070892812e+00
4.137964264673590908e-01
-5.373197144014746351e-01
5.516245378410722378e-01
4.098607681611990960e-01
-4.058852422449911734e-01
1.060392938357703346e-01
-4.416716165699138830e-01
-5.887832288251390045e-01
-2.983365387419490977e-01
-1.432692198795148641e+00
1.053507660782894567e-01
1.167211652836169788e+00
-1.034540204857035572e+00
7.255377824920310470e-01
4.107608790898276685e-01
-4.416716165699138830e-01
4.137964264673590908e-01
-3.873327234188585211e-02
9.500042558848655894e-01
-5.373197144014746351e-01
1.053507660782894567e-01
1.088293419376502369e+00
-1.620647359332874626e-01
-3.873327234188585211e-02
8.264875870851620121e-01
4.509508419293730697e-01
-1.208460845000417061e+00
-8.290503418046530903e-01
-6.988123925797040670e-02
9.406672502716516560e-01
8.793907308793752486e-01
6.704050600824394968e-01
9.536208406381163627e-01
2.384881994248363668e+00
1.884686793584264553e-01
-9.463599555520321727e-02
1.179925877966188530e+00
-9.797250129439604160e-01
-8.491580898530564081e-01
6.415585954957958581e-01
-2.024063665532945533e-01
-3.626569990046963898e-01
-1.283218869463269574e-01
-4.172884333687805758e-01
-1.643971110722749263e+00
-3.248097146136350987e-03
-4.821865612285773928e-01
2.384881994248363668e+00
-1.811015860362489738e+00
-8.290503418046530903e-01
-1.707512098807869361e+00
7.708503707717365705e-01
1.190482154070635401e+00
-6.353706314377975950e-01
8.604783254732641939e-01
-5.961166854332764498e-01
-2.839570735878535479e-01
1.566858679820460454e+00
-8.070625916057134752e-01
-1.620647359332874626e-01
3.390974187080038060e-01
-1.432627412113838483e+00
1.282449670422953769e+00
-1.215650011424461052e+00
-1.206380138115217715e+00
6.415585954957958581e-01
-5.373197144014746351e-01
6.924839836752629818e-01
-9.779592679604914851e-01
1.053507660782894567e-01
6.305901929641124504e-01
7.850909534784510369e-01
1.148069747874948643e+00
-6.892831204259678435e-01
-2.074495788304448585e+00
1.060392938357703346e-01
1.098702110623249961e+00
-7.375659533695033687e-01
-5.373197144014746351e-01
5.516245378410722378e-01
4.798368510375029539e-01
3.862795452598020152e-01
-1.354288022022993865e-01
1.053507660782894567e-01
-7.363796960412805070e-01
-9.717467540437467466e-02
-8.491580898530564081e-01
1.817534760546221317e+00
-3.195745775733114802e-01
1.086315009579284174e+00
-8.844607994606544787e-01
9.082757118665586438e-01
7.105943477553456900e-01
1.109680252124911393e+00
-3.781018216465633630e-01
6.013139180716179366e-01
-9.261648346900033246e-01
1.053507660782894567e-01
-4.416716165699138830e-01
1.886326582829165099e+00
2.461859935079815237e-02
1.433786348698540714e+00
-5.373197144014746351e-01
1.740150601629169902e+00
8.647922938915112434e-01
-5.373197144014746351e-01
-8.290503418046530903e-01
-5.693782242229706858e-01
-2.024063665532945533e-01
-2.155692149154303294e+00
-2.223532747357257477e+00
1.706853171756044452e+00
9.380723526402445778e-01
3.517631544632224272e-01
-5.887832288251390045e-01
-1.469449537294551966e+00
1.016302631608045015e+00
-7.363412887043070398e-01
-6.817067200103988922e-01
-8.196510499168702113e-01
-5.908334265402783725e-01
-7.164729743734198353e-01
1.285769415755309897e+00
1.000009188438652385e+00
9.146853587506129646e-01
7.522777483506248863e-01
7.746759522033771495e-01
9.134804973576029496e-01
4.137964264673590908e-01
-2.288740540124097333e-01
8.724642884990571057e-01
-1.625894908612735223e+00
-4.058852422449911734e-01
-5.908334265402783725e-01
-1.489038319727468973e-01
-4.042559273520169444e-02
-4.679192615951426326e-01
-8.070625916057134752e-01
-9.456504602119056857e-01
5.305437189799410147e-01
-8.879136663203557323e-01
4.137964264673590908e-01
6.947252056488668615e-01
4.638954605409338905e-01
5.305437189799410147e-01
-2.426082526782544213e-01
-1.917919457500852909e-01
-1.489038319727468973e-01
-5.887832288251390045e-01
1.248716636736049712e-01
8.719937848983137785e-02
5.745153546683736678e-01
-4.058852422449911734e-01
-1.428158430656527589e-01
1.706065404971221611e+00
-1.614512551868125589e+00
6.305901929641124504e-01
1.144493126128212301e+00
1.574706750047504933e+00
1.249442516667870207e+00
3.862795452598020152e-01
-4.838297263513888780e-01
-9.717467540437467466e-02
1.441076561124428945e+00
-1.182076039878436902e+00
9.995865105786461147e-01
-1.469449537294551966e+00
-1.811015860362489738e+00
3.862795452598020152e-01
-2.084259039182022821e+00
-1.481627200017308521e+00
3.327786066872328030e-01
1.160359997215803407e+00
1.044282394864327057e-01
3.921426768360838921e-01
1.171345111045897003e+00
3.862795452598020152e-01
-8.290503418046530903e-01
-5.373197144014746351e-01
1.018699494760185953e+00
-8.992790869293479927e-01
-8.222364007761065463e-02
2.062978545673981312e+00
-8.879136663203557323e-01
9.197291181932825133e-01
1.060392938357703346e-01
-8.209526225442232983e-01
-1.329248284328420571e+00
9.319169904715435271e-01
-8.070625916057134752e-01
8.050328680246856550e-01
1.435903468924712323e+00
-1.944098132821128200e+00
3.862795452598020152e-01
1.004980568796692397e+00
1.060392938357703346e-01
1.529396024070892812e+00
-4.058852422449911734e-01
-2.288740540124097333e-01
-8.491580898530564081e-01
1.577880922440100253e+00
6.947252056488668615e-01
6.947252056488668615e-01
-1.092801441223276715e+00
6.978228975857403427e-02
7.256827324840792182e-01
-5.373197144014746351e-01
-1.092119740983991560e+00
-1.432692198795148641e+00
7.023560955428912456e-01
-4.744965541901649542e-01
-4.679192615951426326e-01
-3.197441094855813515e-01
6.013139180716179366e-01
-5.908334265402783725e-01
-7.363796960412805070e-01
1.053507660782894567e-01
-8.992790869293479927e-01
2.275464358772104623e-01
-5.373197144014746351e-01
1.132301251997127167e+00
-4.679192615951426326e-01
-8.491580898530564081e-01
1.426558006571947868e+00
5.667187197398056986e-01
1.118027047001522556e+00
1.248716636736049712e-01
-1.632226197788850364e+00
1.101657408558301965e+00
5.516245378410722378e-01
-1.395435002419566306e+00
-8.992790869293479927e-01
1.032322241783738548e+00
-2.987446724516020780e-01
-1.419637913371269100e+00
-5.887832288251390045e-01
2.866059637748290534e-01
6.283618099817710467e-01
-1.182076039878436902e+00
4.512156297109612413e-01
3.862795452598020152e-01
1.144493126128212301e+00
1.117272442592752046e+00
-8.070625916057134752e-01
-1.067781161968699211e+00
9.082757118665586438e-01
5.049734332146587068e-01
-5.373197144014746351e-01
4.308038523538526010e-01
3.553689325306670366e-01
-5.693782242229706858e-01
1.264092873871222267e+00
7.572232243361832760e-01
1.969922570935378925e+00
9.082757118665586438e-01
9.197291181932825133e-01
-8.290503418046530903e-01
-2.741210653229205541e+00
4.519364667188282420e-02
1.167211652836169788e+00
-9.533658413739795057e-01
-1.092119740983991560e+00
-3.248097146136350987e-03
8.321351407359885988e-01
1.080272995982343165e+00
-2.291548874459281571e-01
-4.509466805982081383e-01
9.897814640567104139e-01
1.053507660782894567e-01
1.895514139220043914e-01
1.368281653608482307e+00
-7.677696457320674073e-01
-1.489038319727468973e-01
1.133576517782486581e+00
4.246590341016764358e-01
-1.614512551868125589e+00
1.053507660782894567e-01
4.898351567138261031e-01
6.752813009955078716e-01
-8.844607994606544787e-01
1.835268703531616474e-01
4.798368510375029539e-01
3.862795452598020152e-01
-2.670131922452259943e+00
-9.717467540437467466e-02
7.481398899810686176e-01
5.305437189799410147e-01
4.515380785377607897e-01
9.536208406381163627e-01
6.947252056488668615e-01
1.053507660782894567e-01
-3.061095435359872940e-01
-1.432692198795148641e+00
-1.265614622235950559e+00
1.911250896535426236e+00
-6.353706314377975950e-01
-6.420757580792292307e-01
-4.679192615951426326e-01
-2.024063665532945533e-01
4.137964264673590908e-01
-7.363412887043070398e-01
4.515380785377607897e-01
-4.058852422449911734e-01
2.024885113592508057e-01
6.013139180716179366e-01
-9.797250129439604160e-01
1.835268703531616474e-01
-1.432692198795148641e+00
1.884686793584264553e-01
8.277049131580502817e-01
1.113802628456078914e+00
1.171345111045897003e+00
1.053507660782894567e-01
4.308038523538526010e-01
-7.363796960412805070e-01
9.146853587506129646e-01
4.509508419293730697e-01
1.995433577678952908e+00
-1.428158430656527589e-01
2.062978545673981312e+00
2.732555996085570538e-01
-3.439243898883442840e-01
1.266261089658439865e+00
-6.080243363197387341e-01
1.577880922440100253e+00
-5.402166153015510730e-01
-1.489038319727468973e-01
-5.688899188616495239e-01
1.080272995982343165e+00
1.530309233692989546e+00
9.197291181932825133e-01
6.415585954957958581e-01
-1.835323361876638193e-02
2.326047944853320004e+00
7.623751282668985718e-01
8.421729701131016599e-01
1.545519069602292239e+00
1.566858679820460454e+00
1.290067836879296825e+00
1.582181527809981780e+00
-4.744965541901649542e-01
1.053507660782894567e-01
-9.717467540437467466e-02
1.079510272007524918e+00
-2.413050156617810582e-01
-5.725664114645034886e-01
-8.992790869293479927e-01
1.101657408558301965e+00
-1.034540204857035572e+00
4.272205553271279932e-01
-5.373197144014746351e-01
6.979950888225985306e-01
-1.797044918264240898e-01
9.082757118665586438e-01
-1.092119740983991560e+00
-7.375659533695033687e-01
1.577880922440100253e+00
-2.024063665532945533e-01
-1.625894908612735223e+00
2.243258857874314227e+00
-2.016422447076255883e-02
9.082757118665586438e-01
-5.373197144014746351e-01
-1.267658744388421743e+00
8.793907308793752486e-01
2.866059637748290534e-01
3.862795452598020152e-01
-1.128800510733999340e+00
-1.034540204857035572e+00
5.972142123459343033e-01
2.866059637748290534e-01
-8.992790869293479927e-01
-8.901882312470303926e-01
1.144493126128212301e+00
1.180909948888126726e+00
2.123177821980129831e+00
-1.265614622235950559e+00
1.153409349760425195e+00
-7.417724202598685590e-01
-4.744965541901649542e-01
-7.375659533695033687e-01
6.685386386403626702e-01
9.025673089501734525e-01
-5.908334265402783725e-01
-1.835323361876638193e-02
6.134925252429109799e-01
-2.074495788304448585e+00
-2.288740540124097333e-01
-1.206380138115217715e+00
-1.978799955387664511e+00
1.545519069602292239e+00
-8.844607994606544787e-01
9.997602829935123836e-01
5.745153546683736678e-01
-8.879136663203557323e-01
-1.837849584163234962e+00
-5.975751926802746333e-02
7.177402519607266607e-01
-1.122246662141298534e+00
1.080263605601837346e-01
5.065487885506613219e-01
-1.614512551868125589e+00
-4.058852422449911734e-01
2.007448071543466508e-02
1.877867830027929175e-01
