2.086631925277034671e+00
-8.758620091235975735e-01
-1.115437692225321013e-02
-1.462233042468310984e+00
-9.543527202604499271e-01
-2.360591885924761879e+00
3.343848396490028269e-02
9.003690046718988427e-01
-5.191713800902761911e-01
4.531864457073749852e-01
-8.611485240583258705e-01
1.539789394626323027e+00
9.456866549341820249e-01
8.038422980886085201e-01
-6.069794073461529660e-01
1.601724465439056333e+00
5.154328713756102243e-01
2.430018414395699988e+00
-5.971771981019721176e-01
-2.149992600992115310e+00
1.088469128852066259e+00
-1.365047530739301962e+00
2.834966923158437346e-01
-1.566565245651894145e+00
-7.917662876253241111e-02
-1.273112055927607011e+00
1.496523565090618624e-01
8.702799617625204265e-01
-8.418357242484939551e-01
-2.567563371644145387e-01
-1.568509143784888149e+00
3.249436707654150269e-01
6.147736448973354362e-01
-2.315235320109236272e-01
7.215086252831677538e-02
6.602917077584837813e-01
2.317274782358652807e+00
3.740338140306719295e-01
-1.536259893967601986e-01
1.897668863114567728e+00
1.426410292011271563e+00
-8.615125501269380592e-01
-1.580285073054530143e+00
4.953822629229824581e-02
-9.894883840380140905e-01
5.790342535630771392e-01
1.332103703067410549e+00
7.251314843079124106e-01
-3.280778665169033215e-02
-8.113976687560023882e-01
-1.402499837031002006e+00
1.338400782545999146e+00
1.141428177783021747e+00
-5.048081264915397215e-01
-2.083549008101073796e-01
-1.776655946095215155e+00
3.283380268281449688e+00
3.408471052394878020e-01
7.891775245415654227e-01
7.120654301253976914e-01
1.309234844667241937e+00
1.320103183952560988e+00
2.575055524093269987e+00
-8.484908139621941126e-02
1.093089071625856112e+00
-3.081761852594456369e-02
6.307324964618850061e-01
-2.634670672333925823e-01
-1.231590039677420201e+00
9.201795389485477594e-01
-1.527927792558600117e+00
-5.086492696882184417e-01
-1.342544457583270567e+00
-1.263174572604655488e+00
4.234590313760704799e-02
2.491924954366911749e+00
-3.876145465374489785e-01
-4.180317351771154488e-01
1.449414326145138876e+00
1.014239956814482424e+00
1.049867580379647336e+00
1.590766738326838903e+00
1.229497030597793694e+00
-6.202825636104238732e-02
1.006779789002099301e+00
-1.435597349538550116e+00
-1.207503993530946396e+00
-1.302536944309983014e+00
-1.676621408832950966e+00
-7.767821344812592121e-01
-4.501850074106063526e-01
8.452293045655590031e-01
-1.146737756990640733e+00
-1.414859676838675639e+00
-1.367577339236758727e+00
-3.215033569808439795e-01
-1.274948675493338124e-01
2.392380949078428909e+00
1.620063065417737258e+00
2.785647447954103795e-01
-6.678235398588628913e-01
-1.217965420404587551e+00
1.592624552060822651e+00
1.111297672802039838e+00
9.958893209532749813e-01
3.534230041288285995e-01
-1.277357480676999835e+00
1.678514196483865017e+00
-2.504965575564412905e+00
-6.537853933923218896e-01
1.054987215792615007e+00
-4.125845020281439512e-01
-1.705345663799516520e-01
-4.604798820287023947e-02
1.755291259078801680e-01
1.074142659385576071e+00
2.285297759418055130e-01
-6.218640868840815544e-02
6.376071308111356251e-01
-9.782132327758373824e-01
-6.536923290716916135e-01
-1.709647922798204767e-01
1.464470355557349945e+00
-6.852598813586449067e-01
1.582748189366455227e+00
7.603070063726709293e-02
1.346571407706953771e-01
5.616563729322370246e-01
7.072044549108174039e-01
-1.253542592578851034e+00
8.110480302556540844e-01
2.078714338049740817e+00
-7.930017686374041253e-01
-1.111492902135403193e+00
4.739147561925315943e-01
1.180254545161640856e+00
1.950293619232227327e+00
-6.284921383235235470e-02
-2.099068671533343089e+00
-1.064642026679686326e-01
5.996134514862215825e-01
-3.838206531767118235e-01
-9.034087127282349750e-01
-4.320829751480482761e-01
-9.171613214236024048e-01
-9.762963218201211602e-01
1.558996788841397363e+00
1.005647968691452787e+00
-2.710245818132119289e-01
2.600524828098423336e-01
-5.832987539979610503e-01
6.240420860424391591e-01
-1.475913589002015636e+00
5.817539235398571096e-01
-5.129384163471901736e-01
-5.602488740324877980e-01
2.710891135754510683e-01
2.942744585071727093e-01
3.647229678420101373e-01
-3.749184442220696023e-01
-1.284278120104118459e+00
-5.142224800749392033e-01
-1.351521695684018365e+00
-3.569269081625153772e-02
8.651857039908830704e-02
5.578229934670442258e-01
-6.002393812766591008e-01
-1.039508811252248366e+00
-1.296883168649122453e+00
-8.854245446662117880e-01
-2.395178565940541682e-01
5.960494127820847865e-01
-6.688189500975210144e-01
1.381445942385978454e-01
1.757651098992813743e-01
-1.844179023618129465e+00
-9.252506790463824737e-01
1.364732399357506676e+00
-1.706103133867865829e+00
5.757203151603148550e-01
1.263302768257817288e+00
6.069863947954430294e-01
2.716944130899901499e-01
-4.025437539294523526e-01
4.964008460381190146e-01
-8.892449818471956924e-01
-1.148441649453681102e+00
6.141855701799445733e-01
1.357336508220902793e+00
3.389268991805683973e-01
-6.543279629270997155e-01
-1.140230294708342695e+00
-9.037436151552308283e-01
1.891870942595821337e+00
2.278266468036878933e+00
-3.479013800982190818e-01
1.779609793341940110e-02
2.331166684913784370e-01
-8.173024533526205282e-01
7.414194574031025553e-01
1.041067604974816874e-01
-4.326081925013560148e-01
1.131635131176638581e-01
-1.359453781052434529e+00
3.978075238179611950e-01
2.657733829127439940e+00
-5.178195382885909526e-01
2.191350544736536232e+00
-3.834251555523390115e-02
-1.219052802532637036e+00
1.362168547728998425e+00
1.715805711291483113e-02
1.400997865031202938e+00
1.206994471023527637e+00
-6.875797927671672971e-01
-1.099243513171034581e-01
-6.435457445270102994e-01
1.108900880754988938e+00
-4.894398095660439929e-01
-5.086299487718806134e-01
-9.782050467322225273e-01
1.545188999617096881e+00
1.316312372552953303e+00
-9.002066816739569266e-02
-3.199840239956719956e-01
-3.759048004666604159e-02
4.254710266383635586e-01
3.083745630512890745e-01
-5.561690887741751466e-01
1.341723139538392395e+00
1.238464819734665517e-01
1.673586234362733682e+00
1.934175302319207645e-01
-2.345630298956124626e+00
-1.494555652840640958e+00
2.256753308326941154e-01
2.671468098159769933e-01
-1.065272273041053763e+00
7.113342969067659727e-02
5.765429451214594270e-01
1.022099553492344270e+00
2.343625458142881701e+00
-1.394367606646602642e-01
1.711822192089743178e+00
-6.875078745176543826e-01
2.374678937923714095e+00
1.174030196571874268e-01
-5.431917942345521055e-01
1.017643161057767198e+00
-1.104782920822635628e+00
-7.708265402122758125e-01
9.014092249463403483e-01
-1.108354835535026561e+00
3.968442280275999989e-01
5.797478042046575464e-01
-6.288329633918398054e-01
4.981524392814045687e-01
-1.326833289699732576e+00
-7.545506412150400077e-01
1.119325873612897038e+00
-6.643047136934314700e-01
7.979093122689923101e-01
1.299457312641261852e+00
-7.141856858671261632e-01
-1.266260896098873712e+00
-4.210230348301969294e-01
5.662092779653944419e-01
-4.104232338282638448e-01
9.963774072267023163e-01
2.572065010655386619e-01
1.135072662042619696e+00
5.956995097175813436e-01
-4.001946112372418152e-01
1.102275569771079766e+00
3.277498533885201848e+00
1.177593011072893381e+00
-2.697551404711689416e-01
-6.746491609322636807e-01
7.125625976008983509e-01
6.618439346873712381e-01
5.068801430346882020e-01
-3.640831256025148788e-01
1.077920930232570962e+00
-5.688830595304993354e-01
1.277160720749569656e+00
1.813572526795810491e+00
8.028684210039346847e-02
1.075199310665037267e+00
-8.621518811366424284e-01
8.469337809673567197e-01
2.792729263087611602e-01
1.419505923376814249e-01
-2.278968957664711859e+00
5.551676149713986597e-01
-2.963274856373868671e-01
5.812654579253441200e-01
-2.559211816593743860e-01
3.070463851161868707e-01
2.280897410872101960e-01
-3.474107667553589240e-01
3.066174750327186338e-01
-6.301724858793277262e-01
-6.417900495503642277e-01
-3.442867752939595682e-01
-6.907228688774242897e-01
5.330759295227184280e-01
8.394986130381242306e-01
1.074667810378891364e+00
8.184153769927782207e-01
-4.929899004634631932e-01
-2.990740623848994195e-01
8.098617266383988378e-01
6.911439486130163123e-01
1.083928978937208853e+00
2.705438906398466292e-01
-9.135022546054885617e-02
-2.525959463017935835e+00
1.537460555846891674e+00
7.060407657800106263e-01
-3.962528628298578326e-01
2.806955204586666142e+00
1.239265509855984382e+00
-2.477735784825098708e+00
-5.057715514763807541e-01
-9.208103667416098759e-01
3.500042640151259099e-01
1.163225807188397631e+00
1.652886139561432932e+00
-1.606437095543332763e-02
2.688175132401137701e-01
1.680979224046090126e+00
-7.811286606636005936e-02
7.308452009817583139e-01
-7.571551472243481795e-01
4.624803163663533945e-01
4.428580726836936488e-02
3.524553818283289730e-01
1.267236166484453586e+00
-3.732604940898272550e-01
8.452605718434982318e-01
6.644125317783047824e-02
-4.266232626692680885e-01
3.552522559451471995e-01
1.173332161606194468e+00
1.330132047782128124e+00
-4.291325999813245251e-01
-6.373729363532254499e-01
6.223235921669090231e-01
-9.241687759127907853e-01
7.283982543870891613e-01
2.039710926309985795e-01
-5.441032383090667057e-01
8.614569696099454443e-01
1.031815551597358827e+00
-7.859268421433324159e-01
2.633061280723598685e-01
7.043990187773667699e-01
5.673278287110157247e-01
2.577558426850129480e-01
3.251445690109835418e-01
-4.722890595501033628e-01
1.739778160196059631e-01
-2.454813122619274590e-01
3.044780219179007985e-01
1.928613294073562745e+00
8.572586215181626779e-01
-4.793647570062525842e-01
-1.014966789506774186e-01
-3.148050502590446498e-01
-1.074749971058435838e+00
-7.113009089504895854e-01
-1.653201120759978104e-01
1.222770401093183024e+00
1.513554560323044251e+00
6.030600946716141442e-01
-1.148579002474941380e+00
2.742340826774791393e-02
-3.413411897565266084e-01
-2.258014233423727424e-01
1.029754410639124096e+00
9.542202313894959653e-01
1.024101866918112558e+00
-4.396412904785774733e-01
-4.679044370960067645e-01
8.846498159717215426e-01
-1.745837621499832348e+00
-7.899089665701409801e-01
-2.323610850785231829e-01
1.847350042856519270e+00
9.640636643164418595e-01
2.610972534392999589e-01
1.281246479864898702e-01
-5.976468782664617896e-01
-1.607450678814999590e+00
1.332515154010801117e+00
4.545830720777896961e-01
-7.685311795174200322e-02
1.464810152780593733e-01
8.914450743563895330e-01
1.479533772923005419e-01
-1.287524016854117104e+00
-5.907886163406065316e-01
1.536476065173730532e-01
7.255571142883322500e-01
1.463410084012701506e-01
5.336855115029256469e-01
-1.238508904160916080e+00
5.716449722078716933e-01
-2.896910916716245454e-01
-5.181397907273681547e-01
-1.490884470018441488e-01
1.789877257735249971e+00
3.732408962526467255e-01
5.690358896593481486e-01
4.868065192266618491e-01
1.874955664731454474e+00
-1.007852641733785193e+00
2.870920398642995974e-01
1.038127264815104756e+00
6.350679719506269194e-01
-1.441960059469128419e-01
2.032430664982006474e-01
-1.159198268941547205e+00
-8.307241346278022576e-01
1.283417510743646961e+00
-9.070249036495950934e-01
-2.541985179565194874e-01
2.594384190794614575e+00
-1.266236511616882776e+00
-1.138825176076757817e+00
-1.611156015544487508e+00
-1.100795036775583879e+00
1.141847088607443328e-01
9.039269967557455043e-01
9.827372457164811337e-01
8.820217657026223623e-01
