-9.845930073063398069e-01
-5.096711528261886615e-02
7.331499793461784126e-03
-1.520387280513469655e-03
-1.601795800345962251e+00
3.016920546630016964e-01
-4.712042721301134551e-01
-8.285944503857640697e-01
-8.190979570156758927e-01
-1.061087390961664434e-01
-1.672824706189944388e+00
-1.862087540590456336e-01
3.457585244833574767e-01
4.289116075963604890e-01
-4.616075787236471051e-01
-1.702073326818425436e-01
3.631795368911289179e-01
-1.024416760406667404e+00
-1.304008328242775683e+00
-8.747278369813862309e-01
-1.378328792124700053e+00
-1.942986716108014988e+00
-3.751202279596270173e-01
1.120941759971062934e+00
-2.829601201554606593e+00
-1.328974555964679505e+00
-7.932203901728788198e-01
-3.524948358028212048e-01
-5.144743931584986329e-01
6.573962526299761411e-01
-8.555177075537854225e-01
-6.762640431478430525e-01
-3.073897913534268111e-01
7.344029026322006493e-01
9.697703421380193811e-01
-2.664975699237222440e+00
-3.463633371989318643e-01
-1.556114421865362418e+00
-1.128797490599541931e+00
3.353265321908081575e-01
-7.544964095493664202e-02
-1.345107184716198834e-01
-1.119077874641474679e+00
8.994982734979057870e-01
-1.228031358136253637e+00
-9.547766845711237738e-02
7.480846497696075348e-01
8.714244398346007170e-01
7.236499521260925105e-01
8.515301067563021409e-01
-3.964595490016685209e-01
3.338259960953900429e-01
-4.607967736033868889e-01
-5.791159017267125675e-01
9.489273130835512715e-01
-1.960194326605529724e+00
1.321387868648717490e+00
-1.816143712386525388e-01
-7.132158802887192950e-01
-8.089089326875985586e-01
7.174979146769707716e-01
5.793045663029693371e-01
3.829451355691765313e-02
-2.788489692771171313e+00
-4.860677128762793120e-01
-2.179516536205825972e+00
-6.265190928615879118e-01
-1.784235854490708872e+00
-5.711073895783359555e-01
4.555492882816998268e-01
2.031856256843805664e+00
-5.291096563700788957e-01
-9.922211014785159433e-01
-3.862171404159715077e-02
-1.150714847975967015e+00
5.672630195798535890e-01
1.604409730221363073e-01
-3.017360587484296253e-01
-2.133071063825415337e+00
1.250726356835580644e+00
3.748795053827449930e+00
2.113539807232751144e+00
-6.946927794509311083e-02
-1.009257116981575053e-01
1.829016076814331981e+00
-1.048042884816031473e+00
5.010410787455753523e-01
-7.114806097027138732e-01
9.182634713552506600e-01
2.111876973571008009e-01
-4.074039807789035517e-01
1.585409554261960841e+00
6.049352965990407727e-01
-2.448153558016423315e+00
-4.096318842785708347e-01
-5.859719576842984390e-01
1.033407916884641953e+00
-1.436057363739744019e+00
1.453406497106301209e+00
-8.703320838112553748e-01
5.451841393699892180e-01
-1.599051801714543419e+00
-9.483207657316129469e-01
8.479321282791606462e-01
-2.980001030137836016e-01
7.073066694641269025e-01
7.459866896162560268e-01
-3.965495886932788872e-01
-1.740306329178637590e+00
3.016920546630016964e-01
2.222562205275219860e+00
-6.200781117597752301e-01
5.572853743484730386e-03
3.091087076197827632e-01
-7.426784786266131810e-01
-2.628275188033455390e-01
-1.160405621235622409e+00
-3.155760078031090710e-01
5.494463423712655503e-01
-7.302019351493133081e-01
-7.348070392154513186e-01
-8.696942397891758159e-01
1.533797268979002704e+00
-2.403365544733359616e-01
-9.456147048665715094e-01
-1.060302266411260685e+00
2.514976552656708608e-01
1.010640204056743041e-01
1.133056857877884696e-02
-1.312494785320981405e+00
1.409278294814867716e-01
-7.455022925815018020e-01
-5.740032541923615339e-01
-1.676135532444165965e-01
-3.157748057046592949e-02
-5.449373115535714740e-02
9.009798850312341623e-01
-2.346834678033336008e+00
-1.511911299467387115e+00
-2.404960493111632236e-01
-7.019370146002190669e-01
-1.006247589420206756e+00
-5.403784088525095397e-01
-3.673875746079814375e-01
-5.316411724510454739e-01
-1.672608076906512364e+00
-1.840800716249048730e+00
-6.679465703710889268e-02
4.639335627347348501e-01
3.687127719545905125e-01
7.423420141141332529e-01
1.339279602824128501e+00
-3.574226881307980275e-01
8.208034327899094151e-01
-2.013411582976599057e+00
-2.632181685882967748e-01
-8.872062601662829007e-01
-4.121584232905300405e-01
3.763732162457620878e-01
-2.584159056374365271e+00
1.419920986271270946e+00
-3.660992636410986267e-01
2.369056498154617843e-02
1.427508142422715398e-01
9.112701079692052675e-01
7.516019861266531876e-01
-4.129267073056055309e-02
-6.308222133742560356e-01
-1.327276553739124232e+00
-9.825934517123456891e-01
-9.111203713265562110e-01
1.376336233674045451e+00
3.608713559960306516e-01
1.547927833789937369e+00
-9.090710189336380642e-01
-1.618164004307794057e+00
-1.017466196217517771e+00
1.139029110701536229e+00
8.358510500601051829e-01
-2.181647366804727817e+00
-1.496221925253686358e+00
-4.987677135441234699e-01
-1.041871669913444709e+00
-4.469481907186549363e-01
-3.566536048841552620e-01
1.175030272500047213e+00
5.433274041134270593e-01
-1.095872896453512491e-01
8.250912997718310438e-01
-4.071547958607140694e-01
-1.045940483119445652e+00
-3.346882558444117528e-01
-5.912008737847709305e-01
-3.860169563706161711e-01
1.049851442334522655e+00
3.805923706573670628e-01
-7.957395764349495249e-02
-1.424651860464920539e+00
5.933192511381613077e-02
-3.845179963566567882e-01
-5.436826042706274231e-01
3.653162003667327906e-01
-3.079537604364144809e-01
-9.763814172773940259e-01
1.068906422743065798e+00
1.418720993409310349e-01
-1.513041057073366280e-01
2.254086097402532851e-01
5.819262139783335508e-01
-1.732187274805428168e-01
1.558476099117518610e+00
1.455489054999213216e+00
-6.519742211091856809e-01
-2.788722617200313447e+00
6.427914404823704686e-01
2.509694212346245679e-01
8.616483130251718636e-01
9.510256246522394985e-01
-3.210492898271644080e-02
-9.815763725687884911e-01
-4.027056364201689331e-01
-7.799410140333647989e-01
-6.964503041567750297e-02
-1.441275187539017955e+00
2.084350801653694629e-01
-5.367144849976777099e-01
1.863044525887850300e+00
-7.441345822903996376e-01
-6.892359470446839387e-01
1.794531542357604259e+00
9.895516547131493201e-01
1.827583485114130157e+00
-6.533009762468086068e-01
-2.098452180665232536e+00
-2.152987145855673745e+00
8.042825826031216874e-01
-1.832312510832084351e+00
-6.948265182496450310e-01
9.148414632669603641e-01
3.715161716911997147e-01
-8.998169617205620252e-01
2.683827343964293455e+00
-1.361295615995515185e+00
-8.814330981767801720e-01
-1.458260276822148871e+00
6.158386960580642944e-01
-1.564377830819264625e+00
3.565991794991630881e-01
8.594146878969984027e-02
-1.140655366586549757e+00
-1.033091598798695498e+00
-1.242941057394781196e-01
-4.713131941563885596e-01
-1.899089567184061522e+00
-3.930912223494009150e-01
-5.304421524529732146e-01
-2.750569853839356926e-01
1.099807306670159968e-01
-1.666000078427347653e-01
-1.407693525192585116e-01
7.125265658233846944e-01
-2.181552987364710761e-01
8.092460412818163196e-01
-4.829806813252252584e-01
1.613619164703001596e+00
-1.210181404835684593e-01
3.601043012165320856e-01
4.535981251130467573e-01
-6.113791563777476457e-01
-4.689626322858744256e-01
2.279872384294845122e-01
4.869792680441603627e-01
3.297960387996892173e-01
8.562397826353160823e-01
1.822859287408376217e+00
3.628164801916065607e-01
-5.977744802644870958e-01
5.840310239854262786e-02
1.703178167890627703e+00
-2.035539302510337212e+00
-8.585286308197287442e-01
-3.262186257097051678e-01
2.122504548108644085e-01
-9.965303839354706650e-01
-6.172583807861106164e-01
1.137783244991017684e+00
3.983581700585923091e-01
4.311415147821329730e-01
2.265223671395422134e-01
1.885130911011667909e-01
-8.399299163210089958e-01
-1.568589690699607520e+00
-8.514382562253269837e-01
-4.617622549562361844e-01
-1.038715388427498887e+00
2.104226296331797030e+00
-1.928386433303057590e+00
-5.965853016334052850e-01
7.674962788558766791e-01
8.448912474771734793e-01
-1.016647469760548483e-01
3.262028761519350506e-01
6.386708039214646915e-01
9.020117102268031539e-01
-5.740786374950707094e-01
1.242238971595347241e+00
1.856805562959287226e-01
-3.462306363612914217e-01
5.729409539343588431e-01
-8.309426282984964107e-01
1.486393413174045830e-01
1.852184020768847361e+00
-3.615877475133455476e-02
1.274545443309192283e+00
1.354410165701699087e-01
-2.108076109270294207e+00
-1.081185208729311897e+00
-5.403147558956385987e-01
-8.881176842092154688e-02
2.740701442426726864e+00
-7.677109434540712041e-01
-7.208162943578895199e-01
-1.155495008690634373e+00
1.670975514218390190e+00
1.089862428518836301e+00
-3.499996462618221726e-01
9.644026766580817700e-01
5.607650087104998349e-01
4.388922013950598972e-02
5.006615224448405232e-01
2.027502691258110890e+00
-1.302478139052200445e+00
1.506537395271448698e+00
-5.380434602369280617e-01
-2.653011725079298611e+00
-7.698174019108500188e-01
3.345210374313607460e+00
-2.053673956852481997e-01
1.103464495390013456e+00
1.652717464650036994e-01
-1.214724745040006160e-01
-3.467829546558842679e-01
-1.746452492101947973e+00
2.826541903347383200e-01
5.472089517514874268e-01
2.380795433979742415e-01
5.641397915714572164e-01
5.805369631991675883e-01
-9.438085610150075411e-01
4.892433403459081065e-01
-7.967431278229472058e-01
-3.953872103260794302e-01
-1.153188601851152129e+00
5.080006349440435720e-01
4.783518312734795774e-01
4.107107992359396165e-01
1.026189204150118467e-01
1.510101592778698265e+00
-1.220496866180362128e+00
-3.649914850885092044e-01
-4.992102924463295843e-01
8.328567770640779022e-01
1.149890056961257567e+00
-2.410505276426944121e-01
-5.190463335550561386e-01
5.052173850434106273e-01
5.185535426365179834e-01
1.646227063539350111e+00
9.844241315219486310e-01
-1.259439632642985751e+00
1.389621781696321223e+00
-1.443427384017741122e-02
4.478771815946488433e-01
-1.293369144605179544e-01
-3.253707455600724635e-02
-6.706823521074425365e-01
-1.093582395690712472e+00
1.342892714473866045e+00
-7.138289964802148058e-01
2.145555555272995463e+00
-3.073799518445870516e-01
1.733065083240568516e+00
-1.529386081500353711e+00
-1.903911293723881681e-01
2.221528289103675391e+00
1.091064143608217879e-01
-5.456027494659936306e-01
1.509421008634701078e+00
-1.064252859570425924e+00
4.063816569957450220e-01
-2.197287587862008618e+00
-7.681753793462565705e-01
4.535121456567458437e-02
-7.606577917219785601e-01
1.641334351118248769e+00
1.627726829379129159e-01
2.743136233308486882e-01
2.678212539648086921e+00
9.107251856361703313e-01
9.031870281720087990e-01
-9.830527506226939272e-01
-1.523527352183864370e+00
-2.153534409708375216e-02
-1.047046775431301091e+00
-1.472661335417549733e+00
1.737488587913100513e-01
-1.446285185274451379e+00
-8.156793266309753099e-01
1.612770553509552451e+00
1.166209081341922138e+00
-3.632837118523709385e+00
7.128107531159378896e-01
7.617170337304121075e-01
-3.143523542034724061e-01
-3.082498356302000864e-01
1.756247773902057441e+00
-1.197184539500303790e+00
-6.778143965837561957e-01
1.131631274461471826e+00
-2.699933919483077815e+00
-1.616892795438320096e+00
-3.080928785645103973e-01
1.360342538631889031e+00
-1.655670802192157898e-02
-1.947572886850188700e+00
-4.601850980409963876e-01
1.328843022508927607e-01
-2.315668893405945505e-01
-1.512353116919255225e+00
-5.194707058980458508e-02
-5.383282943291043399e-01
1.458180666205217690e-01
5.353062018957812640e-01
-9.175258900851182009e-01
-1.165629798958193852e+00
1.634315962816446643e-01
