6.723815916787256874e-02
1.647347544889909754e+00
6.859573022019490596e-01
1.691463218384809952e+00
-2.029597289918530389e+00
1.572958724382067242e-01
1.444548898382797875e+00
-1.120079232327202412e+00
3.046988048815792993e-01
5.635821076975471300e-01
-1.655409201641078409e+00
1.602912599725395404e-01
-6.153890494152544077e-01
-1.468604466774679762e-01
-2.183923337609940507e+00
3.493134017133587843e-01
-7.158393970977131038e-02
6.519310434213396732e-01
5.081818217113154290e-01
-1.014893375007563048e+00
-8.350654142846792860e-01
-1.681565149481569987e+00
-2.601193491818110104e-01
1.806100609571021032e+00
1.927538477014523188e-01
-3.306037226045371313e-01
1.057771044310292563e+00
-1.460949536153563155e+00
1.792500392125952136e+00
-1.549496331781291536e+00
-4.935895349326874237e-01
-5.267496831584081995e-01
-2.136008298328333055e+00
-1.482946653543238735e+00
2.541315167215170145e-01
-6.521515652146888664e-01
2.968778855079843293e+00
3.122228368963730905e-01
2.364203005638141342e-01
1.816484714892097729e+00
-3.217919087300443737e-01
-1.429215081568024626e-01
-2.467532448081442009e-01
1.939571852046457490e-01
7.213834224076200174e-02
-5.914212653408423837e-02
5.938210997434747312e-02
-2.618147640129344089e-01
2.857793687363288093e-01
6.494803428945065127e-01
-1.341056620547338429e+00
-8.025251380773482796e-03
6.902670293708554894e-01
-7.812002665982048510e-02
2.712692306298793501e-02
-1.937191183026983898e-01
2.685504019363565309e+00
-4.869770558434649566e-02
2.059364920449490155e-01
-1.272539877595364022e+00
5.365565849878424221e-01
8.924007700973417556e-01
2.082013344443710334e+00
-4.385365862694888262e-01
1.052710897535220846e+00
7.827200301287023931e-01
-3.988805149955564761e-02
-1.099495294084871011e+00
-3.438484469840490387e+00
3.004196056811080373e-01
-1.960263101942410491e-01
-1.813437389751129558e+00
-9.013917668144536544e-01
1.341065981393202988e-01
-4.567299917384283203e-01
-4.077747965171094058e-01
6.228235890215133574e-01
-1.521519661867673623e+00
-3.237614677430455945e-01
7.980994951377128332e-01
6.122948480807714061e-02
8.055830079548077505e-01
3.239920675707567699e-01
8.082047535686683881e-01
7.079764346552602783e-01
2.743733008824904562e-01
-2.074344647628025839e+00
-5.704431107719188931e-01
1.070479256057093931e+00
4.177287708175538850e-01
6.112340129408168066e-01
3.257564088023374160e-01
2.140247885113152615e-01
-9.704914141183439424e-01
-5.570754651150070513e-01
-1.395200850390909242e+00
9.661456276167347257e-01
-1.316435076275692895e+00
7.719298994783788670e-01
-1.372849884814927757e+00
-1.245884895253391633e+00
-5.911594305443229613e-01
7.321805282743687471e-01
8.784751169293313344e-01
4.628752075964094881e-01
-1.567172489848483341e+00
-1.017211696185744030e+00
-7.109697883327549539e-02
-4.641086553476307941e-01
-7.538323742187647003e-01
6.479663479909603119e-01
-1.185006676405997439e+00
-7.230781957984075969e-01
1.330608893204637155e+00
-1.849800432914627257e-01
7.913828253483129460e-01
5.306632062915133119e-01
5.367138795401734525e-02
-5.895431559109346464e-01
-2.076937870817939236e-01
-1.041733370956862359e+00
-1.388425566845543913e-01
-2.441086853161277548e-01
6.608212375203076361e-01
-3.508097296347132410e-01
-1.793250774534900227e+00
-1.067354906246979596e+00
4.608917306705960226e-01
6.734759223308878218e-01
7.422298151830756252e-01
1.382584091982946850e-01
1.176563138871120184e+00
1.081230437790667409e+00
-2.716241447494296857e+00
7.978956330172550793e-01
-4.530854864662624548e-01
9.759381393789516579e-02
7.042288222540544762e-01
-2.351213043975508565e+00
-1.619344341911810981e+00
4.293281160413612296e-01
-5.173342765542159327e-01
-3.212509112124403154e-01
6.014424001203395598e-01
9.706087293927232462e-01
-2.089103155202417739e+00
-3.658990871658999167e-01
5.486336367933773994e-01
-5.948791906483186231e-01
-3.995572386333196557e-01
-1.117412852471854734e+00
-5.411669235260843092e-01
8.646903552810349114e-02
-1.022957186075848790e-01
-8.946198217018914989e-02
5.449408802820862041e-01
-2.694297843955860139e-01
4.214611430421733584e-01
1.305217926428918485e-01
-1.261574400460672596e+00
5.832338796242281242e-01
-1.695169677239183326e+00
-2.686955884033069619e+00
5.614041920075399372e-02
-3.825022727344847273e-01
-1.637857254442871002e-01
-1.033001716814405446e+00
-1.270284772467674905e+00
8.103391757466057443e-01
-5.764562269975328501e-01
-9.396025000102579128e-01
1.405244029841078213e+00
4.172864576506365442e-01
-3.651928898938546775e-01
-3.835797402748634677e-01
-7.847169300470986375e-01
9.843871774474666214e-01
2.454574486129678657e-01
9.959301855226796452e-01
-1.797133521348786012e+00
-3.167930422257244638e-01
-3.812029877040523096e-01
-1.067914151984342475e+00
-8.314240042222214022e-01
-1.837024886115458333e+00
4.484596176381089316e-01
-2.998811994619608456e-01
-2.920514840394494716e-01
1.259317882124001420e-01
9.025541834847997658e-01
1.241288784980432158e-01
-1.405817007985447550e-02
5.417870467217977826e-02
-1.730540843488798941e-01
6.819743701117136903e-01
-2.717419715135059866e-01
-5.109985701883860976e-02
1.703517472545389211e+00
1.763152724578456731e-01
1.820615413857135767e+00
-4.749732513031844072e-01
-1.547992440664051617e-01
-1.781403230027232276e-01
-6.546138972601757144e-01
-2.174511509501410256e+00
4.284909416754053013e-01
3.118883893482984337e-01
3.496976420790075535e-01
8.451196785435534098e-01
-1.118855189567760977e+00
8.799300875631729246e-01
2.111666262264395133e+00
3.700023015009453187e-01
-8.685144030147326499e-02
2.865446854814715505e-01
2.850136446281660296e-01
-1.543925991325674651e+00
7.077964704763555215e-01
-4.499459478159733572e-01
-1.798586883451938068e-01
-2.555919412647448818e-01
1.341543745996577996e+00
8.231936802088344329e-01
-7.813598393771596928e-01
4.773846486402130718e-01
1.942963472230409550e-01
7.299084438075030823e-01
-4.164942999559703707e-01
-8.824422133537866975e-01
-9.009944986175022485e-01
4.334656945678268536e-01
7.852170917024252628e-01
1.766187422984106137e+00
-2.034584878097143168e+00
2.098228915250743842e+00
-4.414674473269346588e-01
6.526016059133967762e-01
-4.544864431364655823e-03
1.197160175461881915e+00
-4.055322527190102222e-01
-4.439660136213166020e-01
-3.080696007279202231e-01
-3.605630062402030434e-01
3.284550468078559771e-01
-6.185146401108172487e-01
5.234277851054303099e-01
2.092942483570039980e-01
6.562965797447822824e-01
8.046843307331409401e-01
-2.861556997185701889e-01
6.294767290045111263e-01
-7.260024087289297379e-01
9.445339017853040531e-01
3.303916770429806138e-01
5.923246463956868268e-01
1.299811954548097948e-01
8.071105675631501386e-01
-2.617194261800775301e+00
-1.478223701888621289e+00
1.171626126074100327e+00
3.473803975159494573e-01
1.150854555444966287e+00
7.004194056720057793e-01
1.199622877942416066e+00
1.108605989164550797e-02
2.066647222936713324e-01
-5.850765095340276778e-02
-8.754613457434193280e-02
1.569457330110102522e-01
-3.352376759261980199e-01
1.460206354527817441e+00
-5.613511162902273810e-02
9.626859847814439597e-01
1.134839410150633832e+00
1.454568000046646770e+00
1.233417043569998012e-01
-5.760032348055963564e-02
1.017687676686981124e+00
1.011148911880311196e+00
6.899438785181007949e-01
1.097023347025899292e-01
-3.575466222185566534e-01
2.094252170752568809e-01
7.073751700073624971e-01
-1.873526396940458916e-01
-4.469434407281679122e-02
-3.117160951128175594e-01
4.154826957667563658e-02
-3.600778478223523038e-01
1.612357820360503236e-01
-6.889943561150056739e-02
3.712388900349612025e-02
-5.896177712362470347e-01
5.301874304721425624e-01
-4.093929570745207247e-01
8.992241029051153411e-01
-2.938661257788435788e-01
3.258583132112713443e-01
-8.640900007841730845e-01
1.770264386568306314e+00
-8.195186016761624170e-01
1.200765974036548805e-01
-8.731442674602321041e-01
8.855991418264744786e-01
-5.969935136950613730e-01
-3.781773014306542557e-01
-5.968225319118969363e-01
-7.358216441826476162e-01
-8.063530060305894587e-01
-9.991615628712019470e-01
-1.355602667443494891e+00
1.679811114123944016e+00
-9.398808058792421649e-01
2.998170516866879076e+00
-7.521461243850053879e-01
-2.834056374934439404e-01
4.304886904310051277e-02
1.947702512290700599e-02
4.200757169463363305e-01
-5.521305580974670280e-01
1.783629362142124863e+00
2.716803509135993777e-01
-3.848374530522249426e-01
1.320059255395141518e-01
-5.304255406753253244e-01
8.485034727475574412e-01
6.949530071011436050e-01
1.952913552490566085e+00
-1.673254087641639631e-01
-1.301615890172153955e+00
2.176460600540252102e-02
-1.082909948190743599e+00
1.357038241463552897e+00
8.884876025935045663e-01
-5.063895279299553964e-01
4.022786241429082699e-01
-1.629973460470903079e+00
-4.131694674376488324e-02
6.655466994462422292e-01
7.960854135071456783e-01
4.170154311703656580e-01
6.685908762852946774e-01
1.312439758356080677e-01
1.227023121780582482e+00
1.966341002531147852e-01
8.849191882934352993e-01
2.034773324440304065e-01
1.744809630087668650e-01
-1.045944377434642858e+00
-9.705878896543514989e-01
4.444997228404235501e-01
-9.056335757414176735e-01
7.387317188384090461e-01
-1.440543834459306227e+00
4.275431281959048313e+00
-2.526616841974487215e-01
2.439720589009685359e+00
-8.868478873817771113e-01
-3.331856424831847741e-01
-1.648065852657506491e+00
-5.493810931382684098e-04
1.916169220317666677e-01
-1.793080980376902944e-01
6.833252335571293745e-01
-7.310062120474815073e-01
3.867110230172838836e-01
-1.045041960346484444e+00
1.758803328685627942e+00
9.601482123608886532e-01
-1.151739701421306883e+00
-2.066324930324718590e-01
-2.900548012774690695e-02
-1.139533813014184993e+00
-2.704439400831831208e-01
5.459010189990979450e-02
4.432046555455431691e-01
9.417135489986463992e-02
2.601831494135283807e-01
-5.369686964749720293e-01
5.814166697529077332e-01
-2.053845800628089358e-01
9.759381393789516579e-02
-9.554625898465102241e-01
-5.052072534725239317e-01
-1.799284185036221784e-01
-1.414351896534367770e+00
1.308603489595109616e-02
-1.165411837853865817e+00
5.953157800147527157e-01
1.555486609284154886e-01
4.988348939264826698e-01
-7.392617684347108087e-02
4.892334063078195849e-01
6.726733503285735605e-01
1.915792067510319330e-01
-8.121534780160850620e-01
-1.090334268723637923e+00
-1.418601961915489706e+00
1.632700446260484106e-01
-5.603934070067583262e-01
-7.930983357851058013e-01
3.198733866540369175e-01
-3.921749456366682013e-02
5.584956407143872870e-01
2.870610448450126029e-01
1.444424947900522671e+00
6.529342610534342173e-01
-1.888833529408597695e-02
-5.413786894074862355e-01
-1.241686576631740868e+00
1.322677070266441879e+00
-5.159554401268092727e-01
-1.619207961929230777e+00
5.703600003775917138e-01
-3.741329946045831578e-01
1.541762675239778391e-01
-1.963966295150725294e+00
2.645922249882842747e-01
1.718491947569122269e+00
-1.570184965736836080e+00
-2.136608419054616403e-01
4.893930216875962969e-01
4.266325682108903367e-02
-5.867846320742111654e-01
-1.143489742652895567e-02
-4.648058617980034835e-01
3.652124347475684263e-01
1.235152888750029154e+00
5.876672854263953472e-01
-7.214314275000222043e-01
1.111766893994187821e+00
-1.318914837266662587e-01
-3.965467711256907002e-01
-3.422752534639433852e-01
-3.687352519295337694e-01
1.096016921986475295e-01
