-3.116638953963175862e-02
-9.959791820201015222e-02
1.963853575444289568e-01
2.007386255464872260e+00
-3.331404843739602661e+00
-3.000094910732286069e-01
9.394605820708271660e-01
-1.127270521220487431e+00
-1.508461587455539321e-01
-4.975838229665929258e-01
-4.964947917797631338e-01
6.894536435765971083e-01
9.122490452774542069e-01
3.849605441815945883e-01
-2.891141052440794335e-01
7.203075895651626925e-02
-1.808204882639658645e-02
2.163799397072529995e+00
5.400051059641525208e-01
2.308194489785582101e-02
-1.025933881756319055e+00
-1.217717929057421378e+00
-9.351632781092109603e-01
3.606431820434062852e-01
8.667564249791651632e-01
-8.202529695731104464e-01
6.387010253928815384e-01
-6.810817034544481841e-01
9.862701073881771086e-01
-2.038461361870488875e-01
-1.259901412638302354e+00
-4.978610243086394882e-01
-1.472678610842267144e+00
-1.416578566970637387e-01
-3.102488552061649085e-01
-8.279304998157567264e-01
1.765314779829774583e+00
4.869946579171045009e-01
-9.942599134813500106e-01
1.507337257978222489e+00
9.479786132321211811e-01
-2.816986043380190763e-01
-1.086830845416057872e-01
-3.665871077135329226e-01
1.369688235341617599e-01
-5.392110983583183748e-01
2.632618573884124014e-01
1.170123013437403880e+00
-1.086272882366467130e+00
-1.306319325255119068e+00
-8.643136965508856351e-01
1.010128264405486753e+00
7.754590846566402629e-01
2.582249835831041396e-01
6.217145674381994169e-01
-1.662568661102067802e+00
2.148790001743985822e+00
7.462654294185507020e-02
-7.690312883116780240e-02
-1.334149268086471052e+00
-2.959163549415418926e-01
1.586094913246809401e+00
9.616842896105326499e-01
-4.423061768212598333e-01
8.669415847236146000e-01
1.374276429188189486e+00
-1.430483253478197214e-01
-3.283675943347308390e-01
-1.925576373663198559e+00
-1.302356647962205349e-01
6.558525651180369120e-01
-2.673905588348702844e-01
-1.104396262408649854e+00
-3.476069939552691723e-01
-4.319618708310518640e-02
2.755956138328455318e-01
6.041276216251333375e-01
-2.707776149363462004e+00
-1.197948022925004186e-01
1.601021354379669859e+00
-6.615059372863074660e-01
1.369006268392035430e+00
2.227119722291320547e-01
8.537621523727679795e-01
1.083730400149115702e+00
-1.832744127018777647e+00
-2.105678516683904711e+00
-7.984741372762518274e-01
1.020823561344799124e+00
5.889437776954185022e-01
-6.292427117711857365e-02
-2.754923053320262327e-01
-1.029861915271855499e-01
-7.558784975210939283e-01
-9.964719135905943936e-01
-1.287591453807668929e+00
4.932158624454675566e-01
-8.249012070266306118e-01
1.565249476806313433e+00
-1.245827327368202564e+00
-7.641048075353086277e-01
-1.430347216066788496e+00
1.104727744288932501e+00
-9.463304254588162934e-01
6.607096075057228290e-01
-1.378614871042091461e-01
-2.240415929888549817e-01
3.596749052654806267e-01
9.212809794493096449e-01
1.133054475609077238e+00
1.272388661925909714e+00
-3.665233549751127362e-01
-1.600866503504076721e-01
-2.068552948472465736e-01
1.577574398574810965e+00
-1.102111754172162561e+00
-4.084920009372133842e-02
-3.712268739639541515e-01
-1.701252968964945822e+00
-8.101109449515180305e-01
-1.058268673057243703e+00
-1.607462845762207104e+00
-1.974694764012890236e+00
2.444839662141780889e-01
-6.008627560153045888e-01
-2.033194607956877231e+00
-4.385992236586266912e-01
6.474046500140748783e-01
1.628068811258899018e+00
1.102209171897833073e+00
1.048614573663871452e+00
2.909110077016483942e+00
3.060460827795541405e-01
-7.933354016758011884e-01
4.114331458173186573e-01
3.595561607232253265e-01
-6.905269286109227966e-01
1.231575321282349922e+00
-2.265389382620152769e+00
-1.070283602554969044e-01
7.551198414835241790e-01
-3.235912566687984548e-01
-1.525788809373231691e+00
-2.590545481348148771e-01
-5.132459520642609352e-01
-3.387338002560548844e+00
3.256082704300621300e-01
1.001567940982147409e+00
-7.286552283276337416e-01
-2.839526846787439052e-01
-2.283515182894452433e+00
9.487512951332670585e-01
-4.766414938668358386e-02
3.597796667211295429e-01
-5.808732557452495060e-01
1.338641229179311498e+00
6.613513016281794554e-01
1.017122470402519532e-02
-8.498008837744072119e-01
-6.310838115722593455e-01
-1.750354509926216329e+00
-2.882557788154151979e-01
-8.779477494506796598e-01
-4.441457459898653926e-01
-6.301957890403115936e-01
3.026456263950663139e-01
-6.692670132164434404e-01
-7.613459453483328865e-01
3.439994796187686305e-02
-6.377878001765908689e-01
-3.803143034522651900e-01
1.887490797636546036e+00
4.077999285470253893e-02
-6.036828969327966421e-01
-3.077561643730929442e-01
-9.954109527860202089e-01
6.536490182162657536e-02
5.395038811925133571e-01
9.518044396678277952e-01
1.303652006049342615e+00
3.888567428246538227e-01
-4.376876117188226167e-02
-9.364280988667817995e-01
-5.422204864454882589e-01
-1.545408380896458322e-01
9.652153400300317321e-01
-1.258993376402158582e+00
-1.681698761549578203e-01
3.254501368783975224e-01
7.072937879707643649e-01
3.601083757924410933e-01
-5.327104329200185173e-01
-9.050736919107808809e-02
1.611973378256482459e+00
5.265191963940015762e-01
1.846100396463956905e-01
1.754856853411768780e+00
8.252979045379013057e-01
-5.485385848368385941e-01
1.132671781570739666e+00
-1.323808518322195926e+00
3.879701153694115057e-01
-5.860816033712139550e-01
-5.705729412903767228e-01
-1.716867687189880698e+00
2.596646294046996428e-01
8.879071164096130619e-02
7.946050273683287202e-01
3.575924763467556167e-01
6.597579942551387022e-01
1.727906456765181953e-01
7.226374011735966496e-01
-2.820381673782546006e-01
1.247069370521881604e+00
-7.672310240803409398e-02
1.180474079142146859e+00
-6.190102212558714623e-01
3.095969733685862701e-01
1.744648717550191686e+00
-3.771422447429464975e-01
-4.514808365253855094e-01
1.439195917945568226e+00
6.640229251849334435e-01
-4.206145374133639092e-01
-1.622195341840334051e-02
9.243258982642987842e-01
4.736688398303482567e-02
-5.001303904316902749e-01
-1.717206981626895557e+00
2.487899968641719139e-01
6.453907568659853489e-01
1.322429708285672023e-01
7.838508925631753055e-01
-1.167844365051500466e+00
1.990551697285238564e-01
-7.259880104869672612e-01
-3.310624900725484543e-01
-1.457232064611585498e+00
1.033464877836121731e+00
-2.312510074207465016e-01
2.521607689259920404e-01
7.788806855168510512e-02
-4.218717862456364265e-01
-1.135660959907528245e+00
-5.065238821356164989e-01
1.297356741746236442e-01
-6.298933289393305879e-01
1.076425025587596007e+00
-4.815174127949379407e-02
-6.283748569415350538e-01
-1.070082339880606970e-01
-3.653195939653834934e-01
1.438131510565132887e+00
-8.952333078309729908e-01
5.009542532535663645e-02
9.374339456812479376e-01
5.643547671430318990e-01
-8.118280228509561214e-01
-5.981408045732603540e-01
-1.030171997863344041e-01
-1.998455606563092138e-02
-1.076170436105896439e-01
8.805133460720956373e-01
1.139323872031943741e-01
-6.016252015174747836e-01
-1.281069145748720661e+00
5.678395086138905423e-01
4.525623868381452586e-01
-7.591320471288071081e-02
-1.006514591496318056e+00
2.458777392486285240e+00
-5.484694576022666190e-01
-5.751261867290152763e-01
3.985506714921073779e-01
1.026787701670311082e+00
2.037437442919999508e+00
-1.415688358258325175e-01
8.289569466125531472e-01
1.439572830039950180e-01
3.108001719918435657e-01
7.587913957252705455e-01
-6.145902368473782351e-01
1.412122088076421256e-01
-9.983698459165883665e-02
-1.314498276144726030e-01
6.790131905072187557e-01
-4.154371315647457652e-01
4.587572198303736526e-01
-8.697608586271236009e-01
-3.038734282261065234e-01
-2.008780381403924287e-01
-1.024924218547549115e+00
-1.137262703550236731e+00
-7.429309132984686891e-03
-8.451629854917780404e-01
-3.221242375179346196e-01
3.453998974953055301e-01
3.948530073801119755e-01
-2.471618575213206714e+00
-6.225246369861461293e-01
-8.910599744984564197e-01
-1.897816337209846660e-01
-2.450432731637892936e-01
1.278117573691663622e-01
-6.060540563509564382e-01
6.720510849186343005e-01
3.568824012632367260e-01
-4.174676842897884210e-02
9.398348851292957773e-02
-5.061728346866412043e-01
9.607214925803413130e-02
1.880702433632415849e+00
-1.678476535725662855e-01
1.928430166731250894e+00
-3.071032882596824165e-01
2.185036231892481529e-01
-1.105771585840989779e+00
-9.859541831114077004e-01
-5.380163145532738111e-01
1.546281355400498825e+00
8.817372040577298176e-01
9.770262053581150186e-01
-4.148671303689931977e-01
-3.864542558992024868e-02
-6.996029466843033395e-01
1.656210550617075727e-01
1.817430404331537241e+00
2.793643408170367159e+00
-5.122679540350234539e-01
-1.150651709915410797e-01
7.840405017762003270e-01
-6.986015142887224139e-01
4.117722561090267352e-01
-2.667516868224255044e-01
1.147446748899610514e+00
6.289162489416729729e-01
9.820531593443783125e-01
-1.040319983379898172e+00
5.915133401852912254e-01
-5.093635772346113422e-01
-1.758423104366196033e-01
-1.028842788769190192e-02
3.052056799433544021e-01
1.030749893537997453e-01
-4.900300484595907502e-01
-6.480854446237325206e-01
-7.458403054933255838e-01
-2.961521056204083902e-01
-1.376872694296150001e+00
3.426327454446273513e-01
2.852323265225532589e-01
-1.373356108451911084e-01
-1.987234846437823665e-01
-4.402103790958723506e-01
4.890934472270163091e-01
-4.496563936910745740e-01
9.743593529682129661e-01
3.311227743365830478e-01
5.915192898554271217e-01
-1.801139885482036240e-01
3.290618388784383730e-01
-9.522302861378593997e-02
4.851045369927695639e-01
-1.368092835531197482e-01
7.487184008847978800e-02
-1.039779667550584596e+00
-1.279424247384868485e+00
1.157515324630501219e+00
1.968308790461377189e-01
-6.649171562362450327e-01
-8.017109000304880606e-01
6.483607486822496879e-01
7.133238375716635105e-01
2.652957143961855446e-01
2.134710147989237861e+00
-1.051919082621808998e+00
-7.854118347288207014e-01
4.747779886626503631e-01
-7.652251155311365904e-01
1.210200382435924427e+00
-2.438548171651496455e-01
1.183238743572864182e+00
-3.001722101343130555e-01
-2.068780577808172760e-01
-3.625005191393431137e-01
-1.175837773116735097e+00
6.603390821540280897e-03
-3.950800220908625149e-01
2.891783939526058611e-01
2.797547884057688949e-01
3.893070229682445427e-01
-1.925979021922321621e-01
2.989331622493110463e-01
-1.325611230241207528e+00
1.792904382594057988e-01
5.515887973381549125e-01
-5.367843672230152574e-01
-7.604357570444879588e-01
1.149516622426102336e-01
-4.174846153807269533e-01
-6.164631367444568522e-01
1.398291720024155693e-01
7.226374011735966496e-01
-2.002935534612584334e+00
-5.569340710446133436e-01
6.572453718396789046e-01
8.025434258964188050e-01
-5.523022775355964642e-01
-3.693739328343292883e-01
-3.463785127204865866e-01
-3.641330540905181046e-01
1.441053170141223694e+00
-6.112970488015309067e-01
4.753098938087658709e-01
7.313450669659794789e-02
2.263536442805252555e-02
-6.157487742404901265e-01
3.358763464146308220e-01
1.026394260621075416e+00
-1.306715131158796783e+00
4.888083365654730117e-01
1.493619615602874984e-01
4.565585489785783935e-01
-1.986181943124744886e-01
1.283872348107846451e+00
-5.272655674122928016e-01
-7.942853236249958204e-01
3.090185733341489716e+00
7.431372185474013348e-01
2.415319828331591867e-01
5.187321533215880631e-01
1.360649970018479871e-01
-2.274688859274598962e-01
-9.053381544308146678e-01
-1.105269305125550217e+00
5.014384788544874461e-01
