-8.175880358609296517e-01
-2.839302379577173796e-01
-5.574531851378896480e-02
-1.730503041599076308e+00
4.818915110314611061e-01
-1.051258468511099053e+00
-2.905309135250349062e-01
3.778706132519865646e-01
1.181896528330337093e+00
-1.640797518383623643e+00
-3.548601124833771769e-01
2.097279666549868582e-02
5.298030667020198203e-01
2.033718166062987720e+00
1.595771665550855811e+00
-8.134819570569714609e-01
-9.087727982269891980e-01
-5.441640644708384961e-02
-2.826075645954694071e+00
-1.730825389973491335e+00
1.058887361801867710e+00
-1.839324142592997369e+00
-1.698821114221280570e-01
-1.078523007928425675e-01
-1.499430567200741582e-01
-9.269153769258920983e-01
-3.317573643467805478e-01
8.555371356658197923e-01
9.476784747408040221e-01
7.788222458597781062e-01
9.445569815540352243e-01
-2.002781653453611810e+00
3.602699673699301108e-01
8.755479312555820570e-01
3.175157047650294939e-01
-1.417173950628782153e+00
3.982930586094784453e-01
-3.850456604129804949e-01
-1.179913968419771253e+00
1.203901353323655554e+00
-1.302625284040481279e+00
-4.138016343622048093e-02
-8.085717700741258396e-01
2.294559143815439739e-01
-2.991497055049326392e-01
4.657770095263989441e-01
-4.496677648648507719e-01
1.562246932179267800e+00
-5.112019696564572557e-01
-2.319280844074314452e+00
-2.266727025885493685e+00
1.221795488301792521e+00
9.004793325166342566e-01
-9.418748931807455760e-01
8.737425526852393709e-01
-1.435264559719829025e+00
1.159627220584010354e+00
-1.521070074683040119e+00
6.034635959042303766e-01
-1.258293396605663750e+00
-5.855161751486346461e-02
-9.054913205214669691e-01
-1.262054528207104953e+00
8.557380487024048854e-01
3.084215745078100923e+00
8.858816379932297203e-01
8.059841659541888692e-02
-6.717353049900369744e-01
-6.259782708620335034e-01
-6.186814815419605651e-01
2.782839249759962441e-01
-2.502488555214516519e-01
-4.247954993562531589e-01
-2.923889770295856269e-02
-1.000765469691446530e+00
1.565188827295152796e-01
4.572676504197265013e-02
-4.575957080859338055e-01
7.205821630476560991e-01
1.552037874260483230e+00
9.028283471296270069e-01
-3.125322801016425234e-02
9.369402336898142725e-01
5.784433697087766335e-01
1.108455016826211281e+00
-1.785150608980924369e+00
-5.500817487835757413e-01
-1.283433451105120859e+00
1.679807089780230855e+00
8.762440496381007637e-01
-2.470370687132336374e-01
5.464579253190339214e-01
5.277889323081190742e-01
7.726208676621821869e-01
1.189142316546485389e+00
-6.600983417760117877e-01
4.608970161902810059e-01
-9.926213922831355063e-01
2.269563403444484262e+00
-1.590070531234119677e+00
-1.402645312131198585e+00
7.767247393454275797e-03
-9.767858231915566014e-01
-1.314571033589644999e+00
-2.844707568382228713e-01
-1.445842919838082885e-01
-1.554943889338137764e+00
6.823602272969844229e-01
6.114661553518173642e-01
-1.637710576865960999e+00
-9.467538628610424611e-01
-6.977619864753688006e-01
-1.038613753635048986e-01
-8.504885467769682794e-01
7.458493629537082947e-01
2.571230426790348522e-01
2.452533414006023982e-01
-8.122639590772626761e-01
-1.159863535444393690e-01
-4.872628306171088997e-01
8.659764010662912570e-02
-1.946537812494932407e+00
-1.518185410616979258e-01
2.095816255251179427e+00
1.829929708145995038e-01
-6.114287756162759546e-01
-4.473927417073493285e-01
1.823814877345099728e+00
1.529842388179411872e+00
1.025886592976914757e+00
-1.130117370230278029e+00
-7.556208041222050031e-01
1.072795863811486061e+00
3.128316529050191086e+00
1.418206442647851118e+00
7.136462162125266628e-01
-1.053620683115433637e-01
-6.481537465310095447e-01
-1.448541984568181062e+00
9.452333009583491208e-01
-5.129620196217548056e-01
1.393706601195967787e+00
-1.921012853592651615e+00
-4.917639427030712912e-02
-1.081682225776885442e+00
3.935783504499041352e-01
-1.935547848825724726e+00
9.849997107655214523e-02
-4.481275538479689291e-01
-4.447743101086216178e-01
-8.256915357741919648e-01
-1.898024172401487464e+00
-2.685889345763602387e-01
-2.472735098888759753e-01
-1.819770737327797594e+00
3.177634268076587887e-01
7.178095444845840056e-01
9.585530828190443886e-01
-4.699575131567031994e-01
-6.989402795921400013e-01
2.901034072725336088e+00
1.321553449362640464e-01
-2.517758655902787357e+00
-1.632850335773808448e+00
8.634103216375184076e-01
-3.348249662389297110e-01
-7.253793081913848528e-01
8.091272311828758834e-01
3.795511908629171649e-01
2.560952930023576712e-01
5.973451230372821552e-01
2.757490468647915138e-01
3.720642877728869147e-01
9.448680535528791724e-01
-5.413724949465876790e-01
-1.218671544228739911e+00
-3.261445467527883668e-01
3.836796227928550573e-01
1.575052467429949088e+00
2.436873612338863460e-01
7.010621151937668216e-02
-1.109659583864820442e-01
-2.474239670081838649e-01
-9.731571831862995126e-01
-1.203062670976893234e+00
1.931262958883319669e+00
-7.550214301641026138e-01
-3.171804012188748079e-01
-3.529420794690468766e-01
8.967185616505683743e-02
1.927756256483107444e+00
-9.828411143930855243e-01
1.220323018966750807e-02
-1.324588894290009922e+00
-1.373578087226155597e+00
-1.470659439323919182e-01
-1.546881153315786579e-02
2.791851697125678378e+00
-3.879314639806658027e-01
2.081848014588640439e+00
-2.394130354361887203e-01
-4.373889652495361324e-01
-3.202994282831606032e-01
5.726848534773252286e-01
-2.018598556811277422e-01
2.012714656501093824e+00
7.676868256280089398e-01
1.192389808463307332e+00
2.281248150742938297e+00
4.604417996206272012e-01
-6.269818243327386353e-01
6.819669541995529993e-01
-1.446860221051520512e-01
-8.233692917269574973e-01
-3.579936191882260310e-02
8.367020758024564797e-01
-3.280038704908286862e-01
1.644878861246600599e-01
5.963280526091363498e-01
-7.743534970706884568e-01
3.224414040086923672e-01
2.406117145947846314e+00
1.073076143121657555e+00
1.356991081617363870e-01
4.798271049309419389e-01
1.088018930470677548e+00
-1.166754874528124430e+00
1.431639614739600663e+00
-1.494386176402505484e+00
3.478267951114238921e-01
7.896224693246073345e-01
1.129620712796466364e+00
5.365799636318764332e-01
-2.096137223192478416e+00
1.002097849784086003e+00
-1.676232299450153951e+00
-6.332361302403860526e-01
1.303611394202744134e-01
7.698064276218035129e-01
-6.484464601900296055e-01
-9.801406468914906078e-01
1.472173991739738286e+00
-2.474381152618119195e-01
-1.147229721227904564e+00
-9.978885978147652436e-01
5.286542567453700325e-01
-1.528966236449492144e-01
-1.302031544666423679e+00
1.024537980003814852e-01
-1.111445144192513057e+00
-1.291779458222866550e+00
4.689531135643810744e-01
1.067196787347275411e+00
-3.312722340806268928e-01
3.385054762829881742e-02
-3.291858200520197397e-01
1.165330253887364664e+00
-2.411177855761649447e+00
1.025387705305215835e+00
-2.877999809523200114e-01
5.200652705416324711e-02
-1.168576595816288810e+00
-1.110882048332841598e-01
-8.583048663205476991e-01
-3.209808995987455948e-01
-6.849480136109891149e-01
7.544496641894287148e-01
-3.299036818543472083e-01
2.003996142984135476e-01
-2.855076666447197709e-01
-7.208744635549467761e-01
1.428283554947345824e+00
-8.016241380927716653e-01
6.758515511161549139e-01
1.985804394069791812e+00
-5.499719563599353434e-01
-1.036196787205849290e+00
3.451993117587416338e-01
-6.975184775261885628e-01
-3.431305452731562428e-02
-9.623652796094624984e-01
-1.878341731296422790e+00
7.128596328793244119e-01
1.228953628797181175e+00
3.208374594680037384e-01
9.960410509427529702e-01
5.031006646236292346e-01
-2.763589488354107004e+00
-1.139609534904756583e+00
-1.704038332543877043e+00
6.801113638404215900e-01
-1.069155707683217216e+00
-3.140144906270739611e+00
-5.344594488639289181e-02
-1.814499224669885724e-01
5.772933850418844326e-01
1.171593375072417009e+00
2.090676711521130549e-01
-1.503081100281794757e+00
1.474337283405238619e+00
5.353429035305068417e-01
-1.994000917821396046e-01
1.967617573390895158e-01
-1.936665392056143575e-01
-7.835568112650915795e-01
-9.217405879627163512e-02
-7.913958400210863164e-01
-3.645083884626551182e-03
3.555460401457694597e-01
1.449536962107016658e+00
-5.979470354856787351e-01
1.257637056273270826e+00
-4.082338367376543431e-01
3.957311640943063646e-01
3.610673154611993008e-01
1.765697680241615330e+00
-1.135860444767702981e+00
1.054940749987429482e+00
-1.350317866817607237e+00
-7.346751419369219605e-01
1.484564120917303942e+00
-7.268790762845743769e-01
2.733615182772858310e-01
1.012038977239027027e+00
-9.313063858175503196e-01
-1.855402066585675414e+00
-1.790716952385915106e-01
1.076428451006466780e+00
1.562400240226064163e+00
1.929038292415541367e+00
7.251288432300133646e-01
-1.237448878738991453e+00
-4.226232311114814233e-01
-1.632850335773808448e+00
3.892010289435508530e-01
-1.058927697579185034e+00
-8.122328282673981770e-01
-9.277163312369551829e-01
4.742170095667542218e-01
1.857086873497822088e+00
1.060497886891364622e-01
-1.690456072396645248e-01
1.567703681086754175e+00
1.901958227906144425e-02
-6.357674686509082185e-02
-9.162646571356098946e-01
-1.232757164674040062e+00
4.529684272974409120e-01
-6.451787861986636730e-02
-5.530423255858762932e-02
8.594185609266597956e-03
-3.366120826977939684e-01
6.851524860548927065e-02
-2.500591897988220236e-01
-1.240261277071445400e+00
6.537523728151318769e-01
1.557454082814172303e+00
-9.534921532421202217e-01
-2.042133609174037745e-01
1.681105070307220284e-01
-8.383504717893691671e-01
2.401238214645678160e-01
6.984392010439032239e-01
-8.531466243541315775e-01
-2.617411075226137029e-01
1.023065318307882166e+00
6.514251690801377004e-01
1.148077456456517847e-01
-8.891191685533249289e-02
-3.705779999917018230e-01
2.050087872757219432e-01
7.771725409056300382e-01
-6.162601009414475639e-01
-2.868189725464617146e-01
1.017816559840945212e+00
-5.991487823449563876e-01
-1.725085353819920120e-01
2.097993338060012147e-01
-1.007066420408609275e+00
-1.043479548256846412e+00
3.393739500771512319e+00
2.066887043424173065e+00
4.073678993956951766e-01
-1.171594146609327147e+00
-1.661560262859125503e+00
-5.388462540155015690e-01
-3.667003577300197992e-01
8.830753444896388693e-01
5.933937440285617232e-02
-9.997065619100036216e-01
-3.866525724735466740e-01
-2.004802093909710869e+00
1.915122376436052543e-01
-3.449160096611185278e+00
-8.560565522296792462e-01
9.505848685823455879e-01
-1.307486146038016328e-01
-2.409372141490862873e+00
-7.330164705693369420e-01
-3.110405594479763725e-01
1.487702202792486883e+00
-7.631877998112112094e-01
3.364802389780471165e-02
-1.225280937233254042e+00
-3.825610460211098518e-02
5.298361399474447175e-01
-1.020007689915366222e-01
1.192826848037664922e+00
1.352471771083503249e+00
3.183451291437603969e-01
-4.203377522369212138e-01
-9.791702099097018275e-01
-1.915410320764749166e-02
-2.694287707059124515e-02
8.280856751987858422e-02
5.849012954197359004e-01
-2.632402721565344494e-01
1.104012610704587644e-01
-1.751079666673193813e+00
-1.968427895495451718e+00
-1.232357956775423480e+00
-1.139955590827083309e+00
3.492942982629201332e-01
-5.715148460734167379e-01
1.033468920428737725e+00
-2.219596071137722948e+00
-8.879399018246979525e-01
7.321520859112535806e-01
-1.880144741429584654e-01
-3.226425950723446623e-01
9.570100422854798117e-01
3.850488329913255292e-01
-6.911281257077428464e-02
-1.020207888484537584e+00
-1.316358151720664837e+00
3.702050106067424906e-01
