1.367490067185046421e+01
1.460844914979946907e+01
1.708705074201218466e+01
1.352720956435766020e+01
1.693240410123442885e+01
1.437657372450580873e+01
1.367948499122163497e+01
1.450287676453704577e+01
1.226940591424047255e+01
1.399692044649743217e+01
1.332988951658449572e+01
1.460844914979946907e+01
1.373000028033857944e+01
1.429256666287574440e+01
1.411466888414691390e+01
1.402621822776411342e+01
1.400540912782874692e+01
1.231510318712920693e+01
1.432444452449898264e+01
1.065797049612714176e+01
1.371641038861234208e+01
1.231510318712920693e+01
1.695513896423127065e+01
1.292275049546449317e+01
1.362938433734735000e+01
1.395562912008040968e+01
1.405001145813425190e+01
1.701702235405435459e+01
1.386309047328650124e+01
1.708705074201218466e+01
1.041206486769111095e+01
1.422623252366853031e+01
1.437657372450580873e+01
1.683410256358764556e+01
1.685666466064998303e+01
1.332988951658449572e+01
1.432444452449898264e+01
1.714014175364900439e+01
1.716365912046549269e+01
1.417770230951925825e+01
1.262247569693797189e+01
1.417314151203171235e+01
1.065797049612714176e+01
1.708705074201218466e+01
1.409101068767431286e+01
1.411181285948978648e+01
1.714014175364900439e+01
1.422623252366853031e+01
1.407348392134037063e+01
1.405001145813425190e+01
1.437657372450580873e+01
1.417314151203171235e+01
1.371929692314244953e+01
1.694777738939149714e+01
1.407348392134037063e+01
1.367948499122163497e+01
1.301412614644007881e+01
1.452418047162996295e+01
1.362938433734735000e+01
1.451845692351863626e+01
1.396911804226915521e+01
1.383859020807382301e+01
1.412164849665160915e+01
1.297584150710131290e+01
1.233096654787344448e+01
1.311233814727052938e+01
1.453142828461138691e+01
1.338520485822999007e+01
1.466154016143628702e+01
1.226940591424047255e+01
1.399692044649743217e+01
1.427135351286216292e+01
1.467118112322407697e+01
1.440086228702726778e+01
1.455225521427948898e+01
1.518465056435729466e+01
1.707011336569117432e+01
1.440257342757590564e+01
1.233096654787344448e+01
1.284002706625193824e+01
1.362938433734735000e+01
1.470736607818863817e+01
1.390947512623160343e+01
1.336083809133808664e+01
1.212947242348888821e+01
1.693240410123442885e+01
1.701702235405435459e+01
1.186578324219652103e+01
1.682002425370994914e+01
1.240113364221005909e+01
1.694777738939149714e+01
1.108026168164091985e+01
1.507626236067994263e+01
1.268651880827523293e+01
1.496485335369168546e+01
1.376366131665573711e+01
1.399692044649743217e+01
1.437657372450580873e+01
1.374958257870314782e+01
1.458818292075782885e+01
1.417314151203171235e+01
1.103873055651123991e+01
1.370185601202332037e+01
1.384694311252157917e+01
1.469350987018483146e+01
1.725351245492310781e+01
1.432444452449898264e+01
1.349515831935054777e+01
1.344943378420783553e+01
1.437657372450580873e+01
1.683410256358764556e+01
1.401870849036373734e+01
1.408176586105612671e+01
1.440460709322051081e+01
1.417314151203171235e+01
1.718726394297046056e+01
1.321755835891417519e+01
1.226940591424047255e+01
1.355883995621884175e+01
1.450124353510484809e+01
1.372053514035540900e+01
1.721095632332783154e+01
1.283790508090579863e+01
1.409933636481771657e+01
1.386999379841359215e+01
1.212062358432497078e+01
1.088428060210964077e+01
1.441896025998631714e+01
1.417314151203171235e+01
1.714014175364900439e+01
1.371248409491051667e+01
1.420581804991395636e+01
1.366601153211759545e+01
1.437657372450580873e+01
1.376950140024916180e+01
1.365805522241361025e+01
1.437657372450580873e+01
1.362938433734735000e+01
1.428339379195138470e+01
1.427135351286216292e+01
1.486989738527957705e+01
1.562763213199191448e+01
1.250037771768206518e+01
1.381118348677688168e+01
1.429511492409829998e+01
1.716365912046549269e+01
1.371057030501891916e+01
1.392519199113592165e+01
1.219665635794267544e+01
1.232249692587729228e+01
1.437884035549682871e+01
1.454199589381294899e+01
1.470758125674712247e+01
1.686471770788349644e+01
1.357392768035401431e+01
1.066346720329235254e+01
1.077671357952335640e+01
1.406351517232212167e+01
1.362955832334227502e+01
1.422623252366853031e+01
1.442966473614262668e+01
1.391828373016466358e+01
1.718164535206472365e+01
1.332988951658449572e+01
1.454199589381294899e+01
1.709336897842577230e+01
1.450300592049990378e+01
1.218256343512570794e+01
1.240113364221005909e+01
1.248597905676875541e+01
1.093576912885576746e+01
1.706362072872025593e+01
1.422623252366853031e+01
1.413485687269294644e+01
1.402550699198577000e+01
1.093576912885576746e+01
1.460872752610737635e+01
1.443426350976409545e+01
1.709336897842577230e+01
1.716365912046549269e+01
1.690204795259445447e+01
1.402155486275016649e+01
1.697796036344125881e+01
1.332988951658449572e+01
1.338298052822131545e+01
1.360697678520618403e+01
1.272769590858161592e+01
1.103873055651123991e+01
1.688719357522446529e+01
1.383144125104989897e+01
1.361505534533618267e+01
1.408176586105612671e+01
1.473402596395275133e+01
1.321755835891417519e+01
1.261933487382144570e+01
1.725860416625550542e+01
1.077385827686421749e+01
1.371057030501891916e+01
1.284002706625193824e+01
1.408176586105612671e+01
1.484408339346456174e+01
1.730660346655992754e+01
1.415442076363975765e+01
1.367357023535113036e+01
1.401436676759905176e+01
1.427341656175083351e+01
1.289099609254261836e+01
1.408176586105612671e+01
1.362938433734735000e+01
1.437657372450580873e+01
1.376883815708403525e+01
1.448890488217612926e+01
1.452492581643816827e+01
1.231510318712920693e+01
1.706362072872025593e+01
1.082980459116017613e+01
1.432444452449898264e+01
1.490810076975272658e+01
1.713417293133364083e+01
1.397415951572921777e+01
1.240113364221005909e+01
1.388966034705773289e+01
1.047514230624011233e+01
1.479334100715845146e+01
1.408176586105612671e+01
1.357046272330264713e+01
1.432444452449898264e+01
1.041206486769111095e+01
1.332988951658449572e+01
1.442966473614262668e+01
1.226940591424047255e+01
1.365939308327369872e+01
1.413485687269294644e+01
1.413485687269294644e+01
1.448124479462917691e+01
1.402879990027248347e+01
1.393546719175082416e+01
1.437657372450580873e+01
1.357629332571053027e+01
1.262247569693797189e+01
1.374462409822856479e+01
1.350252479584465348e+01
1.218256343512570794e+01
1.418615371748575882e+01
1.088428060210964077e+01
1.454199589381294899e+01
1.718726394297046056e+01
1.417314151203171235e+01
1.448890488217612926e+01
1.421140033679116499e+01
1.437657372450580873e+01
1.385643857988969252e+01
1.218256343512570794e+01
1.226940591424047255e+01
1.684232796809996557e+01
1.108691677103032447e+01
1.347566314244134844e+01
1.690204795259445447e+01
1.517862942331346510e+01
1.349231307610188324e+01
1.683410256358764556e+01
1.478839970293898354e+01
1.448890488217612926e+01
1.391580299822644129e+01
1.206360627898632387e+01
1.460205955391276866e+01
1.716365912046549269e+01
1.702386317915636837e+01
1.399080587693071642e+01
1.725860416625550542e+01
1.386401713573649630e+01
1.408176586105612671e+01
1.688719357522446529e+01
1.386545287833717843e+01
1.240113364221005909e+01
1.462134491163183192e+01
1.283790508090579863e+01
1.405983455059414844e+01
1.437657372450580873e+01
1.700086840102831687e+01
1.390683903250113040e+01
1.428339379195138470e+01
1.377574591482873778e+01
1.391733916444491648e+01
1.255346872931888313e+01
1.283790508090579863e+01
1.082980459116017613e+01
1.362938433734735000e+01
1.589334036754506307e+01
1.419761820525840612e+01
1.065797049612714176e+01
1.442916520025138105e+01
1.357629332571053027e+01
1.707011336569117432e+01
1.072076726522739776e+01
1.384553417386686647e+01
1.201118998091881096e+01
1.699385378835252780e+01
1.358094482164070449e+01
1.417314151203171235e+01
1.423184610711305709e+01
1.281235937620984977e+01
1.435919888689957880e+01
1.709336897842577230e+01
1.369071271106427545e+01
1.387600101303756794e+01
1.272769590858161592e+01
1.417314151203171235e+01
1.384640970684907302e+01
1.083124005540813783e+01
1.721095632332783154e+01
1.414193972203410787e+01
1.401870849036373734e+01
1.408176586105612671e+01
1.571070713609119984e+01
1.321755835891417519e+01
1.407838652929874534e+01
1.093576912885576746e+01
1.316542915890734911e+01
1.297584150710131290e+01
1.413485687269294644e+01
1.417314151203171235e+01
1.464178905502200756e+01
1.262247569693797189e+01
1.252426369610752133e+01
1.239982459062720821e+01
1.212947242348888821e+01
1.431130766958110456e+01
1.218256343512570794e+01
1.427135351286216292e+01
1.422623252366853031e+01
1.219665635794267544e+01
1.316542915890734911e+01
1.332988951658449572e+01
1.413422757016728326e+01
1.088428060210964077e+01
1.466154016143628702e+01
1.414193972203410787e+01
1.262247569693797189e+01
1.311233814727052938e+01
1.403362644584446528e+01
1.674471545091269320e+01
1.289099609254261836e+01
1.417314151203171235e+01
1.700086840102831687e+01
1.718726394297046056e+01
1.066346720329235254e+01
1.301412614644007881e+01
1.347411855272084047e+01
1.338298052822131545e+01
1.231510318712920693e+01
1.433711682886509742e+01
1.466144920216574654e+01
1.377835023941307924e+01
1.479827002635853539e+01
1.365939308327369872e+01
1.476321331675470283e+01
1.709336897842577230e+01
1.224974736957949162e+01
1.384553417386686647e+01
1.667857659516964475e+01
1.082980459116017613e+01
1.399692044649743217e+01
1.692486935180443908e+01
1.236819419876602666e+01
1.389372852592109986e+01
1.367080238422652450e+01
1.273960981991205088e+01
1.682002425370994914e+01
1.375943945384682010e+01
1.255739502302070854e+01
1.350252479584465348e+01
1.417314151203171235e+01
1.321755835891417519e+01
1.351268056464936507e+01
1.460804835720244554e+01
1.477994373087360103e+01
1.448890488217612926e+01
1.349231307610188324e+01
1.708705074201218466e+01
1.425450970790102367e+01
1.437657372450580873e+01
1.098886014049258719e+01
1.442790971152870405e+01
1.283790508090579863e+01
1.357629332571053027e+01
1.344943378420783553e+01
1.365939308327369872e+01
1.427135351286216292e+01
1.718164535206472365e+01
1.218286632869305564e+01
1.406589047728881781e+01
1.283790508090579863e+01
1.437657372450580873e+01
1.454607455823624917e+01
1.383859020807382301e+01
1.702386317915636837e+01
1.408176586105612671e+01
1.464381032585448672e+01
1.708705074201218466e+01
1.379615877942477020e+01
1.702386317915636837e+01
1.448890488217612926e+01
1.455566183450156004e+01
1.688719357522446529e+01
1.397137474180148331e+01
1.673166760680646448e+01
1.252426369610752133e+01
1.343190964943674182e+01
1.704027796678895257e+01
1.350252479584465348e+01
1.344943378420783553e+01
1.396806440796360427e+01
1.399101239307659306e+01
1.454199589381294899e+01
1.692486935180443908e+01
1.415305757559998412e+01
1.725351245492310781e+01
1.442966473614262668e+01
1.376366131665573711e+01
1.480591615947930428e+01
1.273960981991205088e+01
1.721095632332783154e+01
1.060487948449032203e+01
1.697796036344125881e+01
1.706362072872025593e+01
1.492267668224737065e+01
1.423924472912257677e+01
1.695513896423127065e+01
1.491683498494282389e+01
1.442483382882971021e+01
1.113335269327773958e+01
1.272769590858161592e+01
1.332988951658449572e+01
1.447121124235804324e+01
1.397926917357485443e+01
