-8.569747167614834016e-01
-9.814001153217467854e-02
-1.155971659926263717e+00
4.265265062945246960e-02
-9.430480034293809988e-01
-6.142589089371730537e-01
-5.562556107356200208e-01
1.925634441300279054e+00
-4.981048439577778209e-01
6.571350673971416978e-02
-9.144068863356799026e-01
-6.675040912645824331e-01
5.571370784358217199e-01
9.202663103935797284e-02
-1.017241796258287811e+00
-9.984007343168477266e-02
-3.527987619279926990e-01
1.063317491236043910e+00
-1.200688080236534949e+00
-2.272454200839861549e-01
5.682773379161595306e-01
2.849525152029639963e-01
-1.053944650576737141e+00
4.491482549426902282e-01
-8.127127456297468244e-01
-9.337199973922694074e-01
3.891223229081842150e-01
1.436661781996885212e+00
-3.115225230021637093e-01
-1.028024090360081105e-01
-4.668583630145279884e-01
-5.791575306994004579e-01
-6.064887444679963879e-01
5.588474709872934959e-02
1.252120332795859659e+00
-3.800813201202722924e-01
6.467523260522696216e-01
-3.908926420149009817e-01
-1.402107770852046187e+00
2.314323567552877936e+00
4.658118097477734754e-01
-7.293137286854000090e-01
-4.836511760810301985e-01
1.107587518635663626e+00
-1.477321473699788612e+00
-1.717112200582083803e+00
2.711249190527933894e+00
1.137047812520863399e+00
5.042294185538970241e-01
1.046856873165332935e+00
-8.999033854808954347e-01
-3.267037841840874091e-01
-8.274186267613857781e-01
-3.534027079119527404e+00
7.891300229209617656e-02
6.510631799703624732e-03
7.612915885084359235e-01
1.436659114825335148e+00
-6.768223186028335392e-02
-1.979613840501783795e+00
9.886810966165815451e-01
2.436479205605981413e+00
9.208833983934460177e-01
5.429934222062493543e-01
1.180222474746339678e-01
-2.157515270863240020e-01
1.314119310776456828e+00
-1.872525931526952014e+00
4.013083674013341873e-01
2.556663051831211120e-01
-6.341848322649138447e-01
8.860523625756479005e-01
-6.315900972660599688e-01
5.677724407426562037e-01
-1.731994823075710732e+00
1.821454547825023695e+00
7.382593855190687782e-01
1.371296136670848931e+00
1.180222474746339678e-01
7.510460737996911273e-01
1.809351416508655497e-01
1.638337385319672102e+00
-5.464111638160563666e-01
-1.031799446747550864e+00
3.901225492243826087e-01
-9.688615900513630752e-01
-3.210949819544720363e+00
-5.342306193080113008e-01
-4.494385339651953082e+00
-1.270327066810162005e-02
9.620842950211759836e-01
2.847774151205380022e-01
3.706753421691391659e-01
-1.098654163924159266e-01
-5.571570300287975730e-01
1.600570302111043730e-01
-4.959108610073531542e-01
1.757341591509556933e-01
2.343140014916521852e-01
2.339919329948779436e-01
1.096720138104043896e+00
3.661093443698713035e-01
2.907017721808079491e-01
2.469584526992869122e+00
9.115290844173878915e-01
1.187181479246097598e-01
-1.366194282901681989e+00
-3.378597181633855029e-02
4.052814830505735988e-01
-1.189504809681509956e+00
-1.541972903738678680e+00
-1.894532295396738952e+00
9.803332462543515868e-01
-1.594450092493764570e+00
5.564247948530591792e-01
-5.533901940779172302e-01
3.176869317133897974e-01
-9.743364469378411608e-01
3.377295069603401534e-01
-1.376837292521311817e-01
-9.118240892384867902e-01
1.093738587021996000e+00
1.437653835966475668e+00
-6.807970342348697024e-01
-3.382223332666378091e-01
4.869451023815749013e-01
1.930818530055439797e-01
-1.015345655781616285e+00
1.496725617984322909e+00
-6.757112522433017521e-01
1.675203439310204434e-01
1.300106052245251220e+00
-1.659716261030120599e+00
1.688668186260576798e+00
-9.965774334608094032e-01
9.021993976777979984e-01
9.007372922365171064e-01
-1.906071120978812261e-01
-3.024989551011886046e+00
9.990867285172991275e-02
5.626536705291456109e-01
-1.676925983260329822e+00
-1.262340334258502894e+00
-1.714613453096424989e+00
1.049924794036614928e-01
-1.088125946161470070e+00
-3.873012936007501628e-01
1.601205191614702095e+00
-3.879306803131368775e-01
3.835622062954607281e-01
-3.550462106135538615e-02
6.775422471620836662e-01
2.404545842814469758e-01
-1.111799112581603605e-01
-8.694556417292133021e-01
5.212920240707307196e-01
-1.200983631712059463e+00
-4.537127573904586875e-01
3.182450943378233310e-01
8.821979935007068230e-02
-1.636971672418181756e+00
-8.224870551288269160e-01
-3.647285335720960031e+00
6.474440861043581075e-01
-2.123863426836755663e-01
-2.546243910521616138e-01
1.045731771397816923e+00
-9.906979105729161184e-01
-2.759007212216336158e-01
2.803596593849881913e-01
-6.932210290759078797e-01
-9.217888600939033727e-01
6.275726026415253678e-01
2.622921567721055780e+00
-9.091260064092295812e-01
-1.099575679243957937e+00
-1.476378319714845233e+00
1.056101474684259800e-01
-4.665868278488482623e+00
-2.429376762428927083e+00
-9.437000759574572240e-02
-4.255988844079054423e-01
-1.177228912777810832e+00
-1.709015825144895695e+00
1.026480766227517050e+00
-5.580325926392155633e-01
-1.561812485473196843e-01
2.554506765491265652e-01
2.869936346662671500e+00
-9.207764042546726091e-02
-6.938724454533787833e-01
7.432675354884678010e-01
2.207448832325532295e-01
1.544050550124737298e-01
5.744373780899143522e-01
1.998115337991851481e-02
5.388613508909954053e-01
6.538065184009561603e-01
-4.633947941186475905e-01
5.487243179669643034e-01
-1.073101078929005414e+00
1.247826172627257479e+00
-4.060963672468644869e-01
-1.511674211319317562e+00
1.373416795729923257e+00
8.077680150914123836e-01
-4.590379238044723365e-01
-3.548460837450296834e-01
1.032140323884892297e+00
1.108075697832477946e+00
2.924048996491412367e-01
-9.514732098531486493e-01
6.969827089673266141e-01
-2.678926000260571372e-01
-1.377460400791567618e+00
4.314909144074553504e-01
-2.226268758598120429e-02
1.461852074902057375e+00
8.240846780690695983e-01
-1.567167880152373405e+00
-2.386297364756087003e-01
-1.565043832148298675e+00
-3.801803317230013912e-02
-1.535500356491585894e+00
-4.402310593151411711e-01
-1.519616503827485809e+00
3.947835938308999482e-01
-7.532467174298525248e-02
-4.343836142910801335e-01
6.935103888856246623e-01
1.883630584434454747e-01
2.729448399125156133e-01
6.603196636428053379e-02
-1.018628283810663726e+00
3.572995295362447199e-01
-1.552057573186143458e+00
-4.679907915927827150e-02
4.097145426870920093e-01
8.257403122561032260e-01
1.618746751343749235e-01
-5.709889877256231205e-01
1.523751812347325651e-01
1.897461963625902692e-01
1.229733028852845855e+00
-1.105281987475534411e+00
4.398759795700575848e-01
-2.128473429683596763e+00
1.014132977591361895e+00
-3.756098759400672282e-01
-9.839269345323149452e-01
1.677048929841346847e-01
1.738616000215355673e+00
1.282254286087073369e+00
-4.297573166855936377e-01
9.510890410422430108e-01
-2.416580738249320404e-01
-1.221556762553921288e-01
-3.471879778499912916e+00
-9.222161699252378053e-01
1.992699476182938856e+00
-1.233472074277397912e+00
-6.390833279933312294e-01
-3.045919638114534811e-01
-1.264504685587709565e+00
-7.976550589416683823e-02
-9.757398778802476302e-01
-6.113540870753256806e-01
1.425203422039528656e+00
-6.568066354611318269e-01
-1.244323684713350087e+00
1.214574182622240706e+00
1.578299515423096544e+00
4.956524314152570970e-02
8.908517142989618165e-01
1.709598588125980090e+00
7.791849479086845331e-01
1.244558789028758772e-01
4.894811940529859573e-01
6.950120927931850989e-01
9.006958484280849220e-01
-1.108862382028292126e+00
-1.085185483886997870e+00
-6.594335574993978599e-02
-9.471161952946084428e-01
-1.214065598775914578e+00
1.295379481153445589e+00
1.070236941730229985e+00
3.238338755285323223e-01
-1.932255488148155287e+00
5.015056429619896283e-01
-2.574852088029187525e-01
5.537830331707140896e-01
-5.664797687410036975e-01
8.081877670425455795e-01
-3.755703418929792203e-01
-7.339218346899705203e-01
7.353810850804944066e-02
9.770337929852664083e-02
-4.499945920675862410e-01
7.842637009152382266e-01
-1.076520889421167304e+00
-9.073301200808009392e-02
-1.828405520467694556e+00
-1.294328986453642250e+00
3.629755638094252501e-01
2.523604140996521528e-01
9.824943665334847642e-01
1.113268539674508784e+00
1.083838179814223812e+00
-6.655222183907541500e-02
-3.551722320609559391e-01
7.961305250151425039e-02
2.158627973199142291e-01
5.003223319325175167e-01
-1.938679011210242109e+00
5.857117883098222899e-01
4.082264653824023148e-01
4.095783205432408924e-01
2.182966585429000350e-01
1.310090815578365264e+00
8.640106070049716758e-01
-5.443786121483703555e-01
-1.382058511281008206e+00
-7.333162933512236137e-01
-4.408865390516369942e-01
3.015446672057064403e-01
7.828383753868433104e-01
1.211873820808566649e+00
2.472307092705125220e-01
1.645678452761166310e+00
-4.676992994194457270e-02
4.528817261166249164e-01
-3.606455573282585370e-01
3.717601905872694457e-01
-1.102797583643945645e+00
-5.825444626553694105e-02
1.265567257269059720e+00
1.871239966020034728e+00
1.087899328733943571e+00
-4.377187903883091868e-01
4.042119318467254918e-01
1.089475295569620084e+00
-6.177679214405532582e-01
-6.293290900452510606e-01
3.594182717561916762e-01
-1.386840401484201735e-01
5.074467777995912421e-01
4.983583440683912735e-02
-8.493360275056205388e-02
2.557063191209285047e-01
6.219956564182779202e-01
-1.049422360855116088e+00
6.336540438965548860e-01
-1.834804703323644759e-02
-6.752637310367051171e-01
9.273845443959151114e-01
6.117027811692181682e-01
-1.698376855764655247e+00
7.432331850899058512e-02
7.379085123787123557e-01
-3.365143836985319048e+00
-1.890518742840190392e-01
1.621065581690442681e+00
7.805458558986086981e-01
5.021028195495964574e-01
-5.600363278454906224e-01
6.149847171674498458e-01
9.320771991647983645e-01
-1.122846047617113374e+00
4.522553403816885198e-01
-1.104157364599137187e-01
-1.947579460279911800e-01
-5.753065882322612179e-01
-5.577582182820822743e-01
1.311818197623047411e+00
-7.152524699150134557e-01
-1.673631871068747889e+00
5.968572160549534544e-01
-5.816600893274392892e-01
-1.700660059873416285e+00
-5.672806485918412411e-01
3.959098610968746906e-02
-3.663742112031738163e-01
-6.821021673567520538e-02
9.097087646010330042e-01
3.431569761969990306e-01
3.195137488032122608e-01
1.832704235531511294e+00
1.117513014984509612e+00
1.843281341827953945e-01
1.499234667269351839e-01
3.569335095488009729e-02
-2.379568450432385796e-02
-1.060418617734384616e+00
8.239742788342822866e-03
2.423215239744420935e-01
1.332181089853383960e-01
1.482392745826418556e-01
-5.136241349118590982e-01
-2.707481679724959567e-01
-1.133207818306416481e+00
-4.967207037873874742e-02
-3.834876622235590671e-01
-6.285020687345804768e-01
-1.940224146393650706e+00
-1.150777529623660866e+00
-1.477710286464130274e+00
-6.422448881553828315e-01
-1.091244178679589449e+00
1.978473461130055844e-01
-5.291094276060182011e-01
6.476971870292371758e-01
-1.054615250318380548e+00
-5.358614778786594535e-01
1.226528725628087901e+00
2.566079871281587987e-01
-1.714044461470487946e+00
-6.519360466261985010e-02
-6.567764068500134833e-01
6.288712130135498679e-01
-1.671779191361268124e-01
-3.605732233711810286e-01
1.293502794766565600e+00
1.026039214448805775e-01
-1.750525595192190975e+00
-8.046455233425724440e-01
-3.497865340434455073e-01
5.681827560388242881e-01
-1.617905145380226895e+00
-6.831724507243785993e-01
3.807006910462513993e-02
-9.853842295936612317e-01
1.378207379577537139e+00
4.059819283113524357e-01
-1.450478859754515737e+00
-1.382332253108690678e-01
