4.834845253645276286e-01
8.214260989564445836e-01
1.707719887075213716e+00
-6.832546758157689859e-02
-8.909603583644482017e-01
-1.475611020517477168e-01
1.408557391547797799e-01
3.982503174175873184e-01
6.202433119690525798e-01
-1.348863353593267478e+00
2.458796110011510994e+00
6.806485169870301055e-01
-2.351254600385042970e+00
-5.360673829419120712e-02
-2.449830970665816676e-01
4.339591062610685390e-01
6.321443835261870980e-02
-8.283537373137250803e-01
-4.263375045990965284e-01
-1.093368866361069003e+00
1.720684062300390227e-01
-2.886519911946732742e-01
1.041501614191217451e+00
1.407556849867631632e-01
2.261998359645836842e+00
9.013836286947174469e-04
-3.443235043300375775e+00
5.712602200141918551e-01
-2.758931891275079873e-01
-1.712453383543732222e-01
-1.567162118953533634e+00
-9.461976621985396241e-01
1.258428462488013100e+00
-3.225832350788760960e-01
3.669373349675227047e-02
3.005634269379486301e-01
3.051659055661870568e-01
7.633264421640710840e-01
-3.860835565593579433e-01
-7.013957366187657527e-01
7.689564667261160613e-01
-7.875997765305314813e-02
1.363449285773139508e+00
1.753348167241006172e-01
-1.240771416008854322e+00
-4.909605850950393147e-01
1.403220463110192329e+00
2.604514976089281064e-01
-8.588064954631499104e-01
-3.234649541198021172e+00
-1.143022248140692504e-01
2.935017647941712826e-01
1.540149624912402704e+00
-1.499705748200051536e+00
2.580100359118167042e-01
-8.898061205398263285e-01
1.633103983030755213e+00
6.379341260794869628e-01
5.242602442562700749e-02
2.865327977278666061e-01
-8.357465635160935546e-01
6.221755324974940216e-01
-6.626688432581091526e-01
-4.799434911649003155e-01
2.374591738228055249e+00
1.194531101415464258e+00
3.449664157219545779e-01
-9.680135031891877739e-01
-1.702819574662278290e+00
2.016741672490050818e-01
3.666418780282552636e-01
4.488202321378392257e-01
-7.143763709175282584e-01
-8.797877728775965744e-01
-9.226459702129587992e-01
8.768940297173365428e-01
-5.687217222190958932e-01
2.404936679577661107e-01
8.441070189153583314e-01
-3.219848413281605759e-01
6.606546839697478857e-02
2.735000437822188712e-01
-1.354247567750145320e-01
-6.299606567065958729e-02
2.350150676083231638e-01
-3.886306532469103736e-01
-1.412666301690860493e+00
-1.365694003394828104e-01
-8.659458985134499409e-01
-1.334007393973714872e-01
-2.385706037510028354e-01
-2.417223194384452434e-01
-1.140370820117882822e+00
-6.588570668348550097e-01
-3.317725407063837340e-01
-9.224906308600702154e-01
5.913708010754497035e-01
2.417748458800532754e-02
9.062073934379353268e-01
3.443581796509747051e-01
-6.190425780905316894e-02
9.847113195613462766e-01
9.368900478601823734e-01
4.960771793367806798e-02
8.285873321735702790e-01
-7.500947384880587432e-01
7.234726082830504890e-01
6.164695608125400073e-01
-1.489768034196464530e+00
5.009639581707637790e-01
-3.329055779487791744e-01
3.586470600185649449e-01
2.957729347548728946e-02
-1.497814112127767161e-01
-4.157780734858986249e-01
1.019650781578593124e+00
1.635495639068622609e+00
1.295578389282355136e+00
1.390865955829517220e-01
-1.013512862224104527e+00
-5.728313623946048594e-01
1.839816148092455750e+00
-7.104348575466036264e-01
-3.901855102124245356e-01
-8.270801999499961810e-02
1.147647004737727405e-01
1.246809838524562508e+00
-6.171848232297010295e-01
4.676574757427251483e-02
-1.103661675991071678e-01
1.479959994048435090e-01
6.964871080677572657e-01
-5.991183761559475407e-01
1.377651457197824891e-01
2.248047165236854716e-01
-1.299602447119679871e+00
4.858452900265392560e-01
-4.564715800119463207e-01
-1.423975022071995555e+00
6.971577518714100474e-01
3.509947365691508669e-01
5.143907802550805597e-01
-1.765260982280016933e+00
-1.352623518429395988e+00
1.091559174620525097e+00
-7.501636639616807711e-01
5.391222872917091902e-01
5.255847297708317045e-01
-3.946545257042211596e-01
1.545287677772270718e-01
8.920622942400739941e-01
-2.982648596677835440e-01
-7.367677676061324954e-01
1.465125594634337780e+00
-5.771021900362092172e-01
5.404067201177199520e-01
9.175430798644870212e-01
-7.977762794668997737e-01
3.154596600414577012e-01
6.908284233398461760e-01
-1.852973418363264568e-01
2.865525661118475953e-01
6.233174348575816204e-01
-9.453371446488526009e-02
5.366499296677527120e-01
1.599495363847342588e+00
-9.458515356030441912e-02
6.512933024606260002e-02
-3.524405386588141398e-01
-1.744169709529612700e+00
2.305957944966458284e-01
2.712988989706040521e-01
4.189563854335965898e-01
-6.884932125658367597e-02
-3.229905695682708799e-01
8.876204222892655760e-02
-1.084026017549684223e-01
9.604969018507679424e-03
-7.072117527510990431e-01
-7.666975292116233465e-03
-2.317060431478738455e-02
7.453672158689107763e-02
7.535064747222141972e-03
2.321643750421600871e-01
8.801728571897435849e-01
-5.495567681763803281e-01
-4.497909791759324705e-01
4.296238975266179483e-01
1.251882566385689399e+00
5.145986687360113443e-01
-7.461648325858305508e-01
6.104477654987328084e-01
-8.770746164317187732e-02
-1.031128302804191987e+00
2.946514848003091824e+00
-1.008652709012660020e+00
-1.616383431664635051e+00
3.715843174930521520e-01
-1.772143993049290156e+00
4.716670735378327151e-01
-1.304193872208103955e-01
4.217170202869464091e-01
-7.106149645237305190e-01
6.058668802018027377e-02
2.930124720912367642e-01
3.883449908910535098e-01
7.149877847433649958e-01
6.904987996104008374e-01
-1.385407836406963855e-01
4.749194677050687652e-01
2.283361567834583938e-01
1.751696823652650337e-01
1.324586259273468902e-01
-2.762706915154602982e-02
6.322394454225986893e-01
-7.039741672890112989e-01
6.397760400113983170e-01
8.326467621358029855e-03
-5.828380011761452595e-01
-1.212539429053114626e+00
4.702644173201263600e-01
7.564817983003028212e-01
-1.862143772434739220e-01
-4.969907863776651391e-01
2.497672134894026244e-02
6.511528556741018603e-01
1.119322776687538962e-01
-8.011724543468186355e-02
1.901761782744577078e-01
6.443402710267449596e-01
5.059233530274733770e-01
5.992384637119878565e-01
1.786021466271058844e-01
2.641510557554396232e-01
-6.318509478134586022e-02
-8.060301124938652473e-01
-1.100531317020851274e+00
4.927984931348046715e-01
2.569906036096788471e-01
-1.680061894279510637e-01
-7.662049976977118870e-01
6.103793441876530501e-01
2.140421664142102554e-01
-2.714853000662936777e-01
-1.068552306212677827e+00
5.436207861325959012e-01
2.190029766490033669e+00
1.821161994459730427e-01
8.948061872727168797e-01
-8.596509124577920158e-01
-1.085404341386110860e-01
-5.651432338388682197e-01
-3.479231630565237099e-01
2.587496164205257410e-01
6.234408889136914267e-01
-1.230129374866732794e+00
-8.428241567693466330e-01
4.491107786359713749e-01
-7.523833586777368687e-01
-1.084191776904312343e+00
4.957406705918437906e-01
6.253226401341077656e-01
-1.622602127495019753e-01
-3.457503812753178196e-01
-4.949449412761182665e-01
-7.789269575281309033e-01
-4.270897173752365994e-01
2.395586038185332778e-01
-1.828537420657319723e+00
1.231668431925508456e+00
1.540705869283602591e-01
-1.186959778349189060e-01
-1.580519967884763233e+00
6.103239834406016806e-01
3.698735408318587492e-01
1.254835055273778144e+00
3.023039145161987573e-01
-8.027321383265982879e-01
-2.638786407077071683e-01
4.319888484933032125e-02
-6.497811273914789743e-01
-6.127274618542349893e-01
-4.113564221783331809e-01
-1.477757428352844404e-01
1.415181055963646184e+00
-3.238948501581270234e-01
5.705408198564081435e-01
-1.149478518935622473e+00
-3.466302756209702594e-03
-1.316649713469138838e+00
3.376875072976071035e-01
-6.538770536813464096e-01
-1.495627433126894612e+00
7.556949552877837428e-01
1.452356682539858168e-01
7.667543850998677080e-01
-5.784112483987506881e-01
-3.446695214672131913e-01
-6.810992789813707926e-01
9.614733789045684653e-02
5.142453709689924768e-01
4.978111071720103253e-01
6.439093245505600471e-01
8.081419265169587085e-01
1.008804191080969331e-01
1.355222908188399300e-01
-7.055505396140275831e-01
4.452517195621955026e-01
2.018447922658961058e-01
7.797879160378384800e-01
3.037248651739032357e-01
6.964678754342490397e-01
5.973136883102747596e-03
2.856931522295326209e-01
-7.203033963542616602e-01
-1.168214159307791489e+00
-9.852525168236105912e-01
-8.669586139319269691e-01
-1.858837215580297464e+00
1.437540393594660681e+00
-8.530938400963843093e-02
4.158352829314918009e-01
6.584574545125312373e-01
1.832816223614315565e-01
-8.149146054774840664e-01
1.124588478302245287e+00
2.964400233372811444e-01
-1.078981277198666433e+00
-4.351695390249561424e-01
3.412786500662752243e-01
-2.213871788269845264e-01
-7.830831423402242475e-01
4.928519102345718661e-02
2.537540711425222417e-01
9.968955797826926091e-01
-6.121530983095798684e-01
1.862050098861722514e-01
-3.729978832520687848e-01
-2.100811288808916155e-01
-9.714022736319770021e-03
9.662927287111262586e-01
-3.528818335618766899e-01
-6.661199098965008281e-01
2.381809731400993391e-01
-1.266291014283872585e+00
-1.398837854990838014e+00
1.679558736370832861e+00
1.740756361414514730e+00
3.044000713797637703e-01
2.705326131842672233e+00
4.926364567786819526e-01
-1.127891743467381164e-01
7.213431621161738860e-01
-3.013935539931061891e-01
-1.656398507369533979e+00
6.073095895027711411e-01
8.920163967540555017e-02
-1.843523283096450485e-02
-6.094580302400866012e-01
2.345942211391565113e-01
-1.648444153681668523e+00
4.936785512435003520e-01
3.865324359325038595e-01
7.163356187449471113e-02
-3.971261617231554020e-01
4.866695826276740688e-01
-6.713573839110240637e-01
1.003375362335653609e+00
6.494077807546078107e-01
-4.148814217774902668e-01
4.712315993681761572e-01
9.566993231359980365e-01
3.164006742853134324e-01
2.998051181404072008e+00
-1.374367124885179647e-01
-7.935004756432141593e-02
-1.415057001224538646e-01
-2.903527297922461892e-01
1.459835388091600406e+00
-1.815676812242763005e-01
5.430784705661789724e-01
2.659559454777118415e-01
-1.391617204906284044e+00
-2.487990981516601530e-01
6.496458543429280141e-02
-4.712066174485811110e-01
2.197011406708340997e-01
2.004780345797660956e-01
5.370489663812577641e-01
4.891104645360865033e-02
7.110247951595408678e-01
-4.163953117754549682e-01
-1.467516559079490079e+00
-3.387927761505464375e+00
-4.861853143305370217e-01
7.465053413684978878e-01
1.937419045719714350e-01
-2.153924321555020782e+00
7.308180955073418916e-01
1.268712056473632055e-01
-6.563436391252849278e-01
-4.444837293969164937e-01
-3.675463935754897937e-01
-7.109106792788295603e-01
2.008347653596108451e+00
5.362776996720193257e-01
-4.411168915461290418e-01
-7.987390714087747590e-01
-6.109842341542601751e-01
8.814163144134009586e-01
1.731847646238584115e+00
1.494922187104580802e+00
3.420634390270851921e-01
6.431611757830518750e-01
-7.557853636058801949e-02
-1.422427352003189149e+00
-3.579193255233131810e-01
-1.764773401993033064e-01
7.188565180707982005e-01
-2.224619762664490352e-01
5.955306094152237190e-02
6.284039706038209161e-01
8.694507914225702017e-01
1.274671782240587026e-01
7.268100126215644163e-01
1.172460940675520646e+00
3.097749633819766313e-01
2.724740682624262611e-01
-3.192417976840489224e-01
4.194666290926657992e-01
-6.665050600077175869e-01
-3.715401292907449804e-01
3.697825457469246235e-02
1.013051666686456131e-01
-1.145492201656665571e-01
-5.199625309024612924e-02
