3.075019604839836496e-01
9.858512807751400597e-01
3.352088240481165271e-01
-7.769787251580425602e-01
-2.033598175308334532e+00
-1.789787688331617721e+00
1.749480583100885764e-02
3.753064385236618006e-01
3.641477003722171091e-01
-1.158403720481485655e+00
-1.739782991192579953e+00
-2.126902608907720871e-01
1.031510779534746458e+00
9.219464137410894600e-02
-7.723337740169853305e-01
8.004823738325268778e-02
-2.827182347437885435e-01
3.748070131738610034e+00
-4.615922609473849247e-01
-8.138203853224450501e-01
-7.430810287972456907e-01
-1.114133224692229973e+00
4.367863859609629751e-01
9.565808559738905315e-01
5.721520898176565284e-01
-5.451720129856842956e-01
8.501069651292607610e-01
1.103933844097943817e+00
5.718221336985638281e-01
-2.206406057611416394e-01
-5.542933683847063309e-01
-1.127540505427142570e+00
-2.351754155769184007e-02
-1.307966084165233245e-01
2.921705590353876891e-01
-4.768197116507879585e-01
1.952121386784161361e+00
2.877124300173927174e-01
-8.651795450571739821e-01
2.205159308841796229e+00
-2.762018506545145802e-01
-5.337720220383567193e-01
-1.200164243827976263e+00
2.107878351498603808e-01
-1.449770821564276002e-01
3.537306813373302661e-01
1.107824082730062054e+00
1.615474325405982237e-01
-1.325895961937474943e-01
-5.480189258874957892e-01
-2.408127333839223727e+00
1.617867955474552977e+00
4.641369676628643443e-02
-2.055343005397555434e+00
4.233254592011934103e-01
-7.844785559248509399e-01
3.909491618987632755e+00
-4.263426821346894546e-01
-1.840319820147974517e-01
-1.622399409468851861e+00
8.738116889260589826e-01
1.436969270531036846e+00
1.001229351146308399e+00
-7.688468122803738813e-01
2.332771661915115313e+00
1.972205939431160432e-02
5.704488406409504719e-01
3.831686732151384223e-01
-1.099050791559793350e+00
5.954048826371820535e-01
-3.418267559819548884e-01
-5.024978084083830954e-01
-1.665958217192476054e+00
-3.866092767231333466e-02
-4.913403144618467833e-01
9.274996560620675234e-01
-1.118980021834090843e+00
4.193764366841657432e-01
1.780856332533178765e+00
7.747406917331791654e-01
7.073701800629602632e-01
1.126884435875838975e+00
-4.107877970813663682e-01
-3.585733133241120751e-01
8.532444405882194660e-01
-1.313087079515371514e+00
-1.236388320619864700e+00
-1.198431615759938396e+00
-5.709569601990277521e-01
5.617626432323139518e-01
6.129070994365124481e-01
3.307302841671072025e-01
-4.017464194335709782e-01
-1.268534337359914499e+00
1.909218966598918710e-01
-1.771771434232355169e+00
9.765161267162474346e-01
-4.979937473410039894e-01
9.226266897963563141e-01
-1.068472691061331581e+00
-3.459099658839168145e-01
-3.032153871581736437e-01
3.773096064386110005e-01
7.470319930018517462e-01
5.074126082199212906e-01
-1.611277356369799837e-02
-6.510033652917408542e-01
-6.391587533477963712e-01
-4.104804370470764296e-01
-1.677860838856298109e+00
4.888160984454730240e-01
-1.240319821868171246e+00
-7.348581118880648244e-01
-4.930601640648082061e-03
-8.428943386854075293e-01
-2.496624399986942799e-01
1.745339643338322588e+00
-5.637987420352135182e-01
-7.552128070983232799e-01
9.505799386349682301e-02
-4.435826124257096215e-01
-2.983125244520621333e-01
5.711051828170918832e-01
3.698129773866526970e-01
1.700712423989391153e-01
-5.734843830318661073e-01
-4.048181201706281818e-01
-1.315967078351210906e-01
6.521991808581981687e-01
1.023460111878717396e-02
5.999558405555271978e-01
1.027311823026398230e+00
2.790785961670586013e-01
-1.070159495224779933e+00
-4.245283578162844518e-01
6.649892533321747345e-01
1.471118757827263757e+00
3.400065607333007667e-01
-3.050703263538217858e+00
4.479994730614546977e-02
5.642773375878312736e-01
-1.763693394725693031e-01
-3.492969482714078033e+00
-6.030767304535996631e-01
-4.749269787027980416e-01
-2.114375691576915628e+00
-1.471785771724262171e+00
8.007308598784670384e-01
-2.206795973782938736e-01
5.932773422233483807e-01
-9.780199897492124206e-02
-3.262635054394613654e-01
-8.435030390748531337e-01
1.814263211228237249e-01
-1.223477738421904659e+00
3.042171494968926027e-01
-6.718893028116085242e-01
6.196380990098913910e-03
6.759468461669013717e-01
-2.143908023360160175e+00
-6.818352629635587858e-01
-4.870234770681410308e-01
-1.730878354547512377e+00
2.885955617277880525e-01
-4.963507573306866205e-01
9.885470153529120341e-02
-3.831502779599947339e-01
-6.084208508718863539e-01
-1.916705993655587192e-01
-9.211004004556927471e-02
-1.254508205380944208e-01
8.201367766899775313e-01
2.069681226524197282e+00
1.981947666802359231e+00
-3.566704904811413002e-01
-1.253590939587802877e+00
-1.161456719713288788e+00
5.941554710856837840e-01
-6.707275484160788448e-01
-1.221510863470570252e+00
1.748805367202094230e-01
-2.403573351096776820e-02
-7.505246291856363383e-01
-2.175297337926692387e-01
-3.592037511021455298e-01
-4.621624699029998617e-01
-7.737249042135107002e-01
6.792950693077036417e-02
1.197668080074682395e+00
3.648439481525836969e-01
-4.978012198912617342e-02
-6.002945716763260497e-01
-1.189309517459218035e-01
8.431671475556332673e-01
1.272054972251834393e+00
-8.729021581089018156e-01
-1.418431981861825730e-01
-1.457110644238054920e-01
-6.218359047854651878e-02
7.423347900191605842e-01
-2.504039483152697421e-01
2.516884328596576403e-01
-6.417581909497420689e-01
-1.248621128079685949e+00
5.051804401953596813e-01
6.564618308406544589e-01
1.758992370537492966e-01
2.283587287439849511e+00
1.295104919398047283e+00
-1.104086686547031404e-01
1.235323787089811276e+00
1.384226475186261185e+00
-1.597138725857216446e-01
1.247615618437050822e+00
-2.985020304069831432e-01
8.698071943659722027e-01
1.005535262121945994e-01
2.109703217035924505e-01
-1.714011325338049008e-01
-6.125005288154483640e-01
1.008611626742678402e-01
-7.916047639144664638e-02
3.220870319222219891e-01
-1.426819863928157073e+00
-5.196472462885335375e-01
4.417404405198632200e-01
5.959867634037160911e-02
2.226432681801520097e-01
-1.147442732026069834e+00
8.973237403520066824e-01
9.946804393899466579e-02
1.204367459741095381e+00
1.332033607848323864e-01
-1.857801433571546257e+00
-7.110253945476511239e-01
-2.952918420593854676e-01
-1.099375458025017155e-01
-9.127905936281027061e-03
1.884832122943064459e+00
-1.065229485431326145e-01
1.337179395642177582e+00
1.103418105281031680e+00
-5.439420945515913708e-01
1.077675677847838021e+00
-8.443563376631406658e-01
1.329616730718641726e+00
-1.038839522110412972e+00
-5.735988913418793578e-01
1.116736786643832691e+00
-4.273561988203406492e-01
-1.658996447591388979e+00
4.721525760288829837e-02
6.065235452810575634e-01
-2.152322975419766471e-01
2.237983338328397853e-01
-3.745978751241911542e-02
2.708665179899154563e-01
-1.635439437734224288e+00
-4.101942736602154915e-01
9.931177389693949253e-01
-2.165212720818032455e-01
7.730072246402611702e-01
-4.840074567526501670e-01
-8.688963439283498014e-01
-4.856654650205674550e-02
-2.823934033086185624e-01
-4.206024460221722827e-01
3.448453084988464257e-01
7.591866631120104403e-01
3.338101467629268626e-01
1.531198275507815287e+00
3.498780560109528148e-02
-3.038945212386863215e-01
5.191040627545835395e-01
1.959832394856928284e+00
9.336526502164242958e-01
-9.931441354831119783e-01
-2.245551652976505302e-02
7.154498322971070134e-01
2.154798590068429942e-01
-9.549133311142096181e-01
-5.881002670454529291e-01
4.572924018712939964e-01
-1.164502962075121273e+00
1.214289500719782033e+00
1.903569259896388477e+00
3.798758613746138768e-01
-4.364302916738515004e-01
-8.707028475329762207e-01
1.278537459120614006e+00
-3.572945155171278753e-01
-1.163506997175077079e-01
-2.745524655646125911e+00
1.406430261602504561e-01
-3.795497230814522394e-01
1.114171574222554417e+00
-1.066348050492931243e-01
7.630007145095376586e-01
-3.096794611169976230e-01
1.843070804744678437e+00
-7.213054359817526739e-01
-1.008515819611936593e+00
-1.001900587419165989e+00
-2.288832617867331276e+00
2.036469124409544598e-02
2.111984425740843010e-02
1.739782395394921799e-01
1.233731481453700596e+00
2.882241938435792239e-01
-2.475588763966729278e-01
-9.188396831296581357e-01
1.809438681903133173e+00
-1.088360743608004638e-01
4.008492820976131021e+00
-1.829617408548255830e-01
1.734918251258775745e+00
-3.356275770668927794e-01
3.848399700826057868e-01
-4.140789171821679382e-01
2.464149936638702965e+00
1.212670752260552209e+00
8.090981549257585392e-01
-3.539134401141038055e-01
3.924779997260571113e-02
-6.846369609966957981e-01
2.348420273015848769e-01
1.098668248819492765e+00
1.159850842968888296e+00
-2.067612545989748474e-01
4.357981699799223230e-01
4.402704229976539541e-02
-5.002285926656477866e-01
1.275228918755993979e+00
3.693240887987849774e-01
-3.839247572135141562e-01
-7.342233050363822233e-02
1.102079431152774625e+00
1.107822344909751733e+00
8.427841126098909452e-01
-9.155520975150379659e-01
1.150974909265401608e-02
6.890370410364317078e-01
-3.655672332507264866e-01
-2.130986880799426719e-01
7.347190598062529610e-01
-4.092730332300162366e-01
-1.747717817658483164e-01
8.114468762372376576e-01
-7.326831794465721304e-01
-7.970458772335508035e-01
1.144981417149666392e+00
-5.986472994834505235e-01
9.398345621084044366e-01
4.999420490031966646e-01
-1.290997537808228790e+00
1.547807075245508646e+00
7.374162855353967316e-01
-1.275121485927112608e-01
9.769932630699679210e-02
-3.220866106657222505e-01
-1.952856792499808591e+00
7.930356059637816424e-02
9.138147362633128878e-01
7.987449408590049926e-02
-2.405806173916147928e-01
1.296752080765914694e-01
-4.476222682413694698e-01
1.889467395610578748e+00
-2.189062029650280294e+00
-3.540250700801981787e-01
5.137690821848021894e-02
-7.906560533921490608e-01
1.911859523040231046e-01
4.131428220856228073e-01
6.889625342240278671e-01
-1.016371914595551651e+00
-3.084417186971170066e-01
-1.351223709619600866e-01
-2.301378777442529278e-01
3.989721011008547369e-01
8.028990431229161562e-01
1.136695830429170551e+00
-5.251496408305474928e-01
-4.626195816764882007e-01
6.347005455073342906e-02
-1.889286168360330143e+00
2.814478052337796021e-01
1.776718309054949207e+00
6.576624163353945729e-01
3.349103545791809466e-01
-6.364975504426810815e-01
-1.336770573272424878e+00
5.442982286728731411e-01
-2.409966126031765743e+00
2.715939337688917307e-03
5.108872052970804545e-02
-3.179193864606095210e-01
-9.316003296243988152e-02
-2.707313112475692174e-01
1.079221790159285710e-01
-1.771898514685091408e+00
-1.014437459576921219e+00
3.268936410912539059e-01
-4.805152746971910575e-03
-9.334610101190831122e-01
1.052984586798390687e+00
-3.631097223861339263e-01
-7.275502793480626007e-01
-6.626654478824820504e-01
-3.134212953923685707e-01
-5.498352001703362690e-01
4.972644817658798400e-01
-5.175934190710774763e-01
2.705219586368926010e-01
1.667200332556890152e-01
1.256453827826680358e+00
-3.464431288402045617e-01
6.779548994784067029e-01
1.114080327602081866e+00
-8.742999323952804769e-01
8.133846129290219773e-01
3.739675276593434905e-01
8.438751344667457799e-01
-3.657186169179610369e-01
3.906163836266953737e-01
-1.150970013479976517e+00
-1.314624661851445442e+00
1.896997907882280732e+00
-4.490758728245350384e-01
-4.256474086612860863e-01
-5.025757248235837027e-01
-6.281904203583863477e-01
8.369153402535234321e-01
-4.162199693354551866e-01
-2.586170239086123535e-01
3.971117635243652799e-01
