1.416561927447959413e+01
1.556627207203561625e+01
1.962344060097878895e+01
1.412360801077015537e+01
1.927875195695755295e+01
1.531463293724058161e+01
1.541190594348041998e+01
1.591870698367517534e+01
1.598086724467341924e+01
1.490192804929039738e+01
1.584018776172667664e+01
1.556627207203561625e+01
1.545625044313732666e+01
1.448232194954315233e+01
1.428765823874293517e+01
1.419295968966395805e+01
1.417092900275875245e+01
1.480304137662933428e+01
1.492179053218740137e+01
1.390148102073638370e+01
1.461798711821044172e+01
1.480304137662933428e+01
1.928679211465982490e+01
1.539468555148937590e+01
1.582510683853939959e+01
1.411864708338644192e+01
1.462508030962015582e+01
1.960197620185817868e+01
1.402320128768091578e+01
1.962344060097878895e+01
1.359267551794503248e+01
1.481403965208507856e+01
1.531463293724058161e+01
1.953915668338432710e+01
1.954743821504764512e+01
1.584018776172667664e+01
1.492179053218740137e+01
1.934659286130854383e+01
1.935348378334775532e+01
1.589991920731613462e+01
1.635960421938028020e+01
1.509088739175532012e+01
1.390148102073638370e+01
1.962344060097878895e+01
1.426216932990704223e+01
1.461898690500742859e+01
1.934659286130854383e+01
1.481403965208507856e+01
1.579067701870228291e+01
1.462508030962015582e+01
1.531463293724058161e+01
1.509088739175532012e+01
1.420906532499446939e+01
1.957935110292209302e+01
1.579067701870228291e+01
1.541190594348041998e+01
1.549347301794425569e+01
1.627755910585491961e+01
1.582510683853939959e+01
1.472984671846193194e+01
1.413275336276161909e+01
1.522990258339948966e+01
1.429519907623343755e+01
1.511783781181913255e+01
1.449630200380499012e+01
1.560122389804657850e+01
1.474385773740382533e+01
1.519113062630949074e+01
1.528942433236537468e+01
1.598086724467341924e+01
1.490192804929039738e+01
1.519863827185764293e+01
1.489259956478782954e+01
1.493659656380608070e+01
1.509991422821946827e+01
1.571709346353830128e+01
1.932512846218793712e+01
1.580835239918672386e+01
1.449630200380499012e+01
1.659856808306037834e+01
1.582510683853939959e+01
1.647712770032838137e+01
1.440274355973917153e+01
1.517399057900585291e+01
1.583936724570785159e+01
1.927875195695755295e+01
1.960197620185817868e+01
1.559522425581789484e+01
1.923675678617223994e+01
1.578604625714279308e+01
1.957935110292209302e+01
1.481288015601799657e+01
1.562005528175936675e+01
1.514813482849612569e+01
1.551634721068995049e+01
1.596135686729820513e+01
1.490192804929039738e+01
1.531463293724058161e+01
1.547386891042066104e+01
1.601271544964602711e+01
1.509088739175532012e+01
1.440792821983994187e+01
1.543133946022186720e+01
1.400680386453196036e+01
1.524778606383775070e+01
1.966881717411291319e+01
1.492179053218740137e+01
1.526659522099582489e+01
1.596885769822455181e+01
1.531463293724058161e+01
1.953915668338432710e+01
1.540393031284406966e+01
1.499209992530044033e+01
1.494068373644380188e+01
1.509088739175532012e+01
1.936024064356195140e+01
1.571721856342951718e+01
1.598086724467341924e+01
1.447244225742528556e+01
1.504537008176205148e+01
1.421028797612220629e+01
1.936686216815641259e+01
1.530451367547933295e+01
1.427112649815002854e+01
1.403023618671739570e+01
1.550210532606283742e+01
1.454781659340980227e+01
1.616156444047198093e+01
1.509088739175532012e+01
1.934659286130854383e+01
1.428698845613822499e+01
1.559664937256284922e+01
1.382950748325418466e+01
1.531463293724058161e+01
1.434113937854020016e+01
1.539361482121520552e+01
1.531463293724058161e+01
1.582510683853939959e+01
1.601323459307356600e+01
1.519863827185764293e+01
1.664882252332894552e+01
1.575708398297015123e+01
1.496642182199740390e+01
1.430125458207846023e+01
1.448513263440457166e+01
1.935348378334775532e+01
1.623820460696844492e+01
1.408699072696031074e+01
1.590651514982982739e+01
1.570401950500317767e+01
1.611740477355061429e+01
1.516075439586749596e+01
1.526223624553984237e+01
1.925390863576230771e+01
1.532521509151817796e+01
1.425443449290539988e+01
1.440377759283536996e+01
1.423268956101312099e+01
1.536981450171926689e+01
1.481403965208507856e+01
1.503778519757034005e+01
1.481990129715078197e+01
1.965019482300666809e+01
1.584018776172667664e+01
1.516075439586749596e+01
1.933241392693392413e+01
1.471311789365150702e+01
1.556251950603761003e+01
1.578604625714279308e+01
1.587621813315283426e+01
1.461729220171415911e+01
1.961641689090927088e+01
1.481403965208507856e+01
1.471525218563019699e+01
1.541074822621805929e+01
1.461729220171415911e+01
1.482666214510571123e+01
1.497297820698183202e+01
1.933241392693392413e+01
1.935348378334775532e+01
1.956363985433006647e+01
1.573732535984420267e+01
1.929470967468949283e+01
1.584018776172667664e+01
1.556334002205643152e+01
1.451547806440488486e+01
1.647559888476321888e+01
1.440792821983994187e+01
1.926230894371408198e+01
1.440155355851497276e+01
1.410836723791091529e+01
1.499209992530044033e+01
1.495797980302016938e+01
1.571721856342951718e+01
1.508098692437414989e+01
1.937969411530728436e+01
1.405281034467467727e+01
1.623820460696844492e+01
1.659856808306037834e+01
1.499209992530044033e+01
1.662197701835881603e+01
1.939196943444267163e+01
1.466555513325358362e+01
1.416432952020241309e+01
1.573000315311970176e+01
1.446120438555515264e+01
1.502766593580909138e+01
1.499209992530044033e+01
1.582510683853939959e+01
1.531463293724058161e+01
1.516672464420695476e+01
1.543760213553774108e+01
1.473683795641693806e+01
1.480304137662933428e+01
1.961641689090927088e+01
1.412692985316512662e+01
1.492179053218740137e+01
1.513342417415368857e+01
1.963708838323219297e+01
1.413803735432667530e+01
1.578604625714279308e+01
1.438207133268049098e+01
1.367009039578267959e+01
1.656872043323878785e+01
1.499209992530044033e+01
1.532252330704253929e+01
1.492179053218740137e+01
1.359267551794503248e+01
1.584018776172667664e+01
1.503778519757034005e+01
1.598086724467341924e+01
1.456383619580846833e+01
1.471525218563019699e+01
1.471525218563019699e+01
1.623025296324808409e+01
1.574472149034222213e+01
1.443001102544424441e+01
1.531463293724058161e+01
1.610195457820963938e+01
1.635960421938028020e+01
1.546938634059976536e+01
1.569200995855431024e+01
1.556251950603761003e+01
1.590889261126505261e+01
1.454781659340980227e+01
1.516075439586749596e+01
1.936024064356195140e+01
1.509088739175532012e+01
1.543760213553774108e+01
1.472821445515837979e+01
1.531463293724058161e+01
1.401643649889639320e+01
1.556251950603761003e+01
1.598086724467341924e+01
1.924539082531678957e+01
1.447319818523782864e+01
1.525287574071173857e+01
1.956363985433006647e+01
1.571180394334871622e+01
1.526457536442200968e+01
1.953915668338432710e+01
1.542252121235046403e+01
1.543760213553774108e+01
1.407727590123518624e+01
1.544795440366086225e+01
1.636298100949239043e+01
1.935348378334775532e+01
1.931017190655218840e+01
1.448860118494790328e+01
1.937969411530728436e+01
1.558091328682477972e+01
1.499209992530044033e+01
1.926230894371408198e+01
1.402560707703306342e+01
1.578604625714279308e+01
1.604913343405779003e+01
1.530451367547933295e+01
1.456262396261939074e+01
1.531463293724058161e+01
1.930250336325185145e+01
1.562251757800079766e+01
1.601323459307356600e+01
1.393553467895482711e+01
1.441097574438408380e+01
1.468957408232716055e+01
1.530451367547933295e+01
1.412692985316512662e+01
1.582510683853939959e+01
1.594398352777676209e+01
1.558800647823449381e+01
1.390148102073638370e+01
1.617281374987980058e+01
1.610195457820963938e+01
1.932512846218793712e+01
1.432965808434491883e+01
1.474554920230719013e+01
1.539959627225728056e+01
1.959456177046602932e+01
1.533069811048065212e+01
1.509088739175532012e+01
1.475075511559452934e+01
1.494563918366947597e+01
1.609584531564185994e+01
1.933241392693392413e+01
1.418100340750691224e+01
1.559248000728352856e+01
1.647559888476321888e+01
1.509088739175532012e+01
1.556403177428817841e+01
1.447657107648693398e+01
1.936686216815641259e+01
1.552976050649154516e+01
1.540393031284406966e+01
1.499209992530044033e+01
1.613263429626982770e+01
1.571721856342951718e+01
1.424861461220182335e+01
1.461729220171415911e+01
1.532437615837633693e+01
1.511783781181913255e+01
1.471525218563019699e+01
1.509088739175532012e+01
1.486168254047624160e+01
1.635960421938028020e+01
1.625185333927795739e+01
1.487502788361422112e+01
1.583936724570785159e+01
1.604353370385678446e+01
1.556251950603761003e+01
1.519863827185764293e+01
1.481403965208507856e+01
1.590651514982982739e+01
1.532437615837633693e+01
1.584018776172667664e+01
1.552175604900873829e+01
1.454781659340980227e+01
1.528942433236537468e+01
1.552976050649154516e+01
1.635960421938028020e+01
1.560122389804657850e+01
1.420082668475697218e+01
1.950485553179361986e+01
1.502766593580909138e+01
1.509088739175532012e+01
1.930250336325185145e+01
1.936024064356195140e+01
1.425443449290539988e+01
1.549347301794425569e+01
1.440045575044039872e+01
1.556334002205643152e+01
1.480304137662933428e+01
1.453145608940342726e+01
1.488238589778057985e+01
1.467840129818521433e+01
1.502373177694659745e+01
1.456383619580846833e+01
1.498799222475498283e+01
1.933241392693392413e+01
1.562966741015958583e+01
1.474554920230719013e+01
1.947793155816827237e+01
1.412692985316512662e+01
1.490192804929039738e+01
1.957155741435973439e+01
1.452619363695909094e+01
1.528167993341317832e+01
1.540445570050320789e+01
1.487128708882588413e+01
1.923675678617223994e+01
1.391946658070634690e+01
1.502057274439937729e+01
1.569200995855431024e+01
1.509088739175532012e+01
1.571721856342951718e+01
1.527917668862959744e+01
1.482594012513369819e+01
1.500509103340625927e+01
1.543760213553774108e+01
1.526457536442200968e+01
1.962344060097878895e+01
1.444036968122213516e+01
1.531463293724058161e+01
1.434044446204391576e+01
1.496607060767299302e+01
1.530451367547933295e+01
1.610195457820963938e+01
1.596885769822455181e+01
1.456383619580846833e+01
1.519863827185764293e+01
1.965019482300666809e+01
1.470223572647340049e+01
1.578282746576511997e+01
1.530451367547933295e+01
1.531463293724058161e+01
1.630163574431204410e+01
1.522990258339948966e+01
1.931017190655218840e+01
1.499209992530044033e+01
1.607373746407493087e+01
1.962344060097878895e+01
1.551664236979259925e+01
1.931017190655218840e+01
1.543760213553774108e+01
1.597691370904412089e+01
1.926230894371408198e+01
1.454305355748054041e+01
1.920108381849803081e+01
1.625185333927795739e+01
1.522289648884483704e+01
1.960926166660416570e+01
1.569200995855431024e+01
1.596885769822455181e+01
1.446443823851236488e+01
1.415574647639371086e+01
1.516075439586749596e+01
1.957155741435973439e+01
1.432924906290025646e+01
1.966881717411291319e+01
1.503778519757034005e+01
1.596135686729820513e+01
1.658197709192948111e+01
1.487128708882588413e+01
1.936686216815641259e+01
1.417832876040662526e+01
1.929470967468949283e+01
1.961641689090927088e+01
1.555877124110926957e+01
1.563204487159481104e+01
1.928679211465982490e+01
1.547043493803006697e+01
1.462790330564453711e+01
1.453603241634775500e+01
1.647559888476321888e+01
1.584018776172667664e+01
1.467856773547082838e+01
1.569448450976978471e+01
