-1.652483550827294201e-01
9.983868248869532946e-01
9.338096405264312283e-03
-1.813075737607266480e-01
-1.670097209134145277e+00
3.626627352788998858e-03
-5.609845358554178540e-01
-1.111808804013901530e-01
7.912973182281114459e-01
-1.097099936097462453e-01
-3.074217980120396376e+00
1.341603939327708606e+00
1.064056215476125861e-01
3.739105170995394856e-01
-3.444983473940486096e-01
-2.461860998653145893e-01
-6.393674895926896307e-01
2.191274556332362788e+00
8.168368992191344935e-01
-1.084507940908435275e+00
-2.067658407700406764e-01
-2.603942854501328341e+00
-5.397172906571616746e-01
-4.491068869555054910e-01
1.465248867186411674e+00
-2.342557444035742176e-01
8.555135007725424012e-01
3.742310832793657727e-01
4.847072822668834213e-01
-1.332410783315290503e+00
-1.176593253214517909e-01
1.000280059706424751e+00
1.280016850991548161e+00
-1.293210307302953055e+00
1.122178734884187401e+00
-1.486418068498710054e+00
1.779625314257873292e+00
-5.215764429263866075e-01
-1.444578896798157652e+00
1.660066436318702321e+00
3.038378326988804834e-01
-3.017969010707281519e-01
-1.209262545822048063e+00
1.086830001797177037e+00
4.976291880097968856e-02
4.048860907052256181e-02
1.225582990392437566e+00
8.777317723512111092e-02
-1.912778524195464236e-01
8.356829980184771189e-01
-9.403845163065711193e-03
1.797643923946743660e+00
-1.555763696325943857e-01
-2.259711511121435645e+00
5.226668370112574902e-01
-1.420060619491138043e-01
1.751090808277460997e+00
-2.318705264579801195e-01
-2.878598067516520698e-01
-7.008167016920342496e-01
9.315627343193809695e-01
6.650102579259619118e-01
8.336336279547167383e-01
-2.262164654035601352e-01
-6.915839137860531061e-01
3.036775933656847837e-01
1.058970642487821578e+00
3.542207434455214576e-01
9.442217519437379192e-01
3.498698545106285196e-01
1.233179424287851080e-02
4.274307407401191639e-01
-1.393114823034455663e+00
9.135720097295678688e-01
1.387267457143068483e-01
5.428096169511827940e-01
2.768873425436160773e-01
4.852384239552688938e-01
4.415764532349493732e-01
5.610803638988208775e-01
-1.950833160880925066e+00
9.237356921098103246e-01
-6.540427810819683385e-01
-4.193461536311331450e-01
5.584793189206349595e-01
-1.405448652162183620e+00
-1.494447554355163854e+00
-1.231664919730384833e+00
-7.490880042962466678e-01
2.160668902764760479e-01
5.254605637692548736e-01
3.167814651329208808e-01
-2.119185893667533127e-01
-2.342844646719502766e+00
7.961188437081161418e-01
-2.330523406408422371e+00
1.697303317964866887e+00
1.048201015524433455e+00
4.862511629709215244e-02
-1.543827156486169194e+00
1.031529339216590957e+00
-1.125016296439001140e+00
1.419236338442903256e-01
2.264209370719579284e-01
3.888490405023633523e-01
5.179497416103113760e-01
8.901780697961075850e-01
9.890804221917182115e-02
-1.889402423586322932e+00
-7.445134590887593495e-02
-1.155257877259790789e+00
-9.159817541364905225e-01
3.704436083629144005e-01
1.289850047563971813e+00
-5.686515792759374577e-01
-1.298425507522776190e+00
-2.905116798483757257e-01
-1.196537919703293484e+00
2.729985082367997751e-01
-2.095899818331113107e-01
3.395119694783900188e-01
-1.687741019001830489e-01
-7.499620137480963455e-01
5.474268394802268567e-01
-1.581629921320923393e-01
-2.690554585004456198e-02
7.729505291121722965e-02
1.466469322460411395e-01
-1.123798471613852934e+00
7.949359902790978927e-01
7.742260157495122197e-01
-3.939001924126774856e-01
2.118095871166686406e-01
8.183711377613351878e-01
6.965486491044673434e-01
4.846089453040659523e-01
7.645828963672636203e-01
9.348816145950474832e-01
-2.192108756394740343e+00
-4.040415678062194704e-01
5.328771595242073333e-01
-9.738650191655903732e-02
-2.964339135847470885e+00
-1.102988170551742059e-01
2.561861712040021388e-02
-1.704855004587637612e+00
-1.140080805163161681e+00
1.326973479947679779e+00
6.544326279769732135e-01
9.876737405993065710e-01
3.625016281569533594e-01
1.083155686501690473e+00
-1.953177683996012992e-01
-7.887710818512858602e-01
-9.408625905672819423e-01
2.757657409341043864e-02
-6.843018865241774495e-01
2.689047056692203119e-01
6.498025067146616651e-01
8.270408208959634244e-01
-2.517768503692063842e+00
-8.011944489544434722e-01
-2.056627907575645064e+00
-1.203081361155763918e-01
-1.203222966193947113e-01
-8.252839169359322824e-01
-1.251087072044551052e+00
-2.212163772416502749e-01
-6.340082842385145190e-01
-2.455085986389873853e-01
-1.400763620215250138e-01
5.471968599585849136e-01
8.802205385133544668e-01
2.259892853090325282e+00
-4.062275431611693799e-01
-6.285916893048779652e-01
-3.706402210802448582e-01
1.345759844423296991e+00
-7.935781699038735315e-01
-1.295282889757667588e+00
7.332476740182587438e-01
-1.501104429335434476e-01
-1.465265424868771538e+00
-9.236850535211524882e-01
-1.029535412983146436e+00
-1.032041608215792605e+00
4.634072854600582853e-02
-5.499189969830999836e-01
1.264783466404775014e+00
-2.107037927205952441e-02
1.182593005373846928e+00
8.601710867761099832e-01
7.893042214616222685e-01
9.680798281272861017e-01
2.014916400873877633e-01
-2.497780893932329160e+00
-1.483615491587941260e-01
8.229693430764182249e-01
-3.754798646768535142e-01
-3.016723709713919899e-01
3.425343489412136511e-01
-1.335278547978361041e-01
1.078936849952022575e-01
-2.401270954247423650e-01
1.060121751088235253e+00
-2.420084543745113295e-02
5.639486827600266317e-01
9.136830764778562930e-01
1.114213951602075703e+00
8.251024280062511096e-01
6.904367388772628678e-01
-6.124037333945440142e-01
-1.008620392951593003e-01
1.370956789920615648e+00
-8.757345844624478959e-01
5.583116716440517102e-01
-4.798511359445599145e-01
1.354799750112553047e-01
-7.164048702315858330e-01
-1.976041403659132001e-01
-1.180109535506730783e-01
6.364312702509093977e-01
1.122336443258367261e-01
-9.049319467722910515e-01
-4.730552274179318784e-01
8.906495430152636117e-03
1.158635702484401842e+00
3.354444389897612289e-01
-1.046398842555351205e+00
1.607480582973040750e+00
9.276544490005819155e-01
4.989650510338528577e-01
2.032361341419866019e-01
-1.173543365432942048e-01
-6.794659826157460891e-01
-1.701815170337898364e-01
1.184255591189167511e-01
8.992603557450766782e-01
2.247704637318388432e+00
-4.315746001659327979e-01
5.113495623537394064e-01
1.243187652490746142e+00
-6.468322128136777538e-01
8.682668627649148263e-01
-3.647239288737183505e-01
1.699402840469437681e+00
-1.408328833078779541e+00
9.574472335272785628e-01
3.566476345071798448e-01
-1.541727028232148244e-01
-2.169398963234880351e-01
2.936695166220300024e-01
3.650382821946673850e-01
-1.137494736974813958e-01
6.661506074856025916e-02
4.953341562253815722e-01
-8.732463434321582896e-02
-2.016371165006067390e+00
2.999673158198166711e-01
5.424841498478866209e-01
-8.398008381650549081e-01
3.143688059029101090e-01
6.367860560166562767e-01
8.736455033793334712e-02
4.034031994298660773e-01
-1.259549806455720233e+00
5.818892622306895968e-01
-9.548379940202850191e-02
9.667305468063380758e-01
-5.829260397497428858e-01
1.579870908569747545e+00
2.984592231739871537e-01
-4.869763644577632111e-01
-4.083125195232604199e-01
1.882801608192671949e+00
5.332976021259515642e-01
-1.462265279796790551e+00
-2.898062966265315121e-01
1.693927065759228690e+00
3.059717575943040127e-02
-1.201113255292938664e+00
1.992740238471235048e-01
5.416996455964524781e-02
-1.222051433308728896e+00
-3.130276030469773541e-01
1.867983940181715097e+00
8.616557808300665533e-01
2.550232641918641630e-01
-5.322684884417376583e-02
6.062261620321032218e-01
-9.626024063254140506e-01
6.667994428676438101e-01
-2.531855738180753157e+00
2.952906129979613811e-02
-5.878021451042636514e-01
-4.806922339104807533e-03
8.447805894084727818e-01
4.843391441056792979e-01
3.114651442520584568e-01
1.031529339216590957e+00
-4.010906472077579998e-01
-2.474414407931606164e+00
-3.822105975607064110e-01
-5.879528436845946754e-02
1.901332644779214209e-01
-9.336995638686963472e-01
1.459030637495885019e-01
-1.736307137745761453e-01
9.053752592858387294e-01
-1.626908745343941254e-01
-5.631832572693007410e-01
1.972375005133128467e-01
-2.625399394711775969e-01
8.334565849534067983e-01
5.146793239535003561e-01
2.166361931614213088e+00
9.899756025255338487e-01
-2.444168505867994751e-02
1.676234230108749890e-01
1.208895473510686047e+00
1.816424492090743747e+00
1.370889601244275058e+00
-6.831958726952742644e-01
1.373985940309440101e+00
-8.633000639659245412e-02
-1.077856581947783221e+00
2.082224144119230180e-01
1.014672670369227481e+00
-6.689241530400404923e-01
6.530906543099850303e-01
2.169928645371516918e-01
4.393496854596757456e-02
-5.643629143230607381e-01
-8.953047019269901874e-01
1.804896135072853458e-01
4.902511828797114224e-01
1.366518124923021160e+00
-3.969947167646547537e-01
9.500162043518504129e-01
-2.117878373368660139e+00
3.104877139287610666e-01
5.601084768278070669e-01
1.029032888012815672e+00
2.739272218787404123e-01
1.586061044434587952e-01
-5.325244281963914528e-01
-2.836576825614689490e-01
1.450879318559899211e-01
-3.222097053806118883e-01
5.869567286940018391e-01
9.238453272662723315e-01
-6.354561163243389599e-01
1.653589682716735343e+00
8.904057212415464884e-01
-1.045417269451971221e+00
1.393193606936562468e+00
1.107875525580664711e+00
-1.245745838777639225e+00
5.202558676834355689e-01
2.462673109335158372e+00
-2.212541249643633190e+00
2.558289461634334350e-01
1.341959821414239196e+00
8.526974612448517954e-01
7.234853764421388389e-01
2.278025112867012869e-01
-3.147304510494904339e-01
1.920765397820611842e+00
-1.430511876083255356e-02
-4.249956344329922087e-01
-6.121021192205331474e-01
1.283140017433265667e+00
1.452974395756658543e+00
1.728588940926423512e-01
9.916291104443113458e-01
-8.875944222550710139e-01
1.553465667566354680e-01
-1.554825882087910449e-01
6.396999326154807486e-01
-1.194458353272128237e+00
2.150523410367300714e-01
6.774125739999805607e-01
-1.041942995472860067e+00
3.754635111612205645e-01
5.164083001303171327e-01
-2.540937114361669913e+00
-1.076928547048199070e+00
1.084944044208942193e+00
1.321527902312735758e+00
6.243306332041864692e-01
3.401109300126737289e-01
-7.431136432315847973e-01
4.002898826360662965e-01
-1.196666144962841738e+00
-4.950275404011646452e-01
-5.178244166472920629e-01
-1.142326371238841842e+00
5.876610655414769013e-01
-8.844101097705119319e-01
-7.741606273054187914e-01
-2.446823701732836920e+00
-2.092631219894141470e+00
1.096795080408813794e+00
2.688679187113177660e-01
-1.362780769340151243e+00
1.651769236340089764e+00
2.113037962463522323e-02
-6.148083596374236404e-01
-1.118365243939686837e-01
-5.699871008611424594e-01
-2.450033487391435061e-01
1.049421023190592883e-01
-2.366940392424499717e-01
-4.926297312403003503e-01
5.338118285155385445e-01
1.666795890795805146e+00
4.665787879311518727e-01
4.498029330167280238e-01
1.320040452048528934e+00
-7.558109274476495498e-01
-7.716356984018085501e-03
-3.723789020344160372e-01
6.437683951719522790e-01
-1.280895242996698824e-01
-1.289984019441695162e+00
-7.342900074595457571e-01
-4.873797225574845737e-01
7.506428431233422849e-01
-1.873257529773409563e-02
-5.025301978884130216e-01
-5.801877593025680513e-01
-3.239431477166632711e-01
1.120558515871041383e+00
-3.612964588741696126e-01
6.180830623196582885e-02
2.366027160771249638e-01
