-5.947533763802388407e-01
1.722034621363124796e+00
7.754744736946241890e-01
-1.560545809893627345e+00
-3.119732694750832369e+00
-4.673349886099939510e-01
-1.145703937002245099e-01
-6.389413317804444603e-02
-3.181612712497615125e-01
-1.596000706115059620e+00
-6.682096060938219617e-01
4.729728662973981534e-01
1.158497477884127047e+00
-7.801345135164444722e-01
-2.271041632122969833e+00
-3.059161679908213860e-01
4.528446718176719690e-03
2.228703348093659997e+00
6.615169429575509241e-01
-5.117729817952549887e-01
-1.955747942687881546e-01
1.052527099039231251e+00
-1.138907480231217129e+00
1.384989572552111747e+00
3.795930417689409864e-01
-5.150593164086767484e-01
-1.112777771616982880e-01
3.239242662230069625e-01
1.963507224163199838e-01
-7.090802281408742358e-01
-1.987476505349000222e+00
-1.100097083255549224e+00
1.221312233711388862e+00
-7.812626362955177317e-01
-1.500256103727531487e+00
7.796631317088094093e-01
2.173872264704403978e-01
4.761484395660151026e-01
-1.664334593308787413e+00
1.006976994690351512e+00
-1.423250314208335254e-01
-2.784782739551187603e-01
-1.009137596417209459e-01
-1.433861293804216563e+00
-4.192006889353342425e-01
-8.072689241822379458e-01
1.103020363592439157e+00
-6.718040318524202137e-01
-7.158610042386620576e-01
4.643338175374582266e-01
-2.686047242278628011e-01
9.873976115700536793e-01
-4.159494993275947988e-02
-4.721344442447989564e+00
2.779854954240474907e-01
-1.006563423392889955e+00
2.116372122238823650e+00
-1.562290612134685786e+00
4.317098788524767472e-01
-1.877984577180193293e+00
5.693230151903919817e-02
4.654650958120409160e-02
3.886963999606274922e-01
-8.688820006511376384e-04
1.101691783882064124e+00
7.175573646411060880e-01
4.630565218890650980e-01
6.027689707248296003e-01
3.253885594509174362e-01
3.313269337333512587e-01
-2.732416193053656683e-01
-8.851027052728607791e-02
-1.297873467826511362e+00
-2.844272385733165875e-01
-5.607563076587840367e-01
1.878368809562867836e-01
-1.031794284825929831e+00
2.554526619072269966e+00
1.200397985455216476e+00
2.054607035461007758e+00
-6.856427219978468435e-02
1.617809609455868713e+00
-1.237160153462030232e+00
2.701187737349102780e-01
1.287623440567843280e+00
-1.905947110834231628e+00
-2.118040060388325152e+00
-1.434247868861045605e+00
-3.140526839857280539e-01
1.103753221470862522e+00
1.421705102188238978e+00
3.544122540731314830e-01
5.652920454148155915e-01
-5.187642860634257280e-01
4.504333755069098166e-01
5.323601036637750639e-01
5.089480222973455925e-01
-6.849203710625352548e-02
1.120731817307530687e+00
-1.075824968611768656e-01
-1.054061336060193449e-01
1.505063221169253840e-01
-4.652060510814777228e-01
5.207982643349976654e-02
-2.233813517378485658e-01
-5.168886716433451767e-01
-1.730805258214715703e-01
-1.832953081667984541e-01
8.427317850258192466e-01
-4.412655361604383986e-01
3.254455038607918516e-01
-9.318802880411442002e-01
-7.686622852199013201e-01
-5.198986345138300047e-01
-1.244355445644929725e+00
-3.221891240789077071e-01
1.074775951313611477e+00
-8.935921702569685765e-01
7.080016355973628439e-02
-3.019600630111064429e-02
3.072661122812201176e-02
-9.822189744307372461e-01
3.219747238906174869e-01
9.794020644214868065e-02
3.580967540877381117e-01
-8.582954004307489226e-01
-8.846140613946779085e-01
1.014162337125353419e+00
9.517766721532161522e-02
1.044570450614307644e+00
-2.654462485576954967e-01
-9.068419589835094996e-01
7.778656604770155525e-01
-7.163741928555090732e-01
-1.287970901469978280e+00
1.341720205818968115e+00
8.325831390381964736e-01
-2.505858260249201330e-01
-1.854335495297227299e+00
-9.759316373660140709e-01
4.870335909918560025e-01
5.868190580031009684e-01
-2.142053053009583596e+00
-7.597228849294982433e-01
-1.037941943014974777e+00
-3.051761769333301011e+00
-1.230951720995650200e+00
4.326783950687229652e-01
-1.826355716211053859e-01
1.623223000875097799e-01
1.241304412115803668e+00
8.121096136574863511e-01
-9.734471454388123890e-01
-8.338331290943695739e-01
-1.294599442292010405e+00
-6.617974468502506591e-01
-1.589898611646928250e+00
1.050810518435413732e+00
9.379492836921056176e-01
-1.206085644328904083e+00
3.606282200468849952e-01
-8.187774143608315125e-01
-3.629717056272354192e+00
1.269063534430178164e+00
-8.369877678434096691e-01
-7.705578648631581373e-01
-5.280082168228177331e-01
-4.699571542637165367e-01
1.103753221470862522e+00
-5.578981191253383765e-01
-3.513218011228600585e-02
1.867885698587260945e+00
8.428562432834879603e-01
3.020884967447716729e+00
3.040318680785924488e-01
-6.840037625807535715e-01
-1.971009670667974722e+00
2.708632691925598746e-01
-2.399505139284363597e-01
-3.704819451016969634e-01
-5.818206592291382817e-01
8.253156545003437206e-01
5.063836805044478195e-01
-1.039250124795615543e-01
-1.075762042933356089e+00
-1.258479491005085327e-01
-5.190536696397364258e-01
-5.786377244864138181e-01
1.030837955437795550e+00
4.626924537210516108e-01
1.534460541530689726e-01
-1.094501801622752152e-01
-4.780617765910292194e-01
1.454194253986083041e+00
9.792918365311266138e-01
-1.402519894348107365e-01
-2.316870942538860889e-01
8.925037404310824929e-01
-1.038859648325964447e+00
7.862412119345966177e-01
3.559688700861367572e-01
3.812937781965062833e-01
-3.180153109865725969e-01
-1.052768252014778971e+00
-5.997816780735273356e-01
-7.020588853295444132e-01
1.431404934866852496e+00
1.786284954884603815e+00
8.986354931743931740e-01
1.331652176864456472e+00
1.683409679516581825e+00
1.553795053722403230e+00
-8.168635976072429195e-01
5.339271560418020757e-01
4.477152659726618134e-01
2.795306625720192159e-02
2.492750107364163081e-01
-7.236548275726776280e-01
-7.541728914211028867e-01
2.880184452214930579e-01
-1.872544069126895819e-02
-6.689232682484450576e-01
-1.378986817600225678e-01
-1.310053013196008365e-01
1.596325453105718051e-01
-1.610152546157989917e-01
3.985349177976523216e-01
-4.292224191713502335e-01
-6.290542538514090065e-01
1.123696029909354355e+00
4.598328819989956351e-01
-4.419880729642564621e-01
5.469337510978148353e-01
-5.925405905102137938e-01
1.991528897307043577e-01
-4.085000453478112026e-01
-5.103072504950285637e-01
9.579990390963128988e-01
1.803107726449313608e+00
5.630041810545701429e-03
1.215246720678581749e+00
5.949398042532009212e-01
-4.205361652248880144e-01
6.361762327255625626e-01
-1.029300807670382234e+00
-1.084761272592725256e-01
-1.217394227170356169e+00
1.481912040969863287e-01
1.548224552422844846e+00
-6.018587151245310407e-01
-3.838280950517067303e-01
6.130047454243164884e-02
-6.744906689700011504e-02
-9.017075065467599071e-01
3.615540201208640725e-01
1.005592893777077279e+00
1.280971981550862726e-01
-3.715128035532404116e+00
1.214072478993054149e+00
1.711224296341746998e+00
3.828856764447881034e-01
2.822063847059916308e-01
-9.708554813353791058e-02
-5.961041261391214485e-01
-3.506331551090456355e-01
1.752149542818361438e-01
-8.085194874582213309e-01
2.900518937349250703e-01
-8.536085308542762373e-02
-1.045320215526272856e+00
8.439485284053677150e-01
-1.306833719081101242e+00
-6.524058056252164395e-01
1.093575343144652517e-01
1.925486059768902747e-01
1.809545867530448215e-01
-7.749397599082644694e-01
-1.245235969064052650e+00
8.108217880166130875e-01
-1.101508575075427432e+00
-3.799600382771421425e-01
9.873752875699245424e-01
5.806443169412109362e-02
-1.023345502892713865e+00
6.597322929058688779e-01
1.287066495419214363e+00
8.950277221251106141e-01
1.473540741415495958e+00
-7.374342449187754056e-01
5.544912921079692136e-01
-7.356740307669817902e-01
-1.381716474405120909e+00
-1.471177544749233457e+00
4.232858541541847930e-01
-1.591925199801469848e+00
1.560400932021452691e+00
-1.021309204830311623e+00
1.553691853660907896e+00
-1.178796970796670784e+00
1.871564005469754433e+00
-6.263173485914977912e-01
-1.167907946480765347e+00
-1.056884044943090517e+00
-1.884058746912135263e+00
5.514724808803925932e-02
7.897719562296154350e-02
-1.073386476796127864e+00
7.159393266544443746e-01
-1.164564148163371282e+00
-1.511017927412446449e+00
-4.899143805675143515e-02
6.239802822255305532e-03
-6.608480939846511637e-01
2.088833183789280845e+00
3.805214615594667560e-01
9.570613497633694289e-01
3.397068272941924927e-01
-2.751706541301836006e-01
2.429489760034310442e-01
1.075760123407012658e+00
-3.443841243480539882e-01
1.110717594247813134e-01
-1.037824823428235982e-01
4.849810322398908635e-01
-5.697454400302921496e-01
2.298672998782451959e-01
2.302153740326173814e-01
7.189645726316864494e-01
-7.520625779882711415e-01
7.237470082790899983e-01
-1.074797490322611182e+00
-2.869233018835021798e-01
1.873655439660764088e+00
4.476512561602486451e-01
-1.907226832233427372e-01
7.537412326822469089e-01
1.299260541934800672e+00
9.718460043247038049e-01
4.288841493106667069e-01
1.021807091758912156e+00
4.743840802084407504e-01
1.369584032809953333e+00
6.085328748208860272e-01
5.703216830987548613e-01
1.055985187518806212e+00
-5.650291276755478043e-01
2.720255149747677695e-02
2.237651889877812383e+00
3.039534659062085864e-01
-9.932396267108970500e-01
9.597179449304349408e-01
-9.709056617295106495e-01
7.800723689187234466e-01
4.056326435231439875e-01
-2.726679574130248085e+00
9.516855864023424649e-01
6.610564317668895518e-01
-6.400742562208757702e-01
-3.631036859996562005e-01
-5.171304657307166375e-01
-4.788168888740709228e+00
-7.006904075106341612e-01
1.185662810438925074e+00
8.648843570233873956e-01
7.683449081375223200e-01
-5.757570048975506616e-01
-1.917372561011768228e+00
1.415945349428592959e+00
-1.958160916969426957e+00
-5.819326047714021843e-01
-3.949174756263137409e-01
-4.349229244838612729e-01
4.468160737078872291e-01
1.382737351091298139e+00
7.643809377873812538e-01
-7.855312647900170031e-01
1.240321035687357437e-01
2.861110465372992961e-01
-7.598535612157244490e-01
3.976279120154353475e-01
1.243622144749863656e+00
1.570123811349739551e+00
-1.927773270274842021e+00
-1.563238542950165400e+00
2.019183436250786834e-01
-2.736601081153052228e-01
9.191866157532025960e-01
2.201634368578685719e-01
4.487874664547392700e-01
-2.575771334971123094e-01
-5.458297784731145352e-01
-4.010183645913509842e-01
1.034353458784843083e+00
-2.099551200362012704e+00
3.017667992105991792e-01
8.383454471715588718e-02
-9.907471070562421378e-01
2.871153822745965423e-01
4.458646735727007232e-02
-2.835219063218510360e-01
1.508751268638476029e-01
-1.030490655352267693e+00
-4.126510243819287993e-01
6.046331321589170499e-02
-1.304770905120024693e+00
5.125082663341823386e-01
-1.143558082410402799e+00
-2.048072764504136334e+00
-4.236032329691538090e-01
8.031855162322473207e-01
1.559852662139762369e-01
-1.695309308909637713e-01
-2.220504597788976187e-01
2.859523014461516910e-01
5.200925793916710838e-01
1.313101465380508870e+00
-4.130861203765581746e-01
1.638220081772426617e+00
-3.263103746021617790e-01
7.543460051812040934e-01
8.135461412817204252e-01
1.980248139860100398e+00
4.366425820766247634e-01
-9.096650687959374482e-01
-8.691487552957303242e-01
-1.888065656962984784e+00
-1.140190986327292544e+00
1.685933498881063919e+00
-1.089379972884907621e+00
-4.443762475317645788e-01
1.502000808143423294e-01
-6.010400595483138958e-02
1.218409395636393500e+00
-1.062399118340846771e+00
-3.474508098882160834e-01
-9.103778078426631726e-02
