1.251920864814120726e+01
1.318079830399035224e+01
1.506606335561686905e+01
1.240463185523129752e+01
1.508338037393917830e+01
1.303956075979574258e+01
1.307119659186144034e+01
1.352126730843703939e+01
1.376843685692180941e+01
1.279210571363977245e+01
1.279694127167142526e+01
1.318079830399035224e+01
1.310383988680874801e+01
1.283670860636047095e+01
1.272023990630020229e+01
1.266253220325210549e+01
1.264898891277427673e+01
1.214139631054319324e+01
1.292185288932208032e+01
1.226329548322442164e+01
1.261078023433983653e+01
1.214139631054319324e+01
1.507676548261816762e+01
1.253448943854556319e+01
1.288846665670572023e+01
1.261664145469235798e+01
1.274245901738740905e+01
1.509026436008030458e+01
1.255669601845408501e+01
1.506606335561686905e+01
1.201797370860693448e+01
1.285747828609970789e+01
1.303956075979574258e+01
1.514565409671679674e+01
1.513944054629362057e+01
1.279694127167142526e+01
1.292185288932208032e+01
1.501641665936450565e+01
1.500792200177161462e+01
1.339300591172442978e+01
1.399886610698859357e+01
1.290712498235207129e+01
1.226329548322442164e+01
1.506606335561686905e+01
1.270478234364835224e+01
1.280276205990084648e+01
1.501641665936450565e+01
1.285747828609970789e+01
1.332530667446191153e+01
1.274245901738740905e+01
1.303956075979574258e+01
1.290712498235207129e+01
1.254780123570051664e+01
1.511257219241156946e+01
1.332530667446191153e+01
1.307119659186144034e+01
1.259424274141160183e+01
1.361887662002871124e+01
1.288846665670572023e+01
1.297888364411741868e+01
1.262539957885496733e+01
1.308993616334897503e+01
1.272480326739770540e+01
1.248484274229319801e+01
1.206723580683239661e+01
1.265861734463397426e+01
1.298666082490669460e+01
1.286601198321697481e+01
1.313115160773798884e+01
1.376843685692180941e+01
1.279210571363977245e+01
1.297149958557444371e+01
1.306707411545709796e+01
1.298914592211543884e+01
1.307963690840459670e+01
1.336821606759513514e+01
1.504061766382794119e+01
1.345563351555151144e+01
1.206723580683239661e+01
1.413719003402604457e+01
1.288846665670572023e+01
1.373173413360654394e+01
1.267079158187822863e+01
1.284569065800615562e+01
1.367803086657747969e+01
1.508338037393917830e+01
1.509026436008030458e+01
1.350807872431966317e+01
1.511346339306087572e+01
1.376982553880155891e+01
1.511257219241156946e+01
1.280238879347515280e+01
1.332997826731492452e+01
1.238112655484358626e+01
1.328570966850374724e+01
1.295639690511112008e+01
1.279210571363977245e+01
1.303956075979574258e+01
1.311646071859735585e+01
1.357618170543173086e+01
1.290712498235207129e+01
1.265406125360244260e+01
1.308567201930797808e+01
1.254625968575071759e+01
1.315733913357300899e+01
1.500200609556103615e+01
1.292185288932208032e+01
1.294847006317040439e+01
1.286791606304988278e+01
1.303956075979574258e+01
1.514565409671679674e+01
1.320590850678513917e+01
1.284737167948603265e+01
1.299146324076089520e+01
1.290712498235207129e+01
1.499921103355946528e+01
1.272667851885527313e+01
1.376843685692180941e+01
1.250932244759641954e+01
1.304991773506465158e+01
1.254859918250583384e+01
1.499028226518802143e+01
1.247922347269930299e+01
1.271022024587159116e+01
1.256115983055715901e+01
1.358850005950162299e+01
1.259858806276963250e+01
1.355081544580741237e+01
1.290712498235207129e+01
1.501641665936450565e+01
1.252445301775557951e+01
1.332710686139432354e+01
1.242968372436456725e+01
1.303956075979574258e+01
1.256113353808747135e+01
1.305729098766273033e+01
1.303956075979574258e+01
1.288846665670572023e+01
1.346198460904069094e+01
1.297149958557444371e+01
1.382336916459779275e+01
1.341659577180305085e+01
1.226121747306747345e+01
1.260710823738041420e+01
1.283836671653513228e+01
1.500792200177161462e+01
1.300604360136348348e+01
1.259689829622073809e+01
1.372137531719820558e+01
1.371879016066944601e+01
1.352454107509274550e+01
1.306017681635953132e+01
1.316468890083888077e+01
1.510202251474874302e+01
1.300206244757234408e+01
1.237227665890039319e+01
1.248784050739352480e+01
1.268683800220990143e+01
1.303871933850614617e+01
1.285747828609970789e+01
1.298991406354337741e+01
1.274107033550765955e+01
1.503078090336961736e+01
1.279694127167142526e+01
1.306017681635953132e+01
1.503276300085263628e+01
1.296955548112312329e+01
1.362838417032511273e+01
1.376982553880155891e+01
1.382509150464781911e+01
1.265190217579695187e+01
1.507434319213053087e+01
1.285747828609970789e+01
1.279772498323366747e+01
1.321029601231604644e+01
1.265190217579695187e+01
1.303193041089672910e+01
1.300968357517024820e+01
1.503276300085263628e+01
1.500792200177161462e+01
1.512641217887053102e+01
1.329168884325300581e+01
1.506994768653818539e+01
1.279694127167142526e+01
1.274729457541906186e+01
1.254036603486201606e+01
1.406692728120989244e+01
1.265406125360244260e+01
1.509600740046443335e+01
1.260101764891096288e+01
1.248070366906999240e+01
1.284737167948603265e+01
1.310106271271853728e+01
1.272667851885527313e+01
1.233778210422285859e+01
1.497176536980712669e+01
1.238096321258585419e+01
1.300604360136348348e+01
1.413719003402604457e+01
1.284737167948603265e+01
1.380942253244537810e+01
1.495235939930867275e+01
1.283070117475785743e+01
1.251835227325872069e+01
1.328704114148489701e+01
1.282422470576154971e+01
1.242957677644693959e+01
1.284737167948603265e+01
1.288846665670572023e+01
1.303956075979574258e+01
1.304499744564638597e+01
1.310982351261189471e+01
1.298276840000143650e+01
1.214139631054319324e+01
1.507434319213053087e+01
1.243819381114116140e+01
1.292185288932208032e+01
1.318754903902980580e+01
1.504885772981182868e+01
1.262867426864027109e+01
1.376982553880155891e+01
1.265793172028314473e+01
1.208029888700628973e+01
1.378132276292163994e+01
1.284737167948603265e+01
1.299975512574012093e+01
1.292185288932208032e+01
1.201797370860693448e+01
1.279694127167142526e+01
1.298991406354337741e+01
1.376843685692180941e+01
1.257409971400794291e+01
1.279772498323366747e+01
1.279772498323366747e+01
1.359130454666698640e+01
1.329637474290936439e+01
1.268767768959408393e+01
1.303956075979574258e+01
1.293811335295808540e+01
1.399886610698859357e+01
1.311326618626922169e+01
1.281826936679751938e+01
1.362838417032511273e+01
1.339850968649999885e+01
1.259858806276963250e+01
1.306017681635953132e+01
1.499921103355946528e+01
1.290712498235207129e+01
1.310982351261189471e+01
1.286804062186348219e+01
1.303956075979574258e+01
1.255239596501902000e+01
1.362838417032511273e+01
1.376843685692180941e+01
1.510784068243421174e+01
1.270425726679409095e+01
1.293469423126549067e+01
1.512641217887053102e+01
1.336621739744916404e+01
1.294647581528037250e+01
1.514565409671679674e+01
1.320134889764618968e+01
1.310982351261189471e+01
1.259081338654493187e+01
1.355181953916973114e+01
1.366791800887949471e+01
1.500792200177161462e+01
1.505569742194118987e+01
1.272369472550355773e+01
1.497176536980712669e+01
1.319009609457280519e+01
1.284737167948603265e+01
1.509600740046443335e+01
1.255822345039337407e+01
1.376982553880155891e+01
1.359715424971324893e+01
1.247922347269930299e+01
1.276874701539264123e+01
1.303956075979574258e+01
1.506292549615920606e+01
1.321766331856394494e+01
1.346198460904069094e+01
1.250031859870712125e+01
1.267589850105562910e+01
1.221157077681511005e+01
1.247922347269930299e+01
1.243819381114116140e+01
1.288846665670572023e+01
1.344842509346632298e+01
1.332177487762037771e+01
1.226329548322442164e+01
1.355748004030184717e+01
1.293811335295808540e+01
1.504061766382794119e+01
1.243060990883821759e+01
1.269400879578405572e+01
1.351808586002380252e+01
1.509790867059647823e+01
1.300672493008207731e+01
1.290712498235207129e+01
1.288138636335074416e+01
1.237854139831482492e+01
1.351165514765370901e+01
1.503276300085263628e+01
1.252938843192094787e+01
1.319780841352039147e+01
1.406692728120989244e+01
1.290712498235207129e+01
1.317876724356502294e+01
1.254386703266957426e+01
1.499028226518802143e+01
1.328562117780159824e+01
1.320590850678513917e+01
1.284737167948603265e+01
1.348604341465685152e+01
1.272667851885527313e+01
1.269654073425289376e+01
1.265190217579695187e+01
1.260897064838161086e+01
1.248484274229319801e+01
1.279772498323366747e+01
1.290712498235207129e+01
1.305070019949462967e+01
1.399886610698859357e+01
1.393449150376622114e+01
1.219644020665595008e+01
1.367803086657747969e+01
1.348025626477733852e+01
1.362838417032511273e+01
1.297149958557444371e+01
1.285747828609970789e+01
1.372137531719820558e+01
1.260897064838161086e+01
1.279694127167142526e+01
1.328062045206422326e+01
1.259858806276963250e+01
1.313115160773798884e+01
1.328562117780159824e+01
1.399886610698859357e+01
1.265861734463397426e+01
1.266735678280388733e+01
1.516853883242113454e+01
1.242957677644693959e+01
1.290712498235207129e+01
1.506292549615920606e+01
1.499921103355946528e+01
1.237227665890039319e+01
1.259424274141160183e+01
1.245427855148366270e+01
1.274729457541906186e+01
1.214139631054319324e+01
1.286556930716217728e+01
1.306168568965054178e+01
1.265066434516332805e+01
1.313431912241777333e+01
1.257409971400794291e+01
1.311636164419764228e+01
1.503276300085263628e+01
1.367172862094584218e+01
1.269400879578405572e+01
1.518367615203251120e+01
1.243819381114116140e+01
1.279210571363977245e+01
1.511959438279054879e+01
1.209174961429082806e+01
1.312540713728980712e+01
1.306556776863735791e+01
1.233147985859122109e+01
1.511346339306087572e+01
1.248981185869873478e+01
1.229789799339936707e+01
1.281826936679751938e+01
1.290712498235207129e+01
1.272667851885527313e+01
1.296064281802270912e+01
1.303154100471479104e+01
1.312498898569400652e+01
1.310982351261189471e+01
1.294647581528037250e+01
1.506606335561686905e+01
1.281186513703745078e+01
1.303956075979574258e+01
1.260225547954458847e+01
1.300579994001215134e+01
1.247922347269930299e+01
1.293811335295808540e+01
1.286791606304988278e+01
1.257409971400794291e+01
1.297149958557444371e+01
1.503078090336961736e+01
1.205229265143361594e+01
1.332038619574062821e+01
1.247922347269930299e+01
1.303956075979574258e+01
1.363280070958539270e+01
1.308993616334897503e+01
1.505569742194118987e+01
1.284737167948603265e+01
1.361121871659673843e+01
1.506606335561686905e+01
1.314644130709462999e+01
1.505569742194118987e+01
1.310982351261189471e+01
1.355539389736345512e+01
1.509600740046443335e+01
1.269142363925529438e+01
1.513402945578014780e+01
1.393449150376622114e+01
1.290262357302821172e+01
1.508240969710499968e+01
1.281826936679751938e+01
1.286791606304988278e+01
1.270888268311998992e+01
1.263962640423453720e+01
1.306017681635953132e+01
1.511959438279054879e+01
1.274535624953645474e+01
1.500200609556103615e+01
1.298991406354337741e+01
1.295639690511112008e+01
1.378836979460485423e+01
1.233147985859122109e+01
1.499028226518802143e+01
1.231294217947678504e+01
1.506994768653818539e+01
1.507434319213053087e+01
1.326927914605158954e+01
1.334886299024763545e+01
1.507676548261816762e+01
1.326509107866497672e+01
1.292135911630747991e+01
1.275274209722278940e+01
1.406692728120989244e+01
1.279694127167142526e+01
1.295014804531112773e+01
1.326436661474242840e+01
