2.082408323949474505e-01
5.116637936421373212e-01
9.342310193819046704e-01
-2.640668519837364059e+00
-1.942179762952122912e+00
-8.439527359102236836e-01
-8.495976317488914686e-01
-1.177428872343322802e-01
3.279912766595540208e-01
-2.083158814889906285e+00
-9.348481933988012083e-01
-1.594914424016988519e-01
2.958981127552603452e-01
1.118618810029225363e+00
-2.368731499133958973e+00
7.358746685241003282e-01
1.743528583434013346e-01
1.184998270842414270e+00
-4.093697400387765750e-01
-1.126556178345885506e+00
-5.362191322364280310e-01
6.738291367057930303e-01
-2.249378505681963958e+00
1.728200198166053969e+00
5.622831719259847594e-01
-4.469780674832984912e-01
-9.776965621603896095e-02
1.533468190374837337e-01
1.842346219102234672e-01
-1.686071299211189256e+00
-1.584025172024527306e+00
-1.812183646554206495e+00
6.312733098204053039e-01
-1.755553137840557776e+00
-8.055027871834838926e-01
6.084299136160835689e-03
6.376869227150907538e-01
-5.258279175695466101e-01
-1.065398487069159295e+00
1.411199119773918209e+00
-1.954153876460299200e-01
-2.268681952157650894e+00
7.308246679669920531e-02
-7.414453095017854434e-01
-1.027869728398753013e+00
1.937792032938581363e-02
1.222648001111197757e+00
-1.883193232708068043e-01
5.291937218706924684e-01
-9.487949808067046575e-01
-1.813858491559225516e+00
1.283166189361772291e+00
-8.263643063364069230e-02
-3.763652047297556980e+00
-2.341309338699924247e-01
-2.442538330022798299e+00
2.839061711852200798e+00
-5.038260637800086039e-01
5.398473156250946925e-01
-7.149037512141633854e-01
3.753640544232164644e-01
1.111884129148058564e+00
1.610949683514547814e+00
-4.775490267300251945e-01
1.201445137287468157e+00
1.358267636523039057e+00
9.456009223262580310e-01
3.754169989795316242e-01
-7.394046347649092799e-02
5.616174068545810583e-01
-1.269843698579461722e-01
-1.055146447010342214e+00
-7.413113189504689782e-01
6.424174267502109903e-02
-5.308576102984642331e-01
-1.833097032463330833e-01
-7.635426390442540123e-01
9.426377982988530801e-01
1.263029177105853273e+00
1.245826998792411544e+00
7.988150968243962202e-01
2.294706594713643355e+00
-3.101155590643690507e-01
4.003767556014544704e-01
1.530401827575715412e+00
-1.974163039808929598e+00
-2.160746985514942597e+00
-1.454498716623952470e+00
-1.522420001668466361e+00
1.680425599713212537e-01
1.050994559652442151e+00
1.018193418063451094e-01
-2.011220229642745327e-01
-4.749360433453364005e-01
-4.431622022206924139e-01
5.291393947052900337e-01
2.036317503289522268e-01
-8.785544033216065030e-01
3.090829006521077282e+00
-2.842577930667303798e-01
-5.595292604827656335e-01
2.985048832192517265e-01
-2.187860624325581038e-01
1.399204878739149560e+00
-7.901787231824301469e-03
-8.127552885446427400e-01
9.182500580774993759e-01
-1.329673231715376547e+00
-7.984615397815018889e-02
-3.280487461412718853e-01
-7.165652292244644173e-01
-1.653147302702571597e+00
-5.462051782124461852e-01
4.318148475784824303e-01
-2.162682086502759393e+00
2.955368080694108501e-01
6.856320900344307079e-01
-4.906379568282345782e-01
1.020059527337955574e+00
6.506219328613511710e-01
-4.169329626039258024e-02
-2.176243378965091180e-01
2.511050322236563215e+00
3.152034012969412990e-01
5.708526542222860378e-01
-9.005395207323578788e-01
-8.640052325273139822e-01
-3.063499584042351787e-01
4.187685923177516534e-01
1.422211815811070368e+00
-6.016637400407707226e-01
-1.568539944816572662e+00
2.907005533246709295e-01
-9.614652228703906012e-01
-5.821755919509968846e-01
3.150306585970834572e-01
3.303257406535567986e-01
1.484160550700822201e+00
-2.687955370973176716e+00
-4.037225111305280389e-01
1.396666132757586443e+00
8.753482830108857415e-01
-1.985372557657873793e+00
-7.428562375509180082e-01
-1.660728146200239064e-01
-1.876305436796536164e+00
-5.320127129376877040e-01
1.438604027725942203e+00
1.129358578287384257e-01
-3.504356615132859232e-01
-1.827547253433717545e-01
-1.067948956170656993e+00
2.898007199979412141e-01
-8.392812619793608153e-01
-4.483661413004139895e+00
1.903353961319367849e-01
-9.416236118870113803e-01
3.345412425569251752e-02
-5.577339120575583453e-02
-2.956634135753528625e+00
2.512980543432941083e-02
-4.375599217748793457e-01
-1.687515800840844848e+00
-4.736513894151542781e-01
-2.604464762586984339e-01
-7.788184706851335459e-01
2.285907284395727671e-02
-1.034825835379167280e+00
1.536330343644571883e-01
-4.320508296159810135e-01
-4.614546182397211149e-01
2.524064442089581917e+00
1.595915363274066134e+00
1.409256082625092832e+00
-1.403105161546082336e+00
-9.632755317526684458e-01
-7.372421334285351735e-01
1.380297239510769880e-01
-1.451969449867476447e+00
-1.272876469216449369e+00
9.332649785738802994e-02
-1.503076262341920710e+00
3.080302335736375130e-01
-2.074944084244612630e-01
-1.165271549860383171e+00
-5.032487113272949841e-01
-3.479067904584501325e-01
-7.304264367125127277e-01
1.153166162481829016e+00
8.000945040263670593e-01
3.077295331976787618e-01
-8.295636311432713628e-01
-7.946721808553963706e-01
1.143037535922289294e+00
1.670228076139281148e+00
-4.812754537872236393e-01
-2.326783565913752017e-01
6.872163953436617456e-01
-5.573453300265959753e-02
2.182512472181439733e+00
-6.542369932226194118e-02
2.282055522388333757e-01
3.268646218783609614e-01
-1.521720400124367156e+00
4.377983001756259873e-01
-1.274079228411852116e-01
1.065683573249834204e+00
2.562504687269166137e+00
1.663485069100483660e+00
1.079604491701136704e+00
1.392438655120088686e+00
9.840847845693901919e-01
-1.369530530284778225e-01
-7.872351041529637161e-01
-4.927126837908995527e-01
4.567115411679073533e-01
9.326897214190112972e-01
4.396556751270906949e-01
-1.773042606653826070e+00
5.932579531110483001e-02
1.788562042860268320e-01
-2.865124067560373966e-01
-2.432883897971733489e-01
-1.610732598323860953e+00
6.519019453743141179e-01
1.732953121006350905e-01
5.302911574151543128e-01
-6.836107213707472985e-01
-4.411920365157015467e-01
2.948504093490027511e-01
2.193452961045923300e-01
-3.420833424937448353e-01
-4.889844590005376634e-01
-1.440688922892866319e+00
-1.042233991202826449e+00
-9.037009865104013162e-01
-3.917535906914569876e-01
-4.119637918936445153e+00
1.140715180393396810e+00
-5.690579830281243361e-03
-1.150149422516295698e-02
5.862845185168220619e-01
-1.159057389326036303e+00
2.165264202146973127e-01
-7.220381866141679650e-01
-5.618160043606108545e-01
-8.213551387191955211e-01
2.197049499604477596e-01
3.852094636940272543e-01
-3.275493347439473180e-01
-2.867947548637877375e+00
4.453240249854664712e-01
-2.321597510344362014e-01
-3.014176578226736569e-01
3.952144894600594371e-01
4.180764385152013762e-01
-2.880607550848078291e-01
-1.771000848981465925e+00
1.452100987321737480e-01
1.048432339982807937e+00
-5.549663165188115643e-01
-3.174657906922970230e-01
-2.401896614473454927e-01
4.645684597286964257e-02
-6.749955996873264752e-01
-1.001510910212767058e+00
-5.573924821050882938e-01
1.379925989027685762e-01
-3.689203040223826280e-01
-2.157714565962613129e+00
8.032083756800196817e-01
-5.253855293201443732e-01
-2.554849689364972587e+00
1.487746400845235684e+00
5.131677415378483875e-01
1.365411258414505280e+00
-1.263698901447137146e+00
-2.976999808540385928e-01
5.450599730442616808e-01
-9.761655091927209371e-01
-8.961618978584906525e-01
-3.111227646811814962e-01
7.217435217590723040e-01
-1.805857686472837953e+00
5.005943348518779867e-01
8.190252700621862836e-01
7.439855329335353096e-01
9.915664224641150826e-01
3.747508630754544101e-01
-9.822836697979498571e-03
-6.564713441783960324e-01
-2.106780669222444669e+00
-1.981944515239627780e+00
4.538994428407005510e-01
-8.567846442220260483e-01
2.461122323642364607e-01
-5.904835171948368266e-01
-6.915559215726119202e-01
-1.160389936450814119e+00
2.982557432886002502e+00
4.731208154241958730e-01
3.940920479027425483e-01
-6.215880083805509493e-01
-8.782288086526401916e-01
7.661351382778140984e-01
-1.064224549237885897e+00
-9.959842829203073844e-01
1.810485693900949045e+00
1.824028229439796256e+00
-6.343873274906483006e-01
-5.252929904576304487e-01
2.096930432486745932e+00
7.066586787499529176e-01
2.398194219858099885e+00
8.663711131018619893e-01
-3.778793628872413879e-01
-6.714691295181508535e-01
-3.655620295829796473e-03
1.589780628858271094e-01
1.675206447112792318e+00
3.812684652783181471e-01
-1.262401156629977261e-01
-1.103161643784843389e-02
1.081808803465586388e+00
-1.239582832370328846e+00
-2.069668881991386378e-01
2.780950709249305763e-01
-3.411461107427757877e-01
-7.083381649514094436e-01
-1.144327803079100203e+00
2.982060052711882348e-01
1.093468089632486789e-01
1.776421438986124146e+00
1.233626097492478202e+00
-8.620349773864989240e-01
1.064676509671246135e-01
2.550761255314561993e+00
1.237332313239463577e+00
-7.390608012917648795e-02
1.806861090648423263e+00
8.561574891408918475e-02
1.002136300563105653e+00
1.822735366071062790e+00
9.352248316863243094e-01
-1.021896410064784648e-02
-2.470347529286377242e+00
-5.032914786082339775e-01
5.314187373784373669e-01
-4.658869597635089121e-01
1.033597021978000630e+00
1.443738690063340435e+00
-3.809551351589242629e-01
-1.646337057392120995e-01
7.500067990353852521e-01
-3.477346248670950768e+00
1.915203682470627999e+00
7.349284068160265582e-01
-1.223738562495642279e+00
-5.155540971953658236e-01
-5.286730761654113708e-01
-3.825725019354552892e+00
4.324276606851302010e-03
-9.194778780769546911e-02
5.378460416306034969e-02
1.151403104466291794e+00
-4.908344227093221213e-02
-5.681219400907848716e-01
1.024922972371124175e+00
-9.486793604536302160e-01
-9.434921788114440933e-01
9.880064371799721634e-01
2.019768046051169663e-01
1.630137002038408722e-01
6.240153018836537280e-01
4.717805391616526900e-01
-6.135227189606838882e-01
-5.102151152743500395e-01
1.144276057275600333e+00
1.858015546173494292e-01
-6.470833905950957865e-01
1.246964735837149257e-01
2.799681239171743830e+00
-1.763110047890755983e+00
-2.941225136206303548e-01
-4.242712505241568732e-01
-3.674240818142026077e-01
-1.730648531980700511e-01
-6.435838183318827455e-02
7.465820140826105733e-02
-3.427753589236033349e-01
-5.863543077042830953e-01
9.086080037601378112e-02
5.697763221474765050e-02
-2.102287141409815874e+00
3.367165851919409203e-01
-1.079129289297134697e+00
-1.585469947973791482e+00
-2.120345290988247644e+00
-7.061763364998365766e-01
-1.088752797638678382e+00
-1.500013243189114220e+00
-1.423226999430070583e+00
-7.166407744974970795e-01
-2.663360577976368604e-01
-9.058572987977910884e-01
-1.368064146323621499e-01
1.835474871305090849e-01
-2.397991070907892652e+00
-6.795046170203009606e-01
8.850807261715386565e-01
3.637118914694452421e-02
-1.949562518094858643e-01
7.865541911852510504e-01
8.443128718339675265e-01
-1.074833989557304248e+00
1.079924108480862177e+00
3.874075776836651275e-01
-6.078340319323664032e-01
3.518686557023872341e-01
1.741743095117703533e+00
3.549139843519526494e-01
1.801920225856373792e+00
1.163593359024972962e+00
-7.602734116461790093e-01
3.480732577745495604e-01
-1.928956444646330315e+00
-9.829221210341711201e-02
1.717800579879515510e+00
2.335383037447398002e-01
-1.192059291972879853e+00
-4.005972920525522896e-01
-2.880587738175997004e-01
5.424835950212562041e-01
-9.188880929424010358e-01
-1.492957825677732053e-01
1.138580774191062517e+00
