-1.313594500616804606e+00
2.775545850217648880e-01
1.159981406147839955e+00
2.741122961861993113e-01
1.456459749737696596e-01
-1.492021193468642704e+00
-3.040807291887955843e-01
5.323126072356296312e+00
3.096933833909480960e-01
-8.097988970034689649e-01
1.696571787431436107e+00
-8.429184288791127244e-01
6.559575491375975176e-01
-8.193743743681433100e-01
7.340189977908964103e-01
-1.599401464642151938e+00
-9.502273021865170755e-01
-7.162426844506940560e-01
3.761635048861239339e-01
-8.651311637963817747e-01
1.389793907156176900e+00
1.045701924244619718e+00
2.974211461005158430e-01
-1.266385655231650809e+00
4.392866070091503428e-01
1.238293223372983198e-01
-5.791643721997048466e-01
8.802869534347101954e-01
-1.028043625582332421e+00
4.789018874232154332e-01
-5.547851831190871996e-01
-3.081971563479531384e-01
1.571297313097949289e+00
4.144605151817468136e-01
1.962271187892280500e-01
1.961006860122379569e-01
-8.693872161376841046e-01
-6.171936879700052891e-01
-2.815524468750507658e-01
1.955751772741656458e+00
-9.938853533695972686e-01
-7.443869903151498768e-01
9.483463712659491174e-01
2.549517075692164236e-01
-6.628996254073277195e-01
3.611834945840498023e-01
3.240144797790666109e-01
-1.453969824244638165e+00
-8.407284609654193386e-02
-1.426999048181186946e+00
1.428571508621929054e+00
-8.711659949127426028e-01
-7.252874970168075031e-01
2.179704878395776202e-01
3.395613334215513701e-01
2.495961116669509039e+00
-3.242245259703312454e-01
4.703578441420224604e-02
-1.182474343171030506e+00
7.108942291556068493e-01
9.682895171863515893e-01
-7.166693095390281876e-01
-1.305075751162285025e+00
-1.258568877338695602e+00
1.993212889874978355e+00
-3.755859149127585561e-01
-9.047257362597924679e-01
1.851552229482856804e+00
-3.318789703272474467e-01
3.041459928376112898e-01
9.564869461803638950e-01
1.854142156885696169e+00
3.689921457640513713e-01
-6.265969638845196067e-03
-1.051943756240013572e+00
2.761242561648615257e-01
-1.014281622509605185e+00
5.373219685683753077e+00
6.607894498955984020e-01
-8.524389167629013997e-01
1.325486357626067369e+00
9.021939858476333285e-01
1.436384778600438006e+00
-2.595642519773949108e-01
8.663015586366414056e-02
2.600835482219623906e-01
5.219337802719250380e-02
5.212606936735456609e-01
-5.823723335064295847e-01
-1.481003871752408108e+00
4.579385851109552541e-01
4.401039060354891563e-01
-2.177811705049033097e-01
7.177074898519201218e-01
-1.325871540969278950e+00
-7.313765150866552434e-01
-1.011053931140484696e+00
-1.436100534558883091e+00
-8.578004953493447715e-01
-5.216697562879449857e-01
3.824455472285062108e-01
-2.288347805758710052e-02
7.750250631428943215e-01
5.103398677842728715e-01
3.247991023097444585e-01
1.002375103510841470e+00
-1.887977101784650502e+00
1.774878760091791685e+00
-8.973892209585305757e-01
3.976786702834340659e-01
4.890597592124354756e-03
1.258231207368544213e-01
-1.393744951659373843e+00
-6.075461941748836470e-01
-7.212032739157234751e-01
-3.387005909865067332e-01
-4.625699362342975962e-01
1.563082567177176974e-01
-9.626782574703397766e-02
3.414875151245640450e-01
5.940954877855043892e-02
2.060159534458362529e+00
9.507577857542001687e-02
-1.326229551821996644e+00
-6.580571070155643021e-01
2.414111212009529606e+00
-4.751854589894862202e-01
1.910883482075019513e-01
-1.669275453139877463e+00
1.571626758024096404e-01
2.010363189196044509e+00
2.838949111703899519e-01
-1.162703960286116667e+00
1.102478216863153504e+00
1.283855249073728055e+00
3.303135634963971223e-01
-1.015300581287169379e+00
-5.033609711526708663e-01
-4.067973304580567162e-01
1.235441601583240345e+00
1.300116599045396004e+00
1.787802371491200137e+00
-2.689906694973222545e-01
-1.077624755618388219e+00
-1.201320300061121005e+00
2.046554557923765671e-01
9.479523693245370808e-01
-1.875070674246561708e+00
-7.990327296292284998e-02
1.293383780587553378e-01
-1.295801633762490468e+00
-1.654687456762236497e+00
-4.318100602538456623e-01
9.125667707912356041e-01
-1.989405683905106414e+00
-2.841375699140940014e-01
-2.849119499768523744e-01
-3.839933310388798371e-01
-2.273878613976230978e-01
1.590484388276237171e+00
2.871325680999429419e+00
5.786656721077125358e-03
2.422331752217186246e-02
7.493794430905489357e-01
-1.086837641501283036e+00
9.707237904861087952e-01
1.253074956293096287e+00
2.515247381494562506e-01
-1.684725144911848549e+00
6.016183841426347989e-01
-9.081456486926371696e-02
5.765320897711676551e-01
-4.515494936199992426e-01
-1.268218489951897232e-01
8.779563881253708013e-01
2.400885785424904662e-01
-5.192827110958327941e-01
-1.797894717303048395e+00
-5.129214980008294233e-01
1.899926357521809717e+00
-1.127354727898132181e+00
1.913382015302997452e+00
1.604928316308373626e+00
-1.755590235689562795e-01
-1.274201160514783771e-01
-1.042523377664035689e+00
-2.083739838811621559e-01
8.470321311257002217e-02
2.595731075375969921e-01
-1.233479977169422259e+00
-8.797902742919325725e-01
1.095444192042970277e+00
-1.551611826438650477e+00
-2.261630073404801156e-01
3.763729526677070947e-01
-7.528048621837352128e-01
-4.235272184387831040e-01
1.910131683710510897e+00
-1.147646768570256048e+00
-7.412117802640657560e-01
1.034138805724487797e+00
-9.523539976776570493e-01
-1.165458378254192184e-01
-1.579178843843566993e+00
2.929840576711502997e+00
-3.715331062928922679e-01
2.710658571416211804e-01
-3.488395960981231503e-01
-5.369533929862376764e-01
-6.977102084264046322e-01
9.162526830003899642e-03
-1.151169609460351184e+00
-1.524567731150588745e+00
-6.311966420330367145e-02
1.535422363411499402e+00
7.676178439959611133e-01
2.572850485965977985e+00
2.558309070183834577e-01
-6.705922901136502912e-01
-2.985412683430300751e-01
-8.063239797652123342e-02
-8.593532700912719369e-01
-6.605265827153939950e-01
4.713869997936761536e-01
-3.781735851488586264e-01
-2.024494877599513298e+00
-6.837025757266612658e-02
-1.970467432935998353e-01
-1.179605667598587239e-02
1.958900188254816488e+00
4.024994231218836233e-03
3.671523579759109479e-01
-1.106885629454613384e-01
2.523635683413577357e+00
-4.670053866988718716e-01
1.928391698968347390e+00
-1.336283495988240366e+00
9.267912990286881758e-01
4.586715242983002150e-01
6.488848539764012768e-01
-2.948027582479513242e-01
3.261660976081485197e-01
-1.092799989826013007e+00
2.486489308610496440e+00
-9.595972828250356468e-01
-3.688895089910712022e-01
3.856807530174860554e-01
4.176355907282782165e-01
1.875768672144378924e+00
2.069822417921216851e-01
-1.097499927617534565e+00
1.675521224763285799e+00
-4.926460376859048140e-01
-2.386763276463500436e-02
2.609873361645297929e-01
-1.087234686572331244e+00
-1.694627511451838764e+00
-4.727608267092973243e-02
3.186686245396501693e-01
7.439238794546397804e-01
1.476981928339420547e+00
4.702921375035806206e-01
4.390351598551241463e-01
-1.955303792456148493e+00
6.600200772689482354e-02
2.011477347812545280e-01
7.069909919451340397e-01
-1.024889641171939481e+00
-8.360446576660816032e-01
3.750663290571080721e-01
-2.198813911479368333e+00
8.037743452434490399e-01
4.806330078163933428e-01
-9.323117503060266431e-01
-2.265266595022402962e-01
-1.718614177769046125e-01
5.227208225809239911e-02
-6.497025284738151552e-01
1.631585854100090272e+00
-5.918827968456977784e-01
2.629734164836157184e-01
8.851322161269615796e-01
-1.543833617753617160e-01
-1.041889978307493081e+00
1.570437798107545024e+00
-1.130734348691809554e+00
5.657132941734437370e-01
1.028153216924916347e+00
-8.256097786503135971e-01
-1.027301222313444118e+00
4.443864848844241711e-01
-1.345132949904664699e+00
5.166198625610196604e-02
3.188616788129023383e-01
-2.466718371302145107e-01
6.831458079213309498e-01
-5.690739149730257296e-01
5.407379871108947134e-01
5.107598054757138684e+00
-4.332499009025654324e-01
1.637461766361743454e+00
6.115917960095177408e-01
-8.412048516772430151e-01
-1.698391960933736677e-01
-6.291940979302677039e-01
1.427525408786950001e+00
-1.788042570087643168e-01
2.897720608036656320e-01
1.178826176951241200e-01
-1.979797268418456158e-01
-6.489571086306640257e-01
-5.670580296556742422e-02
3.564296635064382324e-01
-6.112996941823374275e-01
-2.501641732875297119e-01
3.693280311455603426e-01
-1.003293309224547736e+00
7.452501649949488938e-01
2.071526936089074789e-01
4.867096292907311383e-01
7.273986830719707530e-01
-8.247989524879325574e-01
-1.511500717564403518e+00
-2.758002216434746190e-01
9.202308014659918989e-01
-5.980717514538355095e-01
-9.540255901586802700e-01
-1.895962361763719461e-01
-2.072885424422790321e-02
-1.761637530489800874e+00
-2.773127844969044409e-01
-6.218798875780824353e-01
-6.356995175243081997e-01
5.334995464893065725e-02
-4.919569603516981693e-01
-2.907893452692186798e-01
-1.014328831899929284e+00
-1.250831391980589347e+00
-2.901826316660318650e-01
8.808988069406264998e-01
-9.612761933417500737e-01
4.064853189655210364e-01
1.715728114267715265e-01
-2.046762944099816683e-01
-7.245582748756035363e-01
5.571627925877536969e-01
9.245528356946745019e-01
-5.389368260342616151e-02
1.274143249404047773e-01
-8.961418758515981020e-01
3.231165200040707064e-01
-9.952087364843816841e-01
1.362524838537705896e-01
2.534967499314815687e+00
-2.918771573057605262e-01
-2.154982016933621458e-01
8.438585357882277815e-01
7.533654250372251449e-01
2.885732310145035506e-01
1.813187704177769699e-02
1.498676421887142618e-01
6.956629668150665635e-01
3.212851467949343620e-01
5.090028890724306310e-01
4.381459213957495519e-02
-7.923336242966295684e-01
1.019498325210250744e+00
-1.529090558094838848e+00
-2.392900315989738569e-01
-6.531374110132023292e-01
7.984947268605140369e-01
-6.744467563440627034e-01
1.086311663955691564e+00
2.001991079277891217e+00
-1.406848933679698543e+00
2.911582726990631920e-01
1.139914080286502929e-01
1.117982347600019244e+00
2.463776492866535106e-01
6.933196983359295185e-02
2.320349111574998346e+00
-1.033375603958589739e+00
1.067302284799294121e+00
-7.264339902210187327e-01
2.939101417329315624e-01
9.978030823229677715e-01
1.106403965371192122e-01
-1.355168197195865787e+00
2.588511613672122569e-01
1.729096137187134397e-01
-9.619489229071053193e-01
-4.253199079234768476e-01
-3.774858571117006845e-01
2.152852927423945240e-01
-1.570238958355377745e+00
-5.084965753478417616e-01
8.901377842436427601e-01
-6.028848097685007845e-01
-2.410510160797510182e-01
7.511613601775636306e-01
-5.326406529889650132e-01
4.389533445081714169e-01
-1.135040471935732986e+00
-5.352749315955233067e-01
3.091509682461257014e-01
-9.166166080832470475e-02
3.242911111604511176e-01
-3.886934646659511161e-01
6.838117007390974722e-01
-1.728732732718372689e-01
-8.028750033280026566e-01
7.736429425446250674e-01
-3.620217893681443866e-01
-1.439459691305883915e+00
-2.796307687591059743e-01
7.226603681655301148e-02
-8.055092540674894108e-01
6.073872409157958785e-01
-1.484140643619072053e+00
-1.138864477127491531e-01
-1.585564195476598437e+00
8.144635252269087911e-01
-6.207781422282494521e-01
4.791393453313201323e-01
-5.470621307280288947e-01
-4.476659776877061486e-02
-3.090691031521417553e-01
8.990881816351702360e-01
3.807631435369044359e-01
9.253005715119204666e-01
-7.905285390624414710e-01
-9.065054094101618332e-03
-2.929676681297189167e-01
1.849040420437186583e-01
-6.257779608384060610e-02
-9.933359883415419089e-01
