2.517609323793283393e-01
5.927447945099014737e-01
1.316774964833504979e+00
1.444784057508230024e+00
2.712702495105367984e-01
-5.214418933159075120e-01
-7.290858885516675325e-02
-1.295469887572499312e-01
1.314369845876330392e-02
7.933452999259870131e-01
1.817248871177563063e-01
-1.122516121312823606e-01
-1.317184000539113109e+00
2.183099052396816064e-01
9.639526500879809223e-01
1.884133463148698062e-01
9.814554204004287685e-01
5.519815971156910583e-02
-9.671910982777932597e-01
6.546825077753672950e-01
7.765675538197890360e-01
-3.912072169533610255e-01
3.641864802901255138e-01
2.075385942028016850e-01
-3.950446832599134872e-01
-2.237853777164153235e-01
-1.396948530718674641e+00
7.224917115001623369e-01
2.395326917798371369e+00
2.433990351867543200e-01
1.134512108328010194e-01
-4.301427190740036433e-01
5.135726017965672741e-01
5.639862332725120719e-02
4.747937403736044448e-01
-5.906938918823199103e-01
-8.477990512757674901e-01
-2.887965026880784936e-01
1.449990511308308916e+00
-1.116554209744733850e+00
1.704208442234585175e-01
-4.691897204606212957e-01
-8.434590262899490654e-01
6.460675214277069589e-01
2.055659255160256382e+00
1.775293249456645128e+00
8.517459627711239101e-01
3.890804236748655609e-01
1.175402333655472739e-02
-1.127928604518062539e-01
-1.374129660327458868e+00
3.649153179337646935e-01
1.327758710811234533e+00
-2.810294704396311349e+00
3.870994441668126340e-01
-1.513781809061935046e+00
1.397920781081313679e+00
-1.087115877045185641e+00
1.838414167550601053e-01
-1.216721125544275361e+00
1.508560796924537151e+00
2.662526827771584337e+00
-3.032003472809132183e-01
-2.083044673451142637e-01
5.324936835688488523e-01
6.070953238265160978e-01
7.227203493815255175e-01
-3.341348394575061609e-01
-5.450107161102597519e-01
6.002430246419572235e-01
-7.296870338258063526e-01
-1.833598045185819592e+00
4.693805434968064544e-02
2.264874804619710913e-01
-4.532014595229355569e-01
1.092417170418067629e+00
-1.494537450355045261e+00
5.716613265167912461e-01
1.648570283534248171e+00
1.461449459890505231e+00
5.562284913434109024e-01
1.050454360841429846e+00
1.263673241022141625e+00
-3.757769779618543304e-01
7.195674034169157185e-01
-5.772924004506235773e-01
-2.322004564512770153e-01
1.141077538829811333e+00
-4.498495001107479796e-01
-3.160157772716237594e-03
-7.805195771454032094e-01
-4.008273264733920871e-01
4.737089039627161990e-01
-9.531579126492703002e-01
1.991128150869804492e-01
-4.842376003624712655e-01
-3.664944734363164702e-01
-7.347409096270981488e-01
2.706899244262094273e-01
-1.451614728798625187e+00
3.063654286882745992e-01
-2.934270752976086277e-02
4.361800743701647609e-01
1.122430206523292950e+00
5.480394495544462646e-02
2.526815899701302659e-02
-2.539530740365905093e-01
-1.862443230360504853e-01
-1.680439511187806989e+00
-6.962191573085002583e-01
2.529799698390357232e+00
-1.407772326484426628e+00
6.817236438171653257e-01
3.988784934892802142e-02
-6.476882102353198611e-01
-8.244402407079521877e-01
-4.500864402817386090e-01
1.385264989968709504e+00
7.061195714752335761e-02
-3.669576851473051876e-02
1.474892842138733340e-01
1.116940142292607963e+00
6.228140115207518868e-01
-6.263247953085693265e-01
-1.044857628200868360e+00
-1.423938999287511220e-01
3.948458318149872803e-01
-3.625448045648388962e-01
-2.711306659163322252e-01
2.932817187404176962e-01
-4.328678421771874341e-01
1.138209026029319171e+00
-5.158142585388599821e-01
8.694875077970418698e-01
3.604880207024202532e-01
-2.129309413942276130e+00
-7.378929339472637718e-03
2.396732487057151584e-01
-1.881771202521801634e+00
-2.660031021491827130e-01
7.334047656102078427e-01
2.037841547797148711e-01
-3.563979689565937581e-01
-3.690252526307187808e-01
1.564142361979281359e+00
4.451327427667728376e-01
-7.757976707674299477e-02
1.283882884756987641e+00
-8.625982450914122523e-01
9.664960437751567157e-02
-2.913932497600872917e-01
-3.800271485310880437e-01
8.719627197774019178e-01
4.000106894915347322e-01
1.061303690786789655e+00
2.827653302134998103e-01
5.662112152465703652e-01
4.827089921354485447e-01
-2.914058112491005881e-01
-4.249368316779620902e-01
-5.220170310745375630e-01
-6.069721272313941540e-01
2.521487113798112634e-01
-5.660409841478091231e-01
-1.905913892560696099e-01
5.661573248566372785e-01
2.238974786528134420e+00
-9.115794128605273494e-01
6.323174312657405816e-01
-8.868320663348992772e-02
2.613318638415074169e-01
6.039266483175433908e-01
8.648236041165139332e-01
2.699865511290661102e-02
4.563341144822581907e-01
-1.516021751044654087e+00
5.486319665668523138e-01
-3.914994953848649484e-01
-2.534827867989928873e-01
-7.079151242351204854e-01
-9.047038870031869351e-01
-1.864133371617783252e-01
-4.824979457752619494e-01
-6.883449813197363154e-01
5.220369852852736470e-01
-1.194059285257045300e+00
-2.297012867068995781e-02
4.523929437799349002e-02
6.647455509116152461e-01
-4.681186660966786262e-01
1.136575941978515747e+00
6.800399618924052314e-02
-9.983347237495724391e-01
1.398843894737702986e-01
3.215656123995713767e-01
9.705822161033348383e-01
-2.533204867154272288e-01
-3.970878011935470575e-02
-1.165948186449633939e+00
2.350646622927494434e-01
-4.869415390761763773e-02
4.297378327417628041e-01
1.444793104207647172e+00
4.178113883490732205e-01
-6.533321321346240440e-01
1.060878654981753516e-01
6.466240611118964088e-01
5.286426593292220533e-01
2.693278825545307731e-01
1.511118154216184228e+00
-7.839527967906596562e-01
-5.846816866646479260e-01
7.793116322243112126e-01
1.173485621870268059e+00
6.388467699215504281e-01
-2.000098546101777841e-01
-8.874129846385943043e-01
-5.857270001034936557e-01
-1.751039715704038602e-01
4.338336897250568147e-01
-7.676966053752100339e-02
5.146314380257727139e-01
6.711185297325288346e-01
-3.464701404580072808e-02
7.624532811519812991e-02
6.913767652118130158e-01
1.682810135503279847e-01
-1.169368437986963105e+00
1.241541778594326267e-01
8.011430473976939304e-01
1.657814507568891038e-01
1.765938054315384642e+00
1.537535157786299678e+00
-8.553258483647121491e-01
-3.207907613288528692e-01
-6.568505428877711994e-02
-2.818256613335002325e-01
-1.731099908224398964e+00
-1.825498468996497037e-01
5.528134680799099421e-01
-1.652586135333416362e+00
7.054534748300533842e-01
8.795141537857240621e-01
-2.988491196770086122e-01
-7.874722007497100273e-01
-1.939336671957254010e+00
1.985855665161871064e+00
3.478355196689431918e-03
-1.336352159183984423e+00
1.396154082589112333e+00
-1.189947139191315229e+00
-6.305126807631032948e-01
7.676679190908641814e-01
1.838846025708852638e-01
9.277191665690237565e-01
-1.853067872244166525e-01
-3.606773870310293617e-01
3.720360467103533270e-02
-3.221583131000173017e-01
-5.061331566297859810e-03
4.701449414978201014e-01
3.718509507756400101e-01
-2.927158162506580674e-01
-6.500742658878433389e-01
4.727311422537117669e-01
9.370253701066308949e-01
8.036006021851749281e-01
2.052320242720356291e-01
7.488587728154683099e-02
5.987789951439500546e-01
-7.991073690449633782e-01
6.034773644095140499e-01
2.376859833588246262e-01
1.868649597160117581e+00
9.517161426936773250e-01
1.987528675569254777e-01
1.803612859273010516e+00
-3.568289086315684089e-01
-4.538003578943782257e-01
-1.806319579114610274e-01
-1.447838098424040210e-01
-8.719385126002132669e-01
-3.402655646802272837e-01
-7.682352524184727915e-01
-5.560619213206601241e-01
8.921401462560785145e-01
-1.590898810254856577e-01
-1.935909273409635922e+00
-7.441750681362750974e-01
-1.486312009469901385e+00
-9.217767143150386033e-01
-4.030316467789777923e-01
9.037691367629877570e-01
1.091327368447271295e+00
3.455338606946632973e-01
-5.342790435482180911e-02
-7.404229483813208335e-01
-7.640095532290591684e-01
6.736835562498986185e-01
-7.328324931040672841e-01
-2.064679531073507490e-01
-1.647886678145675576e+00
2.321795736921423992e-01
-1.296559953471770665e+00
4.479375851411748766e-02
2.967331861787710079e-02
-1.680142285883601816e-01
3.214550455619092917e-01
1.562106305721618349e-01
1.091664234155607760e+00
-3.753928834082716492e-01
1.368986086491171594e+00
3.582872913423917338e-01
-8.344058731399761619e-01
-1.695004322059540547e+00
6.047014590566119896e-01
6.518437371319964202e-02
-1.570968976002992790e+00
-5.409389947596314752e-01
-1.402240824364076321e-01
-1.759632245900158154e-01
2.540386945724089074e-01
-1.071922944491497387e-01
-7.532174909531332840e-01
5.098951361058584597e-02
4.131620500674654806e-01
4.991533019338085381e-02
-3.270045442185870455e-01
1.451304400000464623e-01
1.548207849216397779e-02
-2.944751886759975484e-02
-6.643175839435826457e-01
-9.495493435210017319e-01
9.918831682490136803e-01
-1.264240298831228237e+00
-3.066569914889127335e-01
5.246957300402254054e-01
5.644497014624771936e-01
2.783981984048383707e-01
-6.499613151124205013e-01
1.487490061904271466e+00
-9.221095331092932224e-01
-4.819995965423045647e-01
-5.264734479262919153e-01
-2.047195817844648325e+00
4.620844771295700149e-01
-7.181169326624534666e-01
-2.233583188834694366e-01
-1.739633309252604787e-01
3.462015036010117064e-01
1.968999183300235156e+00
9.247520273412581648e-01
-2.294359210602515409e-01
-8.572295620875447497e-02
-1.694558321798713463e+00
2.894545376550478610e-01
3.424974520089350133e-02
4.264777115554665432e-01
-1.137662932880160849e+00
1.777170953970506548e-03
-2.994678051832195820e+00
1.169543067252855950e+00
9.773952323990763302e-01
9.355847238508377961e-01
9.016623803861458786e-01
6.159011561209865038e-01
-6.122196844671098370e-01
2.344291970698892946e+00
-1.492926666783525702e+00
-6.380450847187673080e-01
5.760763657718511732e-01
-3.807827039296395877e-01
-2.675382257072854708e-01
-1.791425267727659032e-01
4.878004194137081639e-01
2.198668224733048682e+00
-1.428143002863472796e-04
-1.522371271370219770e+00
4.696459849000707565e-01
2.716800110249860456e+00
1.043058448145800066e+00
1.185778085337704013e+00
-1.583091860623599967e+00
2.029954833922977819e+00
1.615460668129496291e+00
1.134003440998246903e+00
3.612762375990075103e-01
1.125200650058684637e+00
1.509988167490496636e-01
1.872254950190908707e+00
-8.695761132508791347e-01
-3.688936983925813484e-01
6.190879228857770755e-01
-1.123547142811685440e+00
-8.023780727228730925e-01
3.648026367893136279e-01
6.803769400850517846e-01
-9.564505275161112152e+00
-1.406634175995428726e-01
6.660023253403719590e-01
3.221628232793698476e-01
2.393264238782379372e-01
-7.707949896801421508e-01
-4.636363908444206539e-01
1.761457171391125565e+00
2.087614111088152757e+00
-2.071081551819245192e-01
1.224219758341992814e-01
-1.181813834841243027e+00
-1.584227580563735832e-02
1.672163752800204906e+00
-6.925889051733205015e-01
6.752319312113729509e-03
1.104434644554469713e+00
-9.434232464972694965e-01
-1.434310917153814646e+00
3.260648899794086342e-01
-5.567534356568535348e-01
3.703896842310528958e-01
8.623183111776044907e-01
-1.449472789564542896e-01
-1.058789086579386529e+00
9.556267558107399696e-01
8.856350962530963322e-01
9.743260145750283208e-01
9.474444347367195762e-01
-1.138282599721933686e+00
1.305815804473196895e+00
-5.594072716165001541e-02
-6.397661273835688611e-01
-5.206557975842864838e-01
-2.437594938995475413e-01
5.105045359622130130e-01
-1.246278548595088465e+00
-1.482650430260959995e+00
-5.448327655909535050e-01
