1.374819064658831635e+01
1.333352366966470726e+01
1.423892815026984060e+01
1.295994694462554087e+01
1.434068622584835850e+01
1.323483638759702608e+01
1.350830067433053827e+01
1.389427419514088413e+01
1.367432357920652564e+01
1.307002562019657255e+01
1.342745661227393938e+01
1.333352366966470726e+01
1.352429335281320455e+01
1.406330112668557675e+01
1.398535935552611775e+01
1.394765016241153432e+01
1.393890718902843062e+01
1.302357186822882618e+01
1.326882667904775026e+01
1.317231246081817631e+01
1.295917323703809387e+01
1.302357186822882618e+01
1.433876451514893802e+01
1.324982632283553841e+01
1.360838565713997994e+01
1.391821228037242797e+01
1.315037421081450830e+01
1.424710658567512844e+01
1.388066768489704472e+01
1.423892815026984060e+01
1.303954896912054195e+01
1.322564852437418992e+01
1.323483638759702608e+01
1.426384805595857763e+01
1.426214804752290455e+01
1.342745661227393938e+01
1.326882667904775026e+01
1.431927674088777813e+01
1.431631308976992933e+01
1.369576761600742465e+01
1.382517044896978753e+01
1.314529993375625416e+01
1.317231246081817631e+01
1.423892815026984060e+01
1.397519102302553051e+01
1.392678476724917047e+01
1.431927674088777813e+01
1.322564852437418992e+01
1.365255505244107148e+01
1.315037421081450830e+01
1.323483638759702608e+01
1.314529993375625416e+01
1.376491450003867456e+01
1.425423502971079692e+01
1.365255505244107148e+01
1.350830067433053827e+01
1.328927344797747701e+01
1.384666992285815112e+01
1.360838565713997994e+01
1.416140086474886672e+01
1.392378811253645132e+01
1.362331636058408968e+01
1.398837001004595493e+01
1.333017491345347416e+01
1.309399939666494816e+01
1.333245160265103735e+01
1.416686782616907081e+01
1.344475077935291552e+01
1.341387226028264479e+01
1.367432357920652564e+01
1.307002562019657255e+01
1.318847808842981451e+01
1.422410721532005695e+01
1.405353636581157417e+01
1.411719312595851861e+01
1.433604996855030933e+01
1.432745517629306420e+01
1.385005004120425021e+01
1.309399939666494816e+01
1.392017545859268957e+01
1.360838565713997994e+01
1.392523096415074058e+01
1.384072815388004152e+01
1.344184785820513461e+01
1.361908453746375969e+01
1.434068622584835850e+01
1.424710658567512844e+01
1.352796021508885538e+01
1.434864319424399604e+01
1.378706657135448133e+01
1.425423502971079692e+01
1.332095168184336842e+01
1.430471987926599198e+01
1.315245596840900433e+01
1.426973588437994067e+01
1.365853030066804052e+01
1.307002562019657255e+01
1.323483638759702608e+01
1.353076066565808766e+01
1.393179496609085888e+01
1.314529993375625416e+01
1.335933703171331466e+01
1.351525353443434518e+01
1.387425498329020002e+01
1.417322890808804203e+01
1.421562616111674338e+01
1.326882667904775026e+01
1.346144052564210547e+01
1.347749718388593010e+01
1.323483638759702608e+01
1.426384805595857763e+01
1.368987193108631395e+01
1.310585280861431556e+01
1.405514775021307550e+01
1.314529993375625416e+01
1.431322919474381727e+01
1.337880990181824892e+01
1.367432357920652564e+01
1.290487294328609913e+01
1.409611419647006514e+01
1.376538708227889174e+01
1.431002416125931198e+01
1.321399913441779539e+01
1.397876287641680193e+01
1.388342264048350216e+01
1.367621418819600265e+01
1.323177594301097315e+01
1.380031162369093956e+01
1.314529993375625416e+01
1.431927674088777813e+01
1.301898707531216814e+01
1.376563290153515950e+01
1.380598555057447996e+01
1.323483638759702608e+01
1.303952182765602963e+01
1.350185042625936660e+01
1.323483638759702608e+01
1.360838565713997994e+01
1.374090824896416585e+01
1.318847808842981451e+01
1.399084612498101876e+01
1.450665070650573085e+01
1.308261199891545346e+01
1.380079104870078588e+01
1.406442632426351835e+01
1.431631308976992933e+01
1.357818171005010299e+01
1.390572273673713255e+01
1.364517481472775451e+01
1.375467216982446317e+01
1.378260943841443442e+01
1.336383168867065407e+01
1.417860723317537364e+01
1.434578714570550950e+01
1.347884747501190894e+01
1.312232526138352640e+01
1.317949470922780009e+01
1.396344701497908503e+01
1.349361992551346212e+01
1.322564852437418992e+01
1.331518497821496361e+01
1.303763121866655261e+01
1.422634850414833885e+01
1.342745661227393938e+01
1.336383168867065407e+01
1.432484688959921293e+01
1.415485847874192871e+01
1.369943312808169544e+01
1.378706657135448133e+01
1.382289375977222434e+01
1.325602706661787167e+01
1.424177245202955788e+01
1.322564852437418992e+01
1.318620139923225132e+01
1.369252487104765237e+01
1.325602706661787167e+01
1.419892415384350493e+01
1.406785031597618740e+01
1.432484688959921293e+01
1.431631308976992933e+01
1.425841592453100226e+01
1.363159799638379965e+01
1.433673061149243999e+01
1.342745661227393938e+01
1.350780520289187692e+01
1.292060077005572438e+01
1.387152874813699910e+01
1.335933703171331466e+01
1.434419664657651339e+01
1.306274076754172242e+01
1.372639681394166011e+01
1.310585280861431556e+01
1.424873859912140439e+01
1.337880990181824892e+01
1.312636569114500951e+01
1.430324710071457872e+01
1.323185832007888507e+01
1.357818171005010299e+01
1.392017545859268957e+01
1.310585280861431556e+01
1.398073592084644545e+01
1.429597475173468091e+01
1.394543451965228620e+01
1.374769638832559870e+01
1.362873096231742664e+01
1.405484329350346329e+01
1.329434772503573114e+01
1.310585280861431556e+01
1.360838565713997994e+01
1.323483638759702608e+01
1.360002482668172519e+01
1.328348309805271654e+01
1.416413023081467415e+01
1.302357186822882618e+01
1.424177245202955788e+01
1.325984329984573762e+01
1.326882667904775026e+01
1.431289590751876872e+01
1.423288060412587974e+01
1.392587828985606180e+01
1.378706657135448133e+01
1.383256357839331585e+01
1.307439240068021036e+01
1.396050744409014932e+01
1.310585280861431556e+01
1.347799004339146478e+01
1.326882667904775026e+01
1.303954896912054195e+01
1.342745661227393938e+01
1.331518497821496361e+01
1.367432357920652564e+01
1.293863848469423061e+01
1.318620139923225132e+01
1.318620139923225132e+01
1.382780189902925017e+01
1.363449636392166475e+01
1.385151754815862191e+01
1.323483638759702608e+01
1.352803706652204419e+01
1.382517044896978753e+01
1.352910993772817960e+01
1.355784577450386763e+01
1.369943312808169544e+01
1.369933195444082230e+01
1.323177594301097315e+01
1.336383168867065407e+01
1.431322919474381727e+01
1.314529993375625416e+01
1.328348309805271654e+01
1.397055267745225748e+01
1.323483638759702608e+01
1.387802060330953324e+01
1.369943312808169544e+01
1.367432357920652564e+01
1.434726903007795862e+01
1.338098609185671428e+01
1.345785408576723796e+01
1.425841592453100226e+01
1.433438023453591192e+01
1.346089855621782050e+01
1.426384805595857763e+01
1.346441214291875710e+01
1.328348309805271654e+01
1.390189681185379911e+01
1.365567943585214117e+01
1.388053556272471134e+01
1.431631308976992933e+01
1.433232264710768966e+01
1.387476949695798645e+01
1.430324710071457872e+01
1.357100677229921892e+01
1.310585280861431556e+01
1.434419664657651339e+01
1.388160957553236052e+01
1.378706657135448133e+01
1.394625268311114930e+01
1.321399913441779539e+01
1.390425954174297374e+01
1.323483638759702608e+01
1.433458362032873445e+01
1.358696705511204250e+01
1.374090824896416585e+01
1.384654545128010739e+01
1.384398320582491237e+01
1.316296058953339099e+01
1.321399913441779539e+01
1.325984329984573762e+01
1.360838565713997994e+01
1.454805149995166147e+01
1.376220774607563335e+01
1.317231246081817631e+01
1.380481898042090982e+01
1.352803706652204419e+01
1.432745517629306420e+01
1.315150972946094932e+01
1.300848245418778149e+01
1.363764172121363316e+01
1.424959820666124344e+01
1.348060767970979690e+01
1.314529993375625416e+01
1.397958317173078413e+01
1.326195332350571299e+01
1.377396721446406680e+01
1.432484688959921293e+01
1.375409642608634719e+01
1.357542983647824464e+01
1.387152874813699910e+01
1.314529993375625416e+01
1.356457302222172778e+01
1.320625763547937837e+01
1.431002416125931198e+01
1.373918235779667896e+01
1.368987193108631395e+01
1.310585280861431556e+01
1.444953753593465962e+01
1.337880990181824892e+01
1.396978889213971797e+01
1.325602706661787167e+01
1.341280019326897310e+01
1.333017491345347416e+01
1.318620139923225132e+01
1.314529993375625416e+01
1.421233985376111164e+01
1.382517044896978753e+01
1.378199229429622719e+01
1.304884645750732197e+01
1.361908453746375969e+01
1.375302052558025601e+01
1.369943312808169544e+01
1.318847808842981451e+01
1.322564852437418992e+01
1.364517481472775451e+01
1.341280019326897310e+01
1.342745661227393938e+01
1.373602658509275010e+01
1.323177594301097315e+01
1.341387226028264479e+01
1.373918235779667896e+01
1.382517044896978753e+01
1.333245160265103735e+01
1.395077517146677692e+01
1.426956194213581242e+01
1.329434772503573114e+01
1.314529993375625416e+01
1.433458362032873445e+01
1.431322919474381727e+01
1.312232526138352640e+01
1.328927344797747701e+01
1.287959835400760333e+01
1.350780520289187692e+01
1.302357186822882618e+01
1.408294757919601636e+01
1.422022794982251881e+01
1.298239217692378666e+01
1.427313442778492991e+01
1.293863848469423061e+01
1.425992292286977303e+01
1.432484688959921293e+01
1.372552340534569204e+01
1.300848245418778149e+01
1.427273194922871724e+01
1.325984329984573762e+01
1.307002562019657255e+01
1.425638202087450246e+01
1.310392045884676371e+01
1.364282983986543307e+01
1.350566157170701054e+01
1.323280455902694186e+01
1.434864319424399604e+01
1.384034056593377215e+01
1.310314675125931672e+01
1.355784577450386763e+01
1.314529993375625416e+01
1.337880990181824892e+01
1.346491671891808473e+01
1.419864662900966401e+01
1.426625852032230135e+01
1.328348309805271654e+01
1.346089855621782050e+01
1.423892815026984060e+01
1.404649362847581351e+01
1.323483638759702608e+01
1.333637565723580920e+01
1.406513786093599983e+01
1.321399913441779539e+01
1.352803706652204419e+01
1.347749718388593010e+01
1.293863848469423061e+01
1.318847808842981451e+01
1.422634850414833885e+01
1.299250675129360388e+01
1.364946475392767766e+01
1.321399913441779539e+01
1.323483638759702608e+01
1.385624481765044358e+01
1.362331636058408968e+01
1.433232264710768966e+01
1.310585280861431556e+01
1.395598918160334811e+01
1.423892815026984060e+01
1.354667070280599539e+01
1.433232264710768966e+01
1.328348309805271654e+01
1.391753515513534012e+01
1.434419664657651339e+01
1.311797980928449014e+01
1.435308053984665300e+01
1.378199229429622719e+01
1.345086567722252369e+01
1.424449829898127540e+01
1.355784577450386763e+01
1.347749718388593010e+01
1.386516964458424894e+01
1.393288938975328861e+01
1.336383168867065407e+01
1.425638202087450246e+01
1.400197705401725834e+01
1.421562616111674338e+01
1.331518497821496361e+01
1.365853030066804052e+01
1.396556333546478612e+01
1.323280455902694186e+01
1.431002416125931198e+01
1.309196387020023877e+01
1.433673061149243999e+01
1.424177245202955788e+01
1.351455678644681768e+01
1.377968054505875806e+01
1.433876451514893802e+01
1.425380324267276499e+01
1.412130274599791235e+01
1.340130027246130595e+01
1.387152874813699910e+01
1.342745661227393938e+01
1.414129750621710890e+01
1.361485924381369195e+01
