-2.320812279241255827e-01
2.494476993685627864e-01
6.000196821179518691e-01
-1.032448669837823241e+00
-2.077808988047380012e+00
-6.501153113000008865e-01
-1.048973968789769451e+00
5.876015522062087992e-01
1.102092704382441779e+00
-1.454625349787674882e+00
6.155665600493326339e-01
-3.879185631822468228e-01
4.794197016453462523e-01
3.997095297912574008e-01
-2.766004460793597963e-01
3.233782881714661883e-01
-1.838563847360212000e-01
2.962806314189611712e+00
4.087408701601173977e-01
-8.361923375195156050e-01
-1.227248715896016140e+00
5.400079369228948101e-02
3.818984219845153461e-01
1.334725790934609080e+00
2.615790805291483334e+00
-2.088989611560919391e-01
-1.926798022834509405e+00
1.376207206947874351e+00
2.021127991711808292e-01
2.233230423851439161e-01
-9.816965948181227697e-01
-2.006697009940715759e+00
7.426755636717290443e-01
2.040889298740363456e-01
1.971529033528634234e-01
2.868027109891007065e+00
8.351091941979020827e-01
5.754073677853831503e-01
5.569117179759245362e-01
2.499200433132982457e+00
-1.788191855641291239e+00
-2.311473545869434099e-01
-6.332809002367670859e-01
2.150748859574622973e-01
-8.165269265431316370e-01
-8.249418940970426606e-01
9.090360998588710162e-01
8.854962469951727089e-01
-6.303683740746514053e-01
-4.391641996551528315e+00
-8.240981757351577563e-01
1.706788651455183103e+00
-9.944892462314258719e-01
-8.330755942523655477e-01
7.005795130985635888e-01
-1.615279635626005739e+00
1.940226773316814590e+00
1.206932880306325418e-03
-1.797631428699104417e+00
-1.258399383399672056e+00
-2.042502201664154748e-01
-3.897243334011890603e-02
-1.115577784715684195e-01
-6.864049734369366274e-01
1.565784270981520621e+00
1.496217016085686913e+00
1.582784346102231454e-01
-2.525983598321773771e-01
-5.897388135403494047e-01
-5.986760046920388406e-02
8.077059536787056793e-01
7.066962237781267975e-01
-2.329661586561659059e-01
-5.224435599727289548e-01
1.250769936906900304e-01
1.497268517737987137e-01
-2.220261931816768453e+00
8.388577051098290438e-01
2.285315523827413653e+00
8.322704481143277100e-01
-1.429831065500840825e+00
4.560790379512326687e-01
-2.005204646411152536e-01
-2.497133925698383494e-01
1.188098446175320566e+00
-1.900898484152961254e+00
-1.452580942251841645e+00
-2.968207587862191410e+00
-1.287336842819699623e-01
8.255830482166610640e-01
-5.821992812646460402e-01
1.228736182168087776e+00
4.435340534584196470e-02
-2.297604182281062002e+00
1.069568515687459448e-01
-2.273727476599294028e-01
6.492719409804271757e-01
-9.204960718268774267e-01
2.180694269076054681e+00
-9.389932848215536143e-02
-5.711087651370480023e-01
-4.002080015119742207e-01
1.941138115605620940e-01
1.218776381187841373e+00
-1.873172595710163695e-03
-5.549782346322643806e-03
1.702021409500897642e+00
-7.504820246995659305e-01
-3.866572085568444339e-01
-9.397532751739956502e-01
-2.434602580651522019e-01
-5.896764194454053865e-01
-6.308897631269525519e-01
1.718808898458226597e+00
-1.714570457845353335e+00
-1.336239894127465577e+00
2.188926095129313687e+00
-7.886806401707338043e-01
-2.061182681386512089e-02
-2.468797234624919568e-01
-6.545524740928797547e-01
-4.423144937853034642e-01
6.893977766598898826e-01
-2.802924960022034062e-01
-1.344919154595197210e-02
1.273848925332390636e-01
-9.202673858192713663e-01
-7.046215604456422810e-01
1.863127174452146706e+00
7.106535853242408997e-04
-3.219567689399819299e-01
1.711304709516062450e-01
-5.466221610900944688e-02
-1.112730108296374310e+00
-1.020871852465555341e+00
5.175288751905061657e-01
5.168225793211200791e-02
8.188137960094442613e-01
-1.474703392699597382e+00
4.741058653372691722e-01
6.669967480552091432e-01
7.841315782992668293e-01
-2.163920696457161341e+00
-6.534915392609141893e-01
-5.866509606931592513e-01
-2.058996892711364435e+00
-1.798702316450320193e+00
3.128196564534223012e-01
3.105192335640619694e-01
-1.677402678924986568e-01
4.972182530919422305e-01
6.665815399111605366e-01
-9.138647852885195544e-01
3.226423938921237911e-01
-2.084746069478012331e-01
2.463854852239306670e+00
-2.058529096076828768e+00
-2.215972308119244782e-01
1.107955886561455605e+00
-1.590866791703270611e+00
6.773637404774144333e-01
1.576334125940883180e+00
-9.243955485688852836e-01
2.010534435270372178e-01
-5.914801376990368453e-01
3.388048644484210059e-01
-1.087691440250916630e-01
-8.635937499141038698e-01
3.118549429983268340e-01
5.041765847305510473e-01
-3.836412287534590182e-01
-1.282269219221358614e-01
1.044959027432856402e+00
-1.914347370903601298e-01
-2.540616613113489408e-01
-2.909363055000775855e+00
-1.400473486633541653e-01
6.055021112735100575e-01
-1.103668089573488220e-01
-4.797442179113717842e-01
-8.443722943992830743e-01
-9.504970795668006289e-01
6.201717741784307236e-01
-1.030889361110240765e+00
-3.229217489651812767e-01
-9.190806750363763600e-01
-1.493200405850995560e+00
-1.040233270729037152e+00
8.898019873477648334e-01
-1.781901647014960954e-01
7.096674629415133939e-01
-1.851206140517189930e-02
-1.727135772047987627e+00
4.684751598361008851e-01
-3.650424209697512162e-02
-6.849027850478450752e-01
-6.536133388351866857e-01
-7.993101159602465922e-01
5.545584787901833984e-02
9.379910493945472494e-01
3.106803005999892592e-02
2.288094016467869529e-01
-1.095345899646171572e+00
-1.671567775650567800e+00
6.871899504197696018e-01
-4.203781883892583893e-01
-4.016428572275714259e-01
2.068199031845485425e-01
1.808709595440632700e+00
-4.172158649087021054e-01
2.936333969726990789e-01
1.160689109089624305e+00
-5.176204093138909723e-01
-1.189981845307483743e+00
-4.214426371339507343e-02
8.736090122040093275e-01
4.186209515942262982e-01
-1.075939513115367063e-01
6.878425910514518460e-01
-8.484708265347856715e-01
4.250382152844777717e-01
2.024397333142886890e-01
1.596974515330019662e-01
-1.081317622914309995e+00
2.060926499154738106e-02
-3.220006325171673733e-01
1.570965597692036253e+00
2.417346448570641293e+00
-3.977502761832845679e-01
-3.827576817704183426e-02
1.472865482001193549e-01
9.158734251715267005e-01
6.394483665498696956e-01
-4.931035092684754040e-01
-1.217543241757292671e+00
1.700482326472098904e-01
-1.416199172165542031e-01
-3.490904941884013790e-01
1.182505432431057546e+00
-2.704633342675408780e-01
-1.386088898908531819e-01
7.913874406445011722e-01
-1.427586417484398851e+00
1.528881713720018076e-01
-1.030104509458073414e+00
9.405099478963259152e-01
-4.895740444000623581e-01
4.651742598711105514e-01
1.905626701628556408e+00
-2.298683250948495793e+00
-6.307471002354189116e-01
-3.829293251537130849e-01
-2.192400628943387719e+00
-8.646188041836622151e-01
1.624286875134208330e+00
9.760847274636320625e-01
-5.559250536741289217e-01
-9.491463794622743144e-01
1.056496941164343006e+00
1.695446358830720868e-01
-5.918303805808779183e-02
-3.494005031901993852e-01
-4.968012253915548015e-01
-1.628938466911172833e+00
2.334382990112863765e-01
-5.035032354349772143e-01
2.833429287071952407e-01
2.007547405305373789e-01
4.164021381453605342e-01
4.093120869424394237e-01
6.599145108761093059e-01
3.493518084973212257e-01
-1.828671478271734374e+00
1.106070577797850119e+00
1.276546327472056319e+00
1.261660368781256203e+00
-1.342698796500516822e+00
7.584326683803960245e-01
-1.205280152156482619e-02
-2.980566044809898618e-01
-1.147667278271877978e+00
-7.958470950921314735e-01
-3.682385819353441447e-01
-1.613171377988770416e+00
-1.434756567266705529e+00
1.183263038252652333e+00
2.406673125822946790e+00
-8.054176510352821783e-01
-3.423341054622550117e-01
7.294663185236897052e-01
4.619995973321961991e-01
-8.541877328875057129e-01
-3.162520441226647439e+00
1.639579946373620700e+00
-6.754564681155508787e-02
1.088863940463874247e+00
8.195866021025057790e-01
1.105228384202010306e+00
1.920470882418619241e-02
4.059911643067415921e-01
-3.844723795337580130e-01
-1.383268694584386616e+00
-1.210312972398406517e+00
-4.006428277917261305e+00
-7.658126444825886781e-01
-5.537201594568783580e-01
4.675285676416252589e-01
8.314885835196692554e-01
1.503421727292634791e-01
-5.201971561823841572e-01
-2.463912592868796880e-01
9.117829214202066712e-01
-9.723472900784931872e-01
6.602369653369289937e-01
6.608099573981627284e-01
1.198627501245380200e+00
-9.431089417559413990e-01
1.763859166635763698e+00
-1.415826433212668656e+00
1.475893292092641529e+00
6.840402530983252793e-01
1.145156552720280496e+00
-4.887900038962977867e-01
-3.648958612803249180e-01
-1.514424164163650444e+00
-5.540600812793115004e-01
2.271277453947579961e+00
1.068517735675120095e+00
-8.986276858377750809e-01
-1.059723547851681769e+00
-3.696937913135228126e-01
-2.984676865747298291e-01
-8.089208443251291181e-01
-1.330334288684649646e+00
1.742497663876469705e-01
-1.012775144462588539e+00
2.169398501165862303e+00
1.343067969683498508e-01
-2.645569250702538566e-01
3.034932109961836766e-02
-1.357123230408245340e-01
-5.940291638377522832e-01
7.815890098749298520e-01
8.649617546183127614e-02
9.935190080429450177e-01
-1.804769644124681882e+00
-4.434918582007479904e-01
-9.720132781804466937e-01
-9.858693365206759873e-01
-7.645337112400418800e-01
-3.088482322310986405e-01
3.286619050605200237e-02
1.127770058738411851e+00
-6.884483504706916113e-02
-2.348824061711474620e+00
5.551749081544510300e-01
1.864431378229425285e+00
-7.218287494340832611e-01
3.749502274661568046e-01
3.913452879396962514e-01
-8.473522065140796089e-01
-4.871080544636906540e-01
2.252500612171195460e+00
6.530618760226296615e-01
5.014989777912919333e-01
6.096858043797314108e-01
-2.455301851074236097e-01
2.182722795812928940e+00
-4.024795153241882417e+00
2.646279999657209503e-01
8.068727252195998512e-01
-1.023992862757722611e+00
7.025200769953673374e-01
1.151347960210716614e+00
1.341447110777972407e-01
-1.617604768750658728e+00
8.030847113678504789e-02
1.130674241713059747e+00
-4.554401241468206130e-01
-2.242261455540446313e-01
2.376911660597339715e+00
9.067592157473757242e-01
-4.679477079379569804e-01
-9.689064904285934476e-01
1.136114150069599038e+00
-1.049159878480804942e+00
-1.166602874147252278e+00
8.366225828949404031e-01
2.080715863897276030e+00
8.053495788207669648e-01
1.774664801209407394e-01
-5.443301901259678388e-01
6.268755013746257765e-01
-2.319928530765194896e+00
-1.553540022926409581e+00
3.125668175251359315e-01
-2.758706944739039990e-01
-2.157091269317267912e+00
4.573122010404120363e-01
4.589558514455122640e-01
-1.133250958097702821e+00
5.234848359378362070e-02
5.879833354195767026e-01
-1.079943164202354922e+00
-5.134758785471148501e-01
1.120804239327427704e-01
6.283662591102920913e-01
-2.810561298279007914e-01
8.534478508302055511e-02
8.288815751138116639e-01
-1.470008273840790469e+00
-4.464883243166575116e-02
-5.074588074530544252e-02
1.136101600593984462e-01
-3.968006091140725000e-01
-2.908032578832456805e-01
2.278111851087063766e-01
1.131449275821624578e+00
6.972281950507178139e-02
-9.107158305237383900e-01
1.674309153376495052e-01
-9.957093728091036544e-01
1.121534220051312980e+00
-2.812665856156685851e-01
1.471611943209722551e+00
3.367422506601945864e-01
3.369091114104201257e-01
1.695959206087556348e+00
6.394159008379530773e-01
-5.275514755961561164e-01
-6.741747446635609764e-01
-1.058364389730918953e+00
1.635438209319760028e-01
1.031959261430077213e+00
5.779265904508759655e-02
-6.912722175714602901e-01
