1.196151056150882930e+01
1.327548011523431448e+01
1.403239310952634966e+01
1.265608025354732113e+01
1.397061848756563585e+01
1.313272076461944060e+01
1.160546342302783351e+01
1.212565046034715976e+01
1.187898876893715006e+01
1.290115623823681013e+01
1.138646861414901856e+01
1.327548011523431448e+01
1.163423048191064879e+01
1.236269237232729701e+01
1.225399403674876098e+01
1.220035622873855807e+01
1.218778389797773798e+01
1.077986180577826048e+01
1.312897931849495414e+01
1.092620377139684251e+01
1.273414587845505253e+01
1.077986180577826048e+01
1.398406504797484828e+01
1.113711249460375363e+01
1.159911840394477167e+01
1.215778720141188352e+01
1.296200457404816930e+01
1.399111788302537107e+01
1.210235393414311389e+01
1.403239310952634966e+01
1.075832375526543849e+01
1.306892188915326081e+01
1.313272076461944060e+01
1.388301074271430124e+01
1.389636816035391220e+01
1.138646861414901856e+01
1.312897931849495414e+01
1.409324144533770884e+01
1.410708891299054457e+01
1.189895890716236870e+01
1.209324283680483347e+01
1.300807355334190341e+01
1.092620377139684251e+01
1.403239310952634966e+01
1.223961742888679183e+01
1.222373961785618057e+01
1.409324144533770884e+01
1.306892188915326081e+01
1.183619887870663234e+01
1.296200457404816930e+01
1.313272076461944060e+01
1.300807355334190341e+01
1.198765931873936630e+01
1.395024352100081089e+01
1.183619887870663234e+01
1.160546342302783351e+01
1.119270344138420192e+01
1.211049071348250550e+01
1.159911840394477167e+01
1.250160803020097866e+01
1.216590401274409494e+01
1.172703189955137937e+01
1.225823936327620345e+01
1.119796083041511103e+01
1.082006521245958730e+01
1.125276087072589348e+01
1.250959808900625347e+01
1.144569502177806619e+01
1.333632845104567366e+01
1.187898876893715006e+01
1.290115623823681013e+01
1.306813098268359497e+01
1.259570361552341389e+01
1.240103995387512903e+01
1.249429062796014911e+01
1.288301503002216997e+01
1.405196621883672847e+01
1.206423323148442961e+01
1.082006521245958730e+01
1.222695058022795855e+01
1.159911840394477167e+01
1.222325100125181585e+01
1.210111205190701078e+01
1.143281309455584172e+01
1.179570112259833614e+01
1.397061848756563585e+01
1.399111788302537107e+01
1.164307794392241036e+01
1.390405431569049632e+01
1.198711642816940781e+01
1.395024352100081089e+01
1.118406049624984711e+01
1.281661264012219270e+01
1.099505699078899390e+01
1.274824073591074658e+01
1.168179239261965741e+01
1.290115623823681013e+01
1.313272076461944060e+01
1.164546592629126565e+01
1.217804715576930974e+01
1.300807355334190341e+01
1.118237445479505077e+01
1.161816288771328587e+01
1.209272990611015253e+01
1.258131708587429110e+01
1.413026016806376539e+01
1.312897931849495414e+01
1.150381426272489271e+01
1.146011000327661300e+01
1.313272076461944060e+01
1.388301074271430124e+01
1.183268899825624132e+01
1.295248260656145511e+01
1.240334517506590828e+01
1.300807355334190341e+01
1.412098090213311607e+01
1.131735065266173912e+01
1.187898876893715006e+01
1.264300703835362505e+01
1.246286095249081605e+01
1.198839070088417280e+01
1.413491740801351426e+01
1.108578612627910864e+01
1.224467438357095439e+01
1.210647307998760347e+01
1.182010606838765021e+01
1.105393670666372508e+01
1.204590093154665986e+01
1.300807355334190341e+01
1.409324144533770884e+01
1.276172773493986057e+01
1.194472145341942237e+01
1.198611996285968040e+01
1.313272076461944060e+01
1.279499421426641170e+01
1.159336240581940203e+01
1.313272076461944060e+01
1.159911840394477167e+01
1.196308145193076022e+01
1.306813098268359497e+01
1.232339091749015303e+01
1.318163917263188445e+01
1.088550928717079991e+01
1.204221189776392187e+01
1.236425553737708327e+01
1.410708891299054457e+01
1.162094405680830000e+01
1.213950478068643513e+01
1.183553895686793389e+01
1.193983710474850746e+01
1.202133397347481214e+01
1.326268706191807922e+01
1.258998370301607928e+01
1.393054623939872272e+01
1.154653833983631372e+01
1.090512148578859275e+01
1.098167443652150865e+01
1.222293583490772662e+01
1.157737460050359068e+01
1.306892188915326081e+01
1.319356910043079800e+01
1.285387691481591155e+01
1.408805009006846554e+01
1.138646861414901856e+01
1.326268706191807922e+01
1.406568009350889170e+01
1.249209153076900236e+01
1.185654945840969354e+01
1.198711642816940781e+01
1.203844279649405102e+01
1.108833940612846192e+01
1.401859016811516412e+01
1.306892188915326081e+01
1.301333094237281252e+01
1.183672467724789712e+01
1.108833940612846192e+01
1.255722239206105328e+01
1.242160451017497458e+01
1.406568009350889170e+01
1.410708891299054457e+01
1.392321671216349088e+01
1.180513135722257800e+01
1.399755617264099783e+01
1.138646861414901856e+01
1.144731694996037774e+01
1.267057229694538023e+01
1.215783261874067911e+01
1.118237445479505077e+01
1.394385907852565865e+01
1.283143760428845503e+01
1.192651419887796571e+01
1.295248260656145511e+01
1.263441987072780748e+01
1.131735065266173912e+01
1.095521915651939615e+01
1.416292395098013479e+01
1.100475874596327230e+01
1.162094405680830000e+01
1.222695058022795855e+01
1.295248260656145511e+01
1.230748793128428531e+01
1.419110850387512457e+01
1.224975575368374692e+01
1.196072928972427007e+01
1.180084283978494497e+01
1.235094955289270224e+01
1.114663446209046782e+01
1.295248260656145511e+01
1.159911840394477167e+01
1.313272076461944060e+01
1.168692946886958950e+01
1.320183872610672005e+01
1.250559263405285293e+01
1.077986180577826048e+01
1.401859016811516412e+01
1.104252277233286605e+01
1.312897931849495414e+01
1.274157454253538013e+01
1.406013256632175867e+01
1.216893988480924627e+01
1.198711642816940781e+01
1.208919804661720043e+01
1.080152058728824649e+01
1.227622383881481127e+01
1.295248260656145511e+01
1.154463522632317130e+01
1.312897931849495414e+01
1.075832375526543849e+01
1.138646861414901856e+01
1.319356910043079800e+01
1.187898876893715006e+01
1.270087939912850139e+01
1.301333094237281252e+01
1.301333094237281252e+01
1.208411115305497141e+01
1.180945686457241273e+01
1.211676866173421097e+01
1.313272076461944060e+01
1.153827006813341249e+01
1.209324283680483347e+01
1.164261680767645046e+01
1.152095833908797218e+01
1.185654945840969354e+01
1.190406989480222499e+01
1.105393670666372508e+01
1.326268706191807922e+01
1.412098090213311607e+01
1.300807355334190341e+01
1.320183872610672005e+01
1.228463102332133872e+01
1.313272076461944060e+01
1.209838744812285860e+01
1.185654945840969354e+01
1.187898876893715006e+01
1.391727798353636558e+01
1.121429740888682680e+01
1.149341183297050328e+01
1.392321671216349088e+01
1.287932945755588143e+01
1.150229206313670716e+01
1.388301074271430124e+01
1.341448851590247315e+01
1.320183872610672005e+01
1.213387466260073211e+01
1.178683958906109908e+01
1.215839811040941143e+01
1.410708891299054457e+01
1.402467209573645768e+01
1.215020341564394180e+01
1.416292395098013479e+01
1.171191582731811742e+01
1.295248260656145511e+01
1.394385907852565865e+01
1.210376324660775538e+01
1.198711642816940781e+01
1.219844311844962448e+01
1.108578612627910864e+01
1.219208560912606920e+01
1.313272076461944060e+01
1.401109185681216829e+01
1.173707968146417358e+01
1.196308145193076022e+01
1.205049137796613223e+01
1.210584570180605546e+01
1.094635762298215909e+01
1.108578612627910864e+01
1.104252277233286605e+01
1.159911840394477167e+01
1.334261581261080742e+01
1.193977452291123420e+01
1.092620377139684251e+01
1.205215600623096428e+01
1.153827006813341249e+01
1.405196621883672847e+01
1.094391041015191490e+01
1.281042710274669538e+01
1.175653248687797792e+01
1.397744854885058885e+01
1.155039897787567327e+01
1.300807355334190341e+01
1.229716468082573400e+01
1.109935513866956747e+01
1.200932256536486342e+01
1.406568009350889170e+01
1.197080650933244961e+01
1.171894339139321950e+01
1.215783261874067911e+01
1.300807355334190341e+01
1.170161220567374372e+01
1.101836579274342753e+01
1.413491740801351426e+01
1.190626700004805905e+01
1.183268899825624132e+01
1.295248260656145511e+01
1.320339777252655189e+01
1.131735065266173912e+01
1.223195466230231432e+01
1.108833940612846192e+01
1.131360920653725266e+01
1.119796083041511103e+01
1.301333094237281252e+01
1.300807355334190341e+01
1.257759376041502719e+01
1.209324283680483347e+01
1.203318540746314191e+01
1.082763692639592357e+01
1.179570112259833614e+01
1.198008630179017864e+01
1.185654945840969354e+01
1.306813098268359497e+01
1.306892188915326081e+01
1.183553895686793389e+01
1.131360920653725266e+01
1.138646861414901856e+01
1.190163774219271531e+01
1.105393670666372508e+01
1.333632845104567366e+01
1.190626700004805905e+01
1.209324283680483347e+01
1.125276087072589348e+01
1.220483657539696587e+01
1.383002690480167374e+01
1.114663446209046782e+01
1.300807355334190341e+01
1.401109185681216829e+01
1.412098090213311607e+01
1.090512148578859275e+01
1.119270344138420192e+01
1.259523191773596196e+01
1.144731694996037774e+01
1.077986180577826048e+01
1.239003800460701754e+01
1.258970742445376167e+01
1.277058926847709763e+01
1.267398456764659898e+01
1.270087939912850139e+01
1.265239699711198007e+01
1.406568009350889170e+01
1.189638729267929129e+01
1.281042710274669538e+01
1.379075728369880949e+01
1.104252277233286605e+01
1.290115623823681013e+01
1.393670783682964043e+01
1.084071014158961965e+01
1.175908852399431304e+01
1.160055272518208369e+01
1.105590532660035130e+01
1.390405431569049632e+01
1.204086595440227470e+01
1.091877576649735104e+01
1.152095833908797218e+01
1.300807355334190341e+01
1.131735065266173912e+01
1.151322022317018678e+01
1.255680391352471581e+01
1.266270010296630844e+01
1.320183872610672005e+01
1.150229206313670716e+01
1.403239310952634966e+01
1.233936388057147049e+01
1.313272076461944060e+01
1.114918774193982109e+01
1.241769201779638898e+01
1.108578612627910864e+01
1.153827006813341249e+01
1.146011000327661300e+01
1.270087939912850139e+01
1.306813098268359497e+01
1.408805009006846554e+01
1.070764221134857230e+01
1.183164686367897644e+01
1.108578612627910864e+01
1.313272076461944060e+01
1.212395220347699976e+01
1.172703189955137937e+01
1.402467209573645768e+01
1.295248260656145511e+01
1.221226674876237084e+01
1.403239310952634966e+01
1.167235813845713288e+01
1.402467209573645768e+01
1.320183872610672005e+01
1.215805868648142507e+01
1.394385907852565865e+01
1.291472525062726895e+01
1.385160561951016689e+01
1.203318540746314191e+01
1.147026596404568721e+01
1.400483175769753252e+01
1.152095833908797218e+01
1.146011000327661300e+01
1.213644734791497903e+01
1.217909692138381139e+01
1.326268706191807922e+01
1.393670783682964043e+01
1.227736541315442764e+01
1.413026016806376539e+01
1.319356910043079800e+01
1.168179239261965741e+01
1.228397211505961728e+01
1.105590532660035130e+01
1.413491740801351426e+01
1.086535543558548333e+01
1.399755617264099783e+01
1.401859016811516412e+01
1.349716250457735889e+01
1.196491823061358417e+01
1.398406504797484828e+01
1.271873821570599539e+01
1.244396692947737293e+01
1.124490883206120628e+01
1.215783261874067911e+01
1.138646861414901856e+01
1.247251276114487517e+01
1.177994748760553634e+01
