2.916416208604272198e-01
-2.403622363607543777e-01
-1.368542420376814284e-01
-1.648961145079431034e+00
-1.050961493017357862e+00
-1.002339126715309670e+00
1.928205800491250010e-01
2.571775852577016686e+00
-9.752192614097268675e-02
-1.809381947903016263e-01
-4.378309347452870037e-01
-1.651272492933055114e+00
3.662131714410133965e-01
7.595943891180291230e-01
-8.304573998866000561e-01
9.991652222868476763e-01
-3.523826752656342154e-01
1.615131551806825883e+00
-1.012035761561934200e+00
-1.193920159817162263e+00
-1.600666634953113343e+00
-1.177851407965994218e-01
-8.648285007233857957e-01
1.100948820103087478e+00
1.165053975348369769e-01
-8.918693774588657419e-01
5.226736253045557445e-01
-3.044834069106050478e-01
-3.636838659849400135e-01
-9.809068206772211251e-01
-4.981048515514195918e-01
-4.864983414499680636e-01
5.626671366822163511e-01
-8.915155030306397554e-01
1.112840355667430225e+00
3.841183245180779249e-02
1.269621251233584491e+00
-1.195289960823026520e+00
-1.168141062889168635e+00
7.036723539874126798e-01
3.592848795085801239e-01
-7.080030064947581137e-01
-1.234559508335440065e-01
1.031442198047981318e+00
-3.965579807875968532e-01
-5.122253757287935638e-01
1.713860030318929084e+00
-2.871075473935207345e-01
2.862024406593600467e+00
-1.881516023260555032e-02
-1.293846369220878367e+00
9.610189112741265305e-01
-5.666660249451961340e-01
-2.929608323906215617e+00
-5.143122413524210401e-01
-1.898066997860904159e+00
6.942944369498348367e-01
1.585639168853295589e-01
1.047783498828786630e+00
-2.045037544875802915e+00
8.107000368969704551e-01
1.788652356729460990e+00
1.384958532106936424e+00
-1.622844039376441505e-01
2.198340038992096623e+00
-1.446862212595692698e+00
4.280300597240230265e-01
3.400030578501871820e-02
7.700174438522963127e-01
-4.076545306293506421e-01
-9.660574795090701716e-01
1.840408772011548066e-01
-1.012514005410650730e+00
2.835092802208952212e-01
1.064758862233361913e+00
1.283758146158729962e+00
-1.480963209353866938e+00
-2.204002024148490613e-01
1.080913258454725856e+00
8.916258065305520120e-01
-4.399108915480010595e-01
1.983039199091053639e+00
-1.400005527091449320e+00
-9.352246884575403651e-01
-3.521587046916180852e-01
-1.202607600899668894e+00
-1.656115920402674968e+00
-1.691186815576098734e+00
-8.152700466942383595e-02
5.182949875958069441e-01
2.553896925163083420e+00
8.587072814315984681e-01
6.260723975356391469e-02
9.749315886486564775e-01
4.702706448610889933e-01
1.936948114390695808e-01
1.600198989462513932e+00
-8.454434437454045881e-01
-5.655188469617161706e-01
6.370413053354544441e-01
-4.473612278589431113e-01
-1.032327913170253686e-01
6.578289485584102314e-01
2.283091377368465125e+00
1.470274205391642219e+00
-8.853471666575001287e-01
9.889455462741518488e-02
-6.322288085052690798e-02
-1.712699266683673338e+00
-3.929397628708569679e-01
1.052526811060350509e+00
-2.051047752689024506e+00
-5.206066221038948560e-01
-4.517063226486938698e-01
-9.465228208793351472e-01
9.328681438023718187e-01
1.029949002020464022e+00
-1.037021798852394650e+00
7.279988052999708525e-01
3.743691157938005554e-01
-5.670468126698950950e-01
-8.881340873937885183e-01
6.770859589110624910e-01
-6.163404934145606529e-01
6.011603745870700566e-01
-8.681419757745051369e-01
4.994927518329975169e-01
2.056409730711630524e-01
1.346231529584607900e+00
1.069280555875828265e+00
1.159026939855489990e+00
2.062800801352099089e+00
-7.571934090226091207e-01
1.687670060161653163e-01
3.356501156888519466e-01
1.149853866275961201e+00
1.398989443637027819e+00
-1.483751135121842701e-01
-8.457213614016616532e-01
1.312441136183391532e-01
2.754078053995545616e+00
-1.998546717454744159e-01
-9.295303292116353644e-01
-1.524707613253200034e+00
-4.707808068999924656e-02
-1.132626226338065756e+00
-4.078088103368089357e-01
3.788857938004491221e-01
4.007665253581939591e-01
3.791654043770927851e-01
4.561073138904103152e-01
1.510590766057172130e-01
-5.574837667846641587e-01
1.687820911634248633e+00
-1.024108231701280625e+00
8.203031516190448791e-01
-9.113886386143463803e-01
2.632130772320444012e-01
5.775498788145364548e-01
-1.387102672381202328e+00
-2.694283879225958245e+00
-4.976463125364007922e-01
1.395215352192319624e+00
1.242093418111269276e+00
-1.786776290670503586e+00
1.606955990724489691e+00
-1.578546154209492791e-01
-1.009202154126842332e+00
-1.516979502396280877e+00
-4.399243631917403863e-01
-7.030598381656947282e-01
1.611707164962043359e+00
-1.276846465894703853e+00
9.161774518143894763e-01
-5.743965202942062642e-02
-7.404342736520428403e-01
2.158016454038066634e+00
-3.140442793259283216e-01
-1.782448539924181563e-01
-1.066459345090507549e+00
-2.053024463672719624e-01
2.014874504676007205e-01
-9.447132064711679655e-01
-1.115208718639805890e-01
5.385539282888470725e-01
-1.119500133457000501e+00
-8.125708601810024412e-01
-7.085583604013201420e-01
1.803251347965511675e+00
-7.079921629874297295e-01
-4.464711673814026338e-01
-1.157765293555831215e-01
-8.549648419857669435e-02
2.449334517200561501e-01
7.734785114905429193e-01
2.638051848784515596e-01
2.521633581971353122e-01
-6.152493786176697066e-01
1.917380459540906523e+00
5.030744248764558169e-01
1.399666222530264958e+00
7.322155012454844014e-01
-3.168461000764318664e-02
-9.606147333161132451e-01
1.696510252544325859e+00
3.687061494046940946e-01
-4.161130364223340587e-03
-4.313372934171275652e-01
7.568418396617085930e-01
1.555358745252750918e-01
1.395672678801440858e+00
-4.961613434971407499e-01
-4.012274947259427682e-01
-2.194504174968640031e-01
-6.941713439201263602e-02
-7.079638603069847713e-01
-5.570296957727109977e-01
-2.568066863141701406e-01
2.812875910597344431e-01
-1.607156450093963351e-01
-2.739197915899360125e-01
-6.404758599935135299e-01
-8.386242188843121559e-01
-1.826883275848697252e+00
-1.066419720687705741e+00
7.914279698030848298e-01
-1.291046401832011803e+00
-9.895736578774790015e-02
-1.040480871701786603e-01
7.200661065236605429e-01
-1.137071389069028472e-02
1.375087990705807506e-01
-1.479351520030429690e+00
-1.265937718828750835e+00
-2.581197047560532809e-01
5.835062036270013408e-01
1.795533889573617814e-01
-5.662212254585093918e-01
1.040192155213513825e+00
8.380153018666926246e-02
1.529541062554038655e+00
9.144049310632662575e-01
-8.615540988371986897e-01
1.191124783336707571e+00
-4.981895115991898104e-02
1.643460272919236298e-01
-7.131941911357075892e-02
3.216874342893933370e-01
1.035379315977875692e+00
-6.308055247507207697e-02
2.284058220255901217e-01
1.935841141151458111e-01
-3.195916407726828723e-01
-2.733830166426730046e-01
1.323861922836834459e+00
-3.804946307712318565e-01
-2.607715340302466656e-01
1.493852648932982419e+00
-6.736719972314094695e-01
4.911568660077303972e-01
1.171441909045642556e-02
6.500494085623621521e-01
2.631102409197021985e-01
-9.040540202057161245e-01
-8.956584229246803419e-01
-5.643284954947463961e-01
-1.970874026239508719e-02
8.318120610362325085e-01
-9.330442463404913234e-01
-9.718587570626843197e-01
-9.641232653129765406e-01
-2.838200271933902785e-01
-1.788135472830500783e+00
-3.943527805309559597e-01
1.250075046782114452e+00
2.962690562049433041e+00
-1.217605001420373201e+00
6.624918452085841736e-01
-2.960368396337135777e-01
1.342755766205759205e+00
-1.898324546355551756e-01
3.180880048343779354e-01
2.632051290862494342e-01
-1.492096510454211433e+00
9.722356513780100462e-02
2.254812993517915309e+00
5.548203024165257458e-02
4.538320504616890627e-01
-8.803297123234340438e-01
3.565975655578457637e+00
-1.050425694419970357e+00
-3.419744930642793640e-02
-1.178734985930355528e+00
1.243263662935511604e+00
3.541508597146023618e-01
2.123323242595664684e-01
-5.446638906674713398e-01
2.187333681726409296e+00
-9.414514250412552299e-01
1.318512288444707359e+00
-9.972694222933418118e-01
-7.776740462609031956e-01
3.437984781154670988e-01
-1.046779534946781887e+00
-1.110676883422085037e+00
4.372919267710947411e-01
2.364378859874015915e-01
8.385108671548254788e-01
1.139660993196012884e+00
-1.002124218587155058e+00
8.053985151171595414e-01
2.890026370385942123e+00
-8.780502190579181354e-01
-3.929575818134506959e-01
-9.454927733579920890e-01
6.265159423847538323e-01
-1.629707620348838648e-01
-2.799277758078422274e-01
1.954285214125877912e-01
2.944287959111022701e+00
-1.479351520030429690e+00
4.547957969646259091e-01
-1.758556250244179275e-01
6.834594923122050414e-02
-1.453008851475694474e+00
9.053308118659074699e-01
1.115382507029476056e+00
1.887562870718221264e+00
-1.028134721627417258e+00
8.343309873089629347e-01
7.455047796826386186e-01
-6.946871613600482664e-01
1.182442813681538807e+00
-4.417538526584378206e-02
4.343140618382010528e-04
1.029463934442417933e-01
1.316462014561113891e+00
1.653282323396888298e+00
1.136322459133122020e+00
4.056152957093882988e-02
1.426244182918891823e-01
2.625835280100083047e+00
-2.645119190391878941e-02
2.289857562722040496e-01
1.607502267947836724e-02
-1.894126250283887369e+00
1.339316757790122991e-01
1.649534873713034200e+00
5.181282288942772318e-01
-3.234688668852881421e-01
4.278314174421096183e-01
-1.372816515836219109e+00
8.816576776834634810e-01
-1.412593925206382106e-01
-9.867208988421369842e-01
1.081984662788439078e+00
8.253063165444793903e-01
2.175927731996096237e-01
-7.073772804070306286e-01
4.497015740609708323e-01
-2.834170788652413453e+00
3.445441270803880074e-01
-1.648159218083270705e+00
2.653413318085257266e+00
1.567606539966529544e-01
2.189109315345091622e-01
-1.174630753250188286e+00
2.103766499098784770e+00
-9.500616856237874552e-01
1.745417457314129839e-01
-2.374376847922295419e-01
-2.119857090071825267e-01
-8.276306974344307399e-01
5.648355544038841103e-02
-2.157346604201272333e-01
-1.384658211804114247e-01
1.019635393134500634e-01
-3.023859257522415467e-01
-1.817740807618267951e+00
9.631354934137692503e-01
-8.250097405715464127e-01
5.828805902775401337e-01
-1.809642302147842496e-01
-8.305305583812906678e-03
4.413932541022246858e-01
-1.250103944300563930e+00
-4.313884414954666235e-01
2.645306431424826688e+00
4.232055219256394274e-01
1.337094682544521726e-02
1.383321073570950854e-01
-8.817209608972820245e-02
-3.017999941464648631e-02
-1.343013622584405597e+00
1.329702232223575475e-01
6.383022368142927672e-01
5.626117859898879248e-01
6.235876472624013456e-01
2.381372405633625788e-01
7.258211149728076572e-01
-1.815281150233222451e+00
-1.164367400600438973e+00
-8.466935469379280876e-01
8.816946507950772505e-01
3.467135833981580678e-02
1.583062798066709354e+00
-7.082720421278617673e-01
-1.914625970035823022e+00
-2.083704455730529759e+00
1.447195200383346037e-01
-5.533597598207659063e-01
7.047080858475051057e-01
-1.307130639129024940e-01
-7.374008653742831765e-01
-6.443027003979806544e-01
1.151511079729937714e+00
-1.326088332761866662e+00
2.095890278567853038e+00
-5.349257908862564692e-01
1.266544946552360384e+00
1.862622119310650470e+00
5.900453631578302938e-01
2.093103357831564537e+00
1.320707360173081657e+00
6.178727873638788504e-01
-5.793852589073390513e-01
2.167726013233324187e-03
2.935807306372439029e+00
-7.875365704511333442e-01
1.908962130293934967e-01
-2.164276673552083252e-01
-1.804118962426562722e-01
4.833476601639029036e-01
2.249791789773916140e+00
-2.663491608588012816e-01
1.751778275698169463e+00
