6.480360696327380765e-02
9.468908688987607292e-01
7.608451974608296808e-01
7.035057811581779674e-02
5.443637725194871990e-01
7.511535468322545483e-01
3.692521871321350346e-01
9.687840715993782936e-01
1.039892275656519871e+00
4.428501188129914112e-01
7.446877071196986719e-01
9.468908688987607292e-01
4.031156664209945006e-01
5.191418025010889892e-01
3.742505363867483226e-01
3.034016534267021115e-01
2.868699678997099767e-01
-3.873008398714894440e-02
6.728057312404569501e-01
9.390591518570445828e-02
2.277947372592166175e-01
-3.873008398714894440e-02
5.688291856935432378e-01
4.099066764085605996e-01
9.645559435152044614e-01
2.475597522190717825e-01
4.513917731763861241e-01
6.846228048555804691e-01
1.754998940167133981e-01
7.608451974608296808e-01
-9.701663406513461041e-02
5.926929802542701964e-01
7.511535468322545483e-01
4.872896750354858142e-01
5.114896351538487096e-01
7.446877071196986719e-01
6.728057312404569501e-01
7.693868518242279464e-01
7.950669645019541321e-01
7.398151662452985278e-01
1.323080416862586262e+00
5.841513258908754835e-01
9.390591518570445828e-02
7.608451974608296808e-01
3.552139499454511906e-01
4.063205029123082568e-01
7.693868518242279464e-01
5.926929802542701964e-01
6.576411736090541638e-01
4.513917731763861241e-01
7.511535468322545483e-01
5.841513258908754835e-01
9.790153323039163524e-02
6.096187773454619929e-01
6.576411736090541638e-01
3.692521871321350346e-01
4.836123181513052316e-01
1.021795100869692163e+00
9.645559435152044614e-01
7.077860412993004502e-01
2.581771209843264359e-01
4.502940925301910369e-01
3.798779526949118690e-01
4.184483307719553125e-01
-5.256141267836689224e-02
5.637250691374902090e-01
7.187898790017666073e-01
2.180040303376689081e-01
9.554325232621554420e-01
1.039892275656519871e+00
4.428501188129914112e-01
6.642640768770604609e-01
8.385561530031697686e-01
6.448057083326386163e-01
7.733180175967255821e-01
1.338074900883770013e+00
6.931644592189751819e-01
8.866808539697785818e-01
-5.256141267836689224e-02
1.504043054844794725e+00
9.645559435152044614e-01
1.175929776570702856e+00
2.444750295516087135e-01
2.105238762494501259e-01
9.326532790940991191e-01
5.443637725194871990e-01
6.846228048555804691e-01
7.462213810555216043e-01
4.240225134676318675e-01
1.110208113161911925e+00
6.096187773454619929e-01
3.970523998157471368e-01
1.238144227120049123e+00
2.242954327681072613e-01
1.136753032189639967e+00
1.082623933401601235e+00
4.428501188129914112e-01
7.511535468322545483e-01
4.165929112343960128e-01
1.039414085371534568e+00
5.841513258908754835e-01
3.501141151866331569e-01
3.840774862563396397e-01
1.630806639344406506e-01
8.955725276900743381e-01
9.434973053585142821e-01
6.728057312404569501e-01
2.621228513077724642e-01
8.463518611591904772e-01
7.511535468322545483e-01
4.872896750354858142e-01
5.830055359731733944e-01
5.104456841481308516e-01
6.479534657301559974e-01
5.841513258908754835e-01
8.208840802309058660e-01
6.506145390926842964e-01
1.039892275656519871e+00
1.165129868650005562e-01
7.297264833815368945e-01
9.883186719531522613e-02
8.468386062990180818e-01
3.423111110734211593e-01
3.619063839265628246e-01
1.808244699798660093e-01
8.951527316081389074e-01
2.782995644548496017e-01
9.349056309144980759e-01
5.841513258908754835e-01
7.693868518242279464e-01
1.949607951085408075e-01
7.285261580941089221e-01
2.808737701961305788e-02
7.511535468322545483e-01
2.363363916226131067e-01
3.553337145487311943e-01
7.511535468322545483e-01
9.645559435152044614e-01
8.245589376325757058e-01
6.642640768770604609e-01
1.315857078095355348e+00
1.716205081891237327e+00
8.588013300557406637e-02
1.678708526991901095e-01
5.212394687085364353e-01
7.950669645019541321e-01
1.074082279038206522e+00
2.237027669829814158e-01
9.836507804932033139e-01
1.048433930019916360e+00
9.020700458938293309e-01
8.537683692226636367e-01
9.078756430971832714e-01
4.717634848764529210e-01
3.039509512150768700e-01
1.279733000828695566e-01
2.071333108336901319e-01
3.331668183295910524e-01
3.373026122974724927e-01
5.926929802542701964e-01
7.596952011956492612e-01
3.810759356709940704e-01
8.643892956308381059e-01
7.446877071196986719e-01
8.537683692226636367e-01
7.184360064706805105e-01
6.947034431749692374e-01
9.411949334574956083e-01
1.110208113161911925e+00
1.177803678497051365e+00
3.109164073033348075e-01
7.353016805463870043e-01
5.926929802542701964e-01
5.189873385115255644e-01
5.881809147302945462e-01
3.109164073033348075e-01
7.847595880866471418e-01
6.729368894858804850e-01
7.184360064706805105e-01
7.950669645019541321e-01
5.602875313301449722e-01
6.173271464827259081e-01
5.934279363273500252e-01
7.446877071196986719e-01
7.532293614830933848e-01
1.494214553518951050e-01
1.409969886817780349e+00
3.501141151866331569e-01
4.958313293988805270e-01
2.823785934719698076e-01
2.108393529385210741e-02
5.104456841481308516e-01
8.931385351991423249e-01
6.506145390926842964e-01
1.732979313690030665e-01
8.991615186044921160e-01
1.771004544551892934e-01
1.074082279038206522e+00
1.504043054844794725e+00
5.104456841481308516e-01
1.293432070133484046e+00
9.520389597219089950e-01
4.409538373641392894e-01
6.381992847278006309e-02
6.117846881621087363e-01
5.033989568655936608e-01
3.508527654368158721e-01
5.104456841481308516e-01
9.645559435152044614e-01
7.511535468322545483e-01
4.019646089329995675e-01
8.452267148592689239e-01
7.132713440050082454e-01
-3.873008398714894440e-02
7.353016805463870043e-01
2.156749651970848447e-01
6.728057312404569501e-01
1.046666862338629045e+00
8.123424258675111531e-01
2.621521097073227224e-01
1.110208113161911925e+00
2.289069693427876473e-01
-4.618793795191322715e-02
1.249572800967603925e+00
5.104456841481308516e-01
3.019661116029901393e-01
6.728057312404569501e-01
-9.701663406513461041e-02
7.446877071196986719e-01
7.596952011956492612e-01
1.039892275656519871e+00
1.864191407451443183e-01
5.189873385115255644e-01
5.189873385115255644e-01
9.862000772436712026e-01
6.229231995178423631e-01
2.649829320713017466e-01
7.511535468322545483e-01
9.560142891518079722e-01
1.323080416862586262e+00
4.131634165543083270e-01
8.548935155225851901e-01
9.411949334574956083e-01
7.465437393554505974e-01
2.782995644548496017e-01
8.537683692226636367e-01
8.208840802309058660e-01
5.841513258908754835e-01
8.452267148592689239e-01
4.875326644954061095e-01
7.511535468322545483e-01
1.703777324265018933e-01
9.411949334574956083e-01
1.039892275656519871e+00
4.478273486620185651e-01
3.788219293625694206e-01
2.529862136436040743e-01
5.602875313301449722e-01
1.332490668481449703e+00
2.607561440220234061e-01
4.872896750354858142e-01
1.065094951254774713e+00
8.452267148592689239e-01
2.163729639344804667e-01
8.537771350940666082e-01
1.086867796558591337e+00
7.950669645019541321e-01
6.430270791260053187e-01
3.089476537438162751e-01
8.991615186044921160e-01
4.984362912966542325e-01
5.104456841481308516e-01
4.958313293988805270e-01
1.773210300736529632e-01
1.110208113161911925e+00
1.067081170550597591e+00
3.423111110734211593e-01
3.643040919598838911e-01
7.511535468322545483e-01
6.181604317088567058e-01
5.301586617252382894e-01
8.245589376325757058e-01
1.089670706041054871e-01
2.506696789613016563e-01
9.442178736897055558e-02
3.423111110734211593e-01
2.156749651970848447e-01
9.645559435152044614e-01
1.976710628947099480e+00
7.220333272138237390e-01
9.390591518570445828e-02
9.432829192030958154e-01
9.560142891518079722e-01
6.931644592189751819e-01
1.685588000917928042e-01
3.248344405076775132e-01
8.167794497008156185e-01
6.594866315033360848e-01
3.080063540869897309e-01
5.841513258908754835e-01
5.043236418303482793e-01
2.890785822948203077e-01
8.860506922325495083e-01
7.184360064706805105e-01
7.653202186698493392e-02
5.072621650248407832e-01
1.409969886817780349e+00
5.841513258908754835e-01
4.855467543689861998e-01
2.437093822931721832e-01
8.468386062990180818e-01
6.781973311899083257e-01
5.830055359731733944e-01
5.104456841481308516e-01
1.840319443237220298e+00
6.506145390926842964e-01
3.450807739130610230e-01
3.109164073033348075e-01
5.722667235008866982e-01
4.184483307719553125e-01
5.189873385115255644e-01
5.841513258908754835e-01
8.131828924500421607e-01
1.323080416862586262e+00
1.242967665876401284e+00
1.597397912543030429e-02
9.326532790940991191e-01
8.471391345305825382e-01
9.411949334574956083e-01
6.642640768770604609e-01
5.926929802542701964e-01
9.836507804932033139e-01
5.722667235008866982e-01
7.446877071196986719e-01
6.721621274470717111e-01
2.782995644548496017e-01
9.554325232621554420e-01
6.781973311899083257e-01
1.323080416862586262e+00
5.637250691374902090e-01
3.093003654224624199e-01
3.918069176419667343e-01
3.508527654368158721e-01
5.841513258908754835e-01
6.181604317088567058e-01
8.208840802309058660e-01
1.279733000828695566e-01
4.836123181513052316e-01
6.180892375242130754e-02
7.532293614830933848e-01
-3.873008398714894440e-02
5.559109292539474723e-01
8.301439794469089861e-01
2.738369391085733184e-01
9.494006616988794889e-01
1.864191407451443183e-01
9.186414255457933109e-01
7.184360064706805105e-01
9.921924348565980267e-01
3.248344405076775132e-01
3.215663827684291931e-01
2.156749651970848447e-01
4.428501188129914112e-01
5.848862819639553123e-01
-3.018842962375245520e-02
4.898838812901988859e-01
3.635779997733781244e-01
2.328370871315019741e-01
4.240225134676318675e-01
9.673708255882296214e-02
1.272557295196463656e-01
8.548935155225851901e-01
5.841513258908754835e-01
6.506145390926842964e-01
2.707796795318451188e-01
7.841770056328272176e-01
9.333035257105883886e-01
8.452267148592689239e-01
2.607561440220234061e-01
7.608451974608296808e-01
4.878920478710426778e-01
7.511535468322545483e-01
3.194580616667312967e-01
6.675759894835167074e-01
3.423111110734211593e-01
9.560142891518079722e-01
8.463518611591904772e-01
1.864191407451443183e-01
6.642640768770604609e-01
8.643892956308381059e-01
-1.117701527724666022e-01
6.517174897084316854e-01
3.423111110734211593e-01
7.511535468322545483e-01
1.040022005415247364e+00
4.502940925301910369e-01
6.430270791260053187e-01
5.104456841481308516e-01
1.085892545852475521e+00
7.608451974608296808e-01
4.493201630291316917e-01
6.430270791260053187e-01
8.452267148592689239e-01
1.012397198610402782e+00
4.958313293988805270e-01
3.896175900343905596e-01
3.301080371318274587e-01
1.242967665876401284e+00
2.345259054010249145e-01
7.098943521072822449e-01
8.548935155225851901e-01
8.463518611591904772e-01
2.908327605105540670e-01
2.754658365728630542e-01
8.537683692226636367e-01
5.848862819639553123e-01
4.052628984297452774e-01
9.434973053585142821e-01
7.596952011956492612e-01
1.082623933401601235e+00
1.260414793134192024e+00
2.328370871315019741e-01
8.468386062990180818e-01
8.536426082230974544e-02
5.934279363273500252e-01
7.353016805463870043e-01
1.183162941141171487e+00
7.550853937188453102e-01
5.688291856935432378e-01
1.093472796109226763e+00
6.289235735841351982e-01
4.055940541791436260e-01
1.409969886817780349e+00
7.446877071196986719e-01
6.678667939574012280e-01
5.848662129790191955e-01
