1.277679949297584550e+00
-1.229608317859925082e+00
-7.833686587953988534e-01
2.373023829890817726e+00
7.157255499098608142e-01
-4.251164121181311151e-01
8.985834866778534824e-01
-1.036034078645251100e+00
-7.813548572543281834e-01
8.420288095257616456e-01
-3.428693426938826394e-01
-1.229608317859925082e+00
7.893100959667008754e-01
2.818279980845853072e-01
5.994113566725352005e-01
7.547031613897352553e-01
7.909385284589883769e-01
2.427238302958968141e+00
-1.031022821059919131e-01
1.103408023026601681e+00
1.725919075928000312e+00
2.427238302958968141e+00
5.463070456998740942e-01
8.408917402427484866e-01
-1.120307243121052787e+00
8.771015571733750127e-01
8.069221077253747598e-01
-2.555425538113399453e-01
1.035047666700892988e+00
-7.833686587953988534e-01
1.483798004186050568e+00
2.261658361795785832e-01
-4.251164121181311151e-01
1.110953219113022250e+00
9.433729286831809002e-01
-3.428693426938826394e-01
-1.031022821059919131e-01
-8.425180504459846009e-01
-1.020348126188090010e+00
-2.971788522807078947e-01
-1.345572819567554257e+00
2.612725379799654690e-01
1.103408023026601681e+00
-7.833686587953988534e-01
6.411371502293810032e-01
5.291180398141328567e-01
-8.425180504459846009e-01
2.261658361795785832e-01
-3.201322275279952501e-02
8.069221077253747598e-01
-4.251164121181311151e-01
2.612725379799654690e-01
1.205133474495489798e+00
2.638465960912656505e-01
-3.201322275279952501e-02
8.985834866778534824e-01
5.802740161662213181e-01
-1.207094319208336319e+00
-1.120307243121052787e+00
-1.316563515416038499e-01
8.538296255914158417e-01
6.370709670398779778e-01
5.870767707499522370e-01
8.106890791248104744e-01
2.476144863152027309e+00
2.970012254020824027e-01
-1.557753742309916645e-01
1.386643168636777723e+00
-1.264715019660312079e+00
-7.813548572543281834e-01
8.420288095257616456e-01
-6.799558030559771371e-02
-4.182879228680808636e-01
6.388585223291981703e-03
-2.752941682683798796e-01
-1.513169939458224311e+00
-3.146919454619011014e-01
-7.710968315847109844e-01
2.476144863152027309e+00
-1.706118887712587240e+00
-1.120307243121052787e+00
-1.704468451864408651e+00
8.838628797245369206e-01
1.410780729732883376e+00
-5.676941867782442364e-01
7.157255499098608142e-01
-2.555425538113399453e-01
-1.962512825184523912e-01
1.549066722538493757e+00
-9.214506196922446213e-01
2.638465960912656505e-01
4.994254864982805020e-01
-1.294134521720935904e+00
1.497199435784256849e+00
-1.071897826019525102e+00
-1.537786964929622746e+00
8.420288095257616456e-01
-4.251164121181311151e-01
7.458206415712343995e-01
-1.263948671384633737e+00
2.612725379799654690e-01
5.929443153416317225e-01
8.507440225226781116e-01
1.062269050752379984e+00
-5.432606162068681632e-01
-2.048201044444279084e+00
-1.031022821059919131e-01
1.244277018943247715e+00
-7.023463083570432586e-01
-4.251164121181311151e-01
1.110953219113022250e+00
2.088270383081687331e-01
5.642070604487848806e-01
-5.109014961817972753e-04
2.612725379799654690e-01
-1.199126922961216035e+00
-1.023354483404504030e-02
-7.813548572543281834e-01
2.183293614946712591e+00
-1.797470299671917737e-01
1.203094299926087407e+00
-1.378857261159697867e+00
1.079904683875986260e+00
6.264681800571395565e-01
1.023376868572176024e+00
-4.929789024515515705e-01
7.360260817805814870e-01
-9.267124093015629560e-01
2.612725379799654690e-01
-8.425180504459846009e-01
1.860868509254967051e+00
-2.607505754363920736e-01
1.358157288842629429e+00
-4.251164121181311151e-01
1.690812374127605988e+00
9.434967302266081823e-01
-4.251164121181311151e-01
-1.120307243121052787e+00
-5.706368499704196351e-01
-6.799558030559771371e-02
-2.155997090142604655e+00
-2.341983546298085805e+00
1.986625747645012652e+00
1.051769561880643078e+00
2.772301786492034070e-01
-1.020348126188090010e+00
-1.507584303811684734e+00
9.293930561729190076e-01
-6.693005118168722234e-01
-7.983730657116963059e-01
-8.207559102488145575e-01
-8.468693673065480487e-01
-5.702274915532496991e-01
1.218469241593793662e+00
1.109302751683601818e+00
1.035532898008453051e+00
8.778161949985593404e-01
6.894616786400167285e-01
1.001680937007236816e+00
2.261658361795785832e-01
-4.602231139185180564e-01
1.095924335411532224e+00
-1.500392569527358111e+00
-3.428693426938826394e-01
-8.468693673065480487e-01
-4.896927804772743253e-01
-1.029809485114256407e-01
-5.847123952356123588e-01
-9.214506196922446213e-01
-1.056126570360146122e+00
6.710409855449598338e-01
-6.064844836899299096e-01
2.261658361795785832e-01
5.291003586483979948e-01
1.921267110859996574e-01
6.710409855449598338e-01
-3.003726459513795799e-01
-5.527141148515244545e-02
-4.896927804772743253e-01
-1.020348126188090010e+00
6.054564373504598418e-01
9.807531303343694495e-02
3.759652040082997471e-01
-3.428693426938826394e-01
-3.730720038118207071e-01
2.048037873994712488e+00
-1.518689530866994986e+00
5.929443153416317225e-01
1.051803827462461038e+00
1.501576216611606451e+00
1.373507948717372695e+00
5.642070604487848806e-01
-5.379256120290591969e-01
-1.023354483404504030e-02
1.677522847045137100e+00
-1.741183843410264886e+00
9.376530121624290226e-01
-1.507584303811684734e+00
-1.706118887712587240e+00
5.642070604487848806e-01
-2.083634276037899635e+00
-2.107350436094840074e+00
4.532061441610681363e-01
1.279836048330739606e+00
1.159601620296925040e-01
3.163343277256471797e-01
1.049702022758048248e+00
5.642070604487848806e-01
-1.120307243121052787e+00
-4.251164121181311151e-01
7.930244205800623947e-01
-8.117626655061611629e-01
-1.436794423935777720e-01
2.427238302958968141e+00
-6.064844836899299096e-01
8.607979865411946596e-01
-1.031022821059919131e-01
-8.744403177040747099e-01
-1.139977531310655046e+00
8.451169522684968127e-01
-9.214506196922446213e-01
9.179861017820704072e-01
1.382528003168699948e+00
-1.942105668921455530e+00
5.642070604487848806e-01
1.115707591321621006e+00
-1.031022821059919131e-01
1.483798004186050568e+00
-3.428693426938826394e-01
-4.602231139185180564e-01
-7.813548572543281834e-01
1.895975211055361154e+00
5.291003586483979948e-01
5.291003586483979948e-01
-1.092233442365757812e+00
8.001752031431179357e-02
8.389121471202770630e-01
-4.251164121181311151e-01
-1.090104582003108336e+00
-1.345572819567554257e+00
7.568872100393577718e-01
-7.325489694749813818e-01
-5.847123952356123588e-01
-3.188911516024167114e-01
7.360260817805814870e-01
-8.468693673065480487e-01
-1.199126922961216035e+00
2.612725379799654690e-01
-8.117626655061611629e-01
3.511112370204152455e-01
-4.251164121181311151e-01
1.046274798084822377e+00
-5.847123952356123588e-01
-7.813548572543281834e-01
1.384222599821001598e+00
5.357474837658803279e-01
1.273759854086869980e+00
6.054564373504598418e-01
-1.500930007204026140e+00
1.248687219618420885e+00
1.110953219113022250e+00
-1.715434048370017894e+00
-8.117626655061611629e-01
9.454590588545032093e-01
-4.105430537778006483e-01
-1.417076112277671829e+00
-1.020348126188090010e+00
3.250022660270412284e-02
7.425470290383966443e-01
-1.741183843410264886e+00
4.817218592111270348e-01
5.642070604487848806e-01
1.051803827462461038e+00
1.031055966435453497e+00
-9.214506196922446213e-01
-1.353227040651465041e+00
1.079904683875986260e+00
6.212127068284460929e-01
-4.251164121181311151e-01
2.046972044407044944e-01
3.793575702803386185e-01
-5.706368499704196351e-01
1.180879213918104353e+00
8.702849904730713959e-01
1.956423086527068200e+00
1.079904683875986260e+00
8.607979865411946596e-01
-1.120307243121052787e+00
-2.912978809045696504e+00
-2.397989880477845726e-01
1.103408023026601681e+00
-9.537449149827220696e-01
-1.090104582003108336e+00
-3.146919454619011014e-01
9.546712206197971451e-01
1.327080188306725805e+00
-3.368296610701023708e-01
-8.147915824947517260e-02
1.096216452466278080e+00
2.612725379799654690e-01
3.143075350512646859e-01
1.268130987440907687e+00
-7.690633751540806307e-01
-4.896927804772743253e-01
1.251972744882004607e+00
4.532418220583968593e-01
-1.518689530866994986e+00
2.612725379799654690e-01
5.233148506686311485e-01
8.049428168253004445e-01
-1.378857261159697867e+00
-9.834548057226331907e-02
2.088270383081687331e-01
5.642070604487848806e-01
-2.614026553322057467e+00
-1.023354483404504030e-02
6.633477924843103057e-01
6.710409855449598338e-01
2.667985642841380067e-01
8.106890791248104744e-01
5.291003586483979948e-01
2.612725379799654690e-01
-3.626729398474317079e-01
-1.345572819567554257e+00
-1.185957897402289740e+00
2.233808762301824125e+00
-5.676941867782442364e-01
-6.435004401798992690e-01
-5.847123952356123588e-01
-6.799558030559771371e-02
2.261658361795785832e-01
-6.693005118168722234e-01
2.667985642841380067e-01
-3.428693426938826394e-01
-7.887060113099585157e-02
7.360260817805814870e-01
-1.264715019660312079e+00
-9.834548057226331907e-02
-1.345572819567554257e+00
2.970012254020824027e-01
7.417739295789078646e-01
1.772153821791141892e+00
1.049702022758048248e+00
2.612725379799654690e-01
2.046972044407044944e-01
-1.199126922961216035e+00
1.035532898008453051e+00
5.802740161662213181e-01
2.408130531691211829e+00
-3.730720038118207071e-01
2.427238302958968141e+00
2.012347154135390725e-01
-3.998495007142308100e-01
1.536682918412000554e+00
-6.612450885873371043e-01
1.895975211055361154e+00
-5.938247271875815025e-01
-4.896927804772743253e-01
-6.863187202742367932e-01
1.327080188306725805e+00
2.258556657848836746e+00
8.607979865411946596e-01
8.420288095257616456e-01
4.351145956588609032e-01
2.397035641841023690e+00
5.093194616956661092e-01
9.168934094986225247e-01
1.466996774666318615e+00
1.549066722538493757e+00
1.207685803321817852e+00
1.840324683834416497e+00
-7.325489694749813818e-01
2.612725379799654690e-01
-1.023354483404504030e-02
1.216342471380096768e+00
-2.990956987805781786e-01
-6.259621992324039264e-01
-8.117626655061611629e-01
1.248687219618420885e+00
-7.833686587953988534e-01
3.503235140436191664e-01
-4.251164121181311151e-01
6.540227770875917113e-01
-4.352099564945061116e-02
1.079904683875986260e+00
-1.090104582003108336e+00
-7.023463083570432586e-01
1.895975211055361154e+00
-6.799558030559771371e-02
-1.500392569527358111e+00
2.685502610047730165e+00
-1.289820448192042709e-02
1.079904683875986260e+00
-4.251164121181311151e-01
-1.265910356534913683e+00
6.370709670398779778e-01
3.250022660270412284e-02
5.642070604487848806e-01
-1.413929095087214982e+00
-7.833686587953988534e-01
6.402137208599022467e-01
3.250022660270412284e-02
-8.117626655061611629e-01
-1.176768414516599526e+00
1.051803827462461038e+00
1.060817633611138122e+00
2.199407266198250888e+00
-1.185957897402289740e+00
1.333329057181228183e+00
-4.305433888266885778e-01
-7.325489694749813818e-01
-7.023463083570432586e-01
7.822525874737931151e-01
8.159349442243112316e-01
-8.468693673065480487e-01
4.351145956588609032e-01
5.314361752865978117e-01
-2.048201044444279084e+00
-4.602231139185180564e-01
-1.537786964929622746e+00
-1.977091478737418528e+00
1.466996774666318615e+00
-1.378857261159697867e+00
1.120426231483966362e+00
3.759652040082997471e-01
-6.064844836899299096e-01
-2.200700430825873521e+00
-3.464540469153598590e-01
5.463070456998740942e-01
-9.770330139193252883e-01
4.120021901076759141e-02
4.824072780409123795e-01
-1.518689530866994986e+00
-3.428693426938826394e-01
-4.415840233368626550e-02
2.028228565254085736e-01
