1.703711009909856244e-01
9.874970066940473856e-01
7.985222869880814756e-01
-2.056947913048841059e-01
3.987503968000147836e-01
8.015128004439500131e-01
3.318390127003141288e-01
6.851148003287157451e-01
1.368934773661729665e+00
4.932363660508496395e-01
7.606946304906578860e-01
9.874970066940473856e-01
3.730768844372107651e-01
3.560124693374451255e-01
2.114805606972591789e-01
1.395991076367977257e-01
1.226880734959561181e-01
-6.379501670172516015e-02
4.430356305215727986e-01
-3.956059659215558355e-01
2.651773940875035152e-01
-6.379501670172516015e-02
4.127477088530540072e-01
4.308750679203434686e-01
6.832203513245840298e-01
8.223210175835937719e-02
2.200237120526313817e-01
7.561935490889446498e-01
7.017540162271629356e-03
7.985222869880814756e-01
-6.746002669384694173e-01
3.632354061819871305e-01
8.015128004439500131e-01
6.440196351358551397e-01
6.579827297577089951e-01
7.606946304906578860e-01
4.430356305215727986e-01
5.253096329898632177e-01
5.394492708787588242e-01
7.372600482611773032e-01
1.655856639940362030e+00
6.364480601802071646e-01
-3.956059659215558355e-01
7.985222869880814756e-01
1.922540289899821175e-01
5.255191279545439187e-01
5.253096329898632177e-01
3.632354061819871305e-01
6.525611381290357116e-01
2.200237120526313817e-01
8.015128004439500131e-01
6.364480601802071646e-01
2.064836391190976173e-01
7.140050183703010589e-01
6.525611381290357116e-01
3.318390127003141288e-01
5.051351807851460762e-01
1.018575792459181173e+00
6.832203513245840298e-01
5.381891880463527400e-01
9.319468056025215219e-02
1.451033247428661355e-01
2.171527952649832116e-01
1.576624139221234344e-01
-3.675533339579040160e-01
5.849354051247317443e-01
5.485665715853045299e-01
8.786418101166582062e-02
7.142843526958273515e-01
1.368934773661729665e+00
4.932363660508496395e-01
7.162482845197928327e-01
6.596550451464811005e-01
7.596453732368129153e-01
8.807048066287226362e-01
1.367622518834240353e+00
4.829808950907263920e-01
6.036514865267701424e-01
-3.675533339579040160e-01
1.831615865306288171e+00
6.832203513245840298e-01
1.165779891495628107e+00
3.610825604410212719e-01
6.701308451672005617e-02
1.255172185825434994e+00
3.987503968000147836e-01
7.561935490889446498e-01
1.040311431518315288e+00
3.290234098455897538e-01
1.159632067473200578e+00
7.140050183703010589e-01
3.578583183618420094e-01
1.286504893662595350e+00
2.388783263458993389e-01
1.202095895902861145e+00
7.879932044128388213e-01
4.932363660508496395e-01
8.015128004439500131e-01
3.890458299425105793e-01
7.541811348983369356e-01
6.364480601802071646e-01
-5.276860866347377055e-03
3.501101668693209490e-01
-6.108907230972349112e-03
9.922323104113761616e-01
8.977988889662071870e-01
4.430356305215727986e-01
1.802779040939803679e-01
8.561841272989862972e-01
8.015128004439500131e-01
6.440196351358551397e-01
2.916645994599829095e-01
5.621879473154045570e-01
7.626567623387625616e-01
6.364480601802071646e-01
5.536035457186656572e-01
6.701999210488889247e-01
1.368934773661729665e+00
1.367947377939895404e-01
8.400784120053899073e-01
2.074906408967400750e-01
5.677722221034215977e-01
3.619234866557885510e-01
1.990201116769920731e-01
1.262913067379933807e-02
9.315730955098526778e-01
1.686334376530727042e-01
9.333112765350239926e-01
6.364480601802071646e-01
5.253096329898632177e-01
-5.444765535473194973e-02
4.437505848694502930e-01
-1.532846451984379854e-01
8.015128004439500131e-01
-8.035259910716519016e-03
3.143211604188032027e-01
8.015128004439500131e-01
6.832203513245840298e-01
8.231529017761847200e-01
7.162482845197928327e-01
1.294576525851322657e+00
1.378021703091787842e+00
8.745211924842699602e-02
2.811926765989181121e-01
3.580796731107405151e-01
5.394492708787588242e-01
1.061205858411058855e+00
5.749476284746002364e-02
1.309799561161529624e+00
1.095722119663509631e+00
9.007226553281348913e-01
6.187948558874989402e-01
1.003260229137996618e+00
3.568613483406011255e-01
2.453463034790441810e-01
-5.916774144730041485e-02
5.968700757637179777e-02
1.699091983454952270e-01
2.909981926370814875e-01
3.632354061819871305e-01
5.283001464457299790e-01
4.293264182411604679e-01
8.551677186251041007e-01
7.606946304906578860e-01
6.187948558874989402e-01
4.970752096896973171e-01
5.258143038187199636e-01
9.819595318272149598e-01
1.159632067473200578e+00
1.228583648737753720e+00
2.194736094453944020e-01
7.843975214563450038e-01
3.632354061819871305e-01
2.889752933171845228e-01
2.971921521205267425e-01
2.194736094453944020e-01
6.101787655154780055e-01
7.864767050104486401e-01
4.970752096896973171e-01
5.394492708787588242e-01
6.859603628512758178e-01
6.103523960004384463e-01
4.267617765124605000e-01
7.606946304906578860e-01
4.874819764924378518e-01
1.760597459274428900e-01
1.741121155864519210e+00
-5.276860866347377055e-03
3.708069811376368818e-01
4.235117640664576300e-02
1.216661311920148592e-01
5.621879473154045570e-01
7.091516197806928545e-01
6.701999210488889247e-01
1.842509510098047087e-01
5.961518378828998266e-01
-2.716979657934963654e-01
1.061205858411058855e+00
1.831615865306288171e+00
5.621879473154045570e-01
1.274248484964312311e+00
6.245862349679853764e-01
5.601477463050041905e-01
1.692886865204474844e-01
6.045092947384045345e-01
3.404719134277822690e-01
8.871083265757029324e-02
5.621879473154045570e-01
6.832203513245840298e-01
8.015128004439500131e-01
8.823566898206181008e-02
8.920075098857189744e-01
5.433657790846986302e-01
-6.379501670172516015e-02
7.843975214563450038e-01
-2.135256464218482364e-01
4.430356305215727986e-01
8.446479045808583663e-01
8.268161997168839150e-01
9.729189136006333172e-02
1.159632067473200578e+00
3.449786885027084082e-01
-6.008718277300566513e-01
1.234145638068669726e+00
5.621879473154045570e-01
2.424962150038645348e-01
4.430356305215727986e-01
-6.746002669384694173e-01
7.606946304906578860e-01
5.283001464457299790e-01
1.368934773661729665e+00
2.187649986434880844e-01
2.889752933171845228e-01
2.889752933171845228e-01
9.838291801229459566e-01
6.162416432266901722e-01
3.822062628745328539e-01
8.015128004439500131e-01
9.564330053228022877e-01
1.655856639940362030e+00
3.850030574900280556e-01
5.829714733007662630e-01
9.819595318272149598e-01
7.441282633824144455e-01
1.686334376530727042e-01
6.187948558874989402e-01
5.536035457186656572e-01
6.364480601802071646e-01
8.920075098857189744e-01
6.064385825103553174e-01
8.015128004439500131e-01
1.610205741602754870e-03
9.819595318272149598e-01
1.368934773661729665e+00
3.429334127745349292e-01
4.084036525792456018e-02
1.640584854771489631e-01
6.859603628512758178e-01
1.363142324590903343e+00
1.779142193609164480e-01
6.440196351358551397e-01
8.145332307196451183e-01
8.920075098857189744e-01
4.986372151043561018e-02
8.851607000658372471e-01
1.081386925415058542e+00
5.394492708787588242e-01
4.548392370257658968e-01
4.271786817721263674e-01
5.961518378828998266e-01
4.822403861027346750e-01
5.621879473154045570e-01
3.708069811376368818e-01
8.937912185009722066e-03
1.159632067473200578e+00
7.809465817600145243e-01
3.619234866557885510e-01
4.832764447428186116e-01
8.015128004439500131e-01
4.407923643720828011e-01
5.170777367935368574e-01
8.231529017761847200e-01
-6.399809928219468702e-02
3.674737092280633277e-01
-1.857605347497930381e-01
3.619234866557885510e-01
-2.135256464218482364e-01
6.832203513245840298e-01
1.564077453421225172e+00
4.370867040678625415e-01
-3.956059659215558355e-01
9.415956603438431216e-01
9.564330053228022877e-01
4.829808950907263920e-01
1.514688204723668719e-03
3.701912057409604273e-01
8.424554473497920526e-01
7.421148130655836894e-01
2.511155248042697963e-01
6.364480601802071646e-01
6.230347953530461780e-01
2.480088484787934533e-02
8.847609888278284984e-01
4.970752096896973171e-01
1.832343956719970635e-01
4.919912093556852994e-01
1.741121155864519210e+00
6.364480601802071646e-01
4.679115370434416832e-01
1.153822472112757680e-01
5.677722221034215977e-01
3.918362495279676949e-01
2.916645994599829095e-01
5.621879473154045570e-01
1.747301181440315432e+00
6.701999210488889247e-01
1.819947111978930110e-01
2.194736094453944020e-01
3.117227511265117101e-01
1.576624139221234344e-01
2.889752933171845228e-01
6.364480601802071646e-01
6.364053221639736080e-01
1.655856639940362030e+00
1.576056415600776361e+00
5.481858398928451948e-03
1.255172185825434994e+00
8.458385503898053770e-01
9.819595318272149598e-01
7.162482845197928327e-01
3.632354061819871305e-01
1.309799561161529624e+00
3.117227511265117101e-01
7.606946304906578860e-01
3.855682262547013295e-01
1.686334376530727042e-01
7.142843526958273515e-01
3.918362495279676949e-01
1.655856639940362030e+00
5.849354051247317443e-01
1.456195513280835740e-01
5.883442289581388707e-01
8.871083265757029324e-02
6.364480601802071646e-01
4.407923643720828011e-01
5.536035457186656572e-01
-5.916774144730041485e-02
5.051351807851460762e-01
6.751786269333592827e-02
4.874819764924378518e-01
-6.379501670172516015e-02
3.921228846661115597e-01
6.519638733733206237e-01
3.155638304048657972e-01
7.594377241846910209e-01
2.187649986434880844e-01
7.320373905307491214e-01
4.970752096896973171e-01
1.036586907163311366e+00
3.701912057409604273e-01
5.467800866222702894e-01
-2.135256464218482364e-01
4.932363660508496395e-01
6.999744305106787579e-01
-3.370076706999451943e-01
1.900008353182478515e-01
3.247433438482278945e-01
-3.433432765231891892e-02
3.290234098455897538e-01
-7.726013925347530176e-02
1.338645146924424267e-01
5.829714733007662630e-01
6.364480601802071646e-01
6.701999210488889247e-01
1.948106747381821435e-01
6.096391957389375449e-01
7.451258959953346306e-01
8.920075098857189744e-01
1.779142193609164480e-01
7.985222869880814756e-01
3.251202768682404098e-01
8.015128004439500131e-01
-5.373904455282563219e-02
7.813776587763001658e-01
3.619234866557885510e-01
9.564330053228022877e-01
8.561841272989862972e-01
2.187649986434880844e-01
7.162482845197928327e-01
8.551677186251041007e-01
-1.728093503086416405e-01
6.463894102563916277e-01
3.619234866557885510e-01
8.015128004439500131e-01
1.036263851862958774e+00
1.451033247428661355e-01
4.548392370257658968e-01
5.621879473154045570e-01
7.990474068975785826e-01
7.985222869880814756e-01
4.269989094379269545e-01
4.548392370257658968e-01
8.920075098857189744e-01
7.278842867978863040e-01
3.708069811376368818e-01
1.561137642429404337e-01
2.735674326240484788e-01
1.576056415600776361e+00
1.274215354215932905e-01
7.702878636879155749e-01
5.829714733007662630e-01
8.561841272989862972e-01
4.086973572446943592e-01
1.109880979782680299e-01
6.187948558874989402e-01
6.999744305106787579e-01
2.426788578895120452e-01
8.977988889662071870e-01
5.283001464457299790e-01
7.879932044128388213e-01
1.244101606917404013e+00
-3.433432765231891892e-02
5.677722221034215977e-01
-1.223933119233358013e-01
4.267617765124605000e-01
7.843975214563450038e-01
9.193060838078999097e-01
4.709156093841944113e-01
4.127477088530540072e-01
1.165394961746631708e+00
4.629901475681617029e-01
8.464566436362197521e-02
1.741121155864519210e+00
7.606946304906578860e-01
5.003041215966792521e-01
5.759766364564953278e-01
