9.280334320437620965e-01
-1.256640644804160933e+00
-1.240062835129517538e+00
2.342813495512452882e+00
9.381418340811541468e-01
-6.955895025292023748e-01
5.923631068119781240e-01
-2.828995596955539149e-01
-1.025356562601458466e+00
2.343757302181331825e-01
-5.118958970456454205e-01
-1.256640644804160933e+00
4.901937228872079721e-01
4.979310583257086642e-01
8.327891642416812568e-01
9.993273871764990490e-01
1.038507640967931245e+00
1.712191867978220872e+00
3.858142882528379225e-01
1.241902755506169909e+00
9.223521412582565970e-01
1.712191867978220872e+00
8.618758153373506925e-01
3.778031504513049144e-01
-3.029064973799607263e-01
1.132237878093403705e+00
1.058565454175369069e+00
-1.009429674578083747e+00
1.306498398627091495e+00
-1.240062835129517538e+00
1.600382678632742639e+00
6.265444444431786941e-01
-6.955895025292023748e-01
-3.982367689905731423e-01
-4.743163499927403048e-01
-5.118958970456454205e-01
3.858142882528379225e-01
2.485687901365727648e-01
1.715272921561830088e-01
-4.120926443885548074e-01
-1.394022618474268116e+00
-1.976452795140624941e-01
1.241902755506169909e+00
-1.240062835129517538e+00
8.773340682106730570e-01
1.052103146595226996e-01
2.485687901365727648e-01
6.265444444431786941e-01
-2.022458433093967667e-01
1.058565454175369069e+00
-6.955895025292023748e-01
-1.976452795140624941e-01
8.443662596444648782e-01
-7.795604495176209348e-01
-2.022458433093967667e-01
5.923631068119781240e-01
1.774840694121212759e-01
-1.109069841864344541e+00
-3.029064973799607263e-01
7.585574262002349466e-02
1.106839276441396347e+00
1.055012351106280333e+00
8.196474729602927223e-01
1.114803212339715355e+00
2.531589854640953430e+00
-3.777964336366706338e-02
5.181294799487311947e-02
1.196825878455841874e+00
-4.324509208469197175e-01
-1.025356562601458466e+00
2.343757302181331825e-01
-4.383754357044032379e-01
-2.055618849798941661e-01
-4.372240292722003874e-01
-7.177000359220188086e-01
-1.845813159038584450e+00
4.792019506880065838e-01
-8.106914912739293655e-02
2.531589854640953430e+00
-1.619855738965655823e+00
-3.029064973799607263e-01
-1.473777123697664004e+00
4.861844404353192761e-01
1.248485762764043772e+00
-8.791829540596748371e-01
9.381418340811541468e-01
-1.009429674578083747e+00
-6.031082586046436766e-01
1.318057611757945446e+00
-7.564234060775949509e-01
-7.795604495176209348e-01
2.737761030117303318e-01
-1.657876152069408970e+00
8.957206346966003485e-01
-1.462313543244693648e+00
-5.855346922320636693e-01
2.343757302181331825e-01
-6.955895025292023748e-01
4.506296703431255102e-01
-4.540156856183824030e-01
-1.976452795140624941e-01
7.403686845081666190e-01
5.470951895694962097e-01
1.336910349544103038e+00
-9.760920341012505608e-01
-1.780983203168385209e+00
3.858142882528379225e-01
9.678651499838507588e-01
-7.694819349818301513e-01
-6.955895025292023748e-01
-3.982367689905731423e-01
6.918977063784071957e-01
2.637224320095046468e-02
-4.442009526404875897e-01
-1.976452795140624941e-01
9.440604300814446626e-02
-2.677834612446595153e-01
-1.025356562601458466e+00
1.309638983587814387e+00
-6.235749552961786790e-01
8.420331920811294779e-01
1.720632533091690994e-02
5.638022940327431787e-01
8.616580998078517961e-01
1.293497210255987628e+00
-4.633903138611702999e-01
5.169112510877558186e-01
-8.978217173686143804e-01
-1.976452795140624941e-01
2.485687901365727648e-01
1.886552288705789726e+00
3.150952483850640307e-01
1.677893799608833447e+00
-6.955895025292023748e-01
1.746541865215497813e+00
6.357646719244116618e-01
-6.955895025292023748e-01
-3.029064973799607263e-01
-6.248975142217633172e-01
-4.383754357044032379e-01
-1.792878770544570122e+00
-1.869906462561079730e+00
1.304197776473098980e+00
6.712769603979015232e-01
4.931416665119512377e-01
1.715272921561830088e-01
-1.322534754120474165e+00
1.189550471077470251e+00
-9.493736971670132530e-01
-6.743054807496062786e-01
-8.170813878746818748e-01
-1.443915617230016046e-01
-1.001642018265541001e+00
1.166379294449273241e+00
8.066541563477577226e-01
8.096131051198700579e-01
6.568965760082193794e-01
9.291035891214739495e-01
6.935487705985372564e-01
6.265444444431786941e-01
1.286002214280387579e-01
4.271703225349757771e-01
-1.548702203503246277e+00
-5.118958970456454205e-01
-1.443915617230016046e-01
4.024074020408765495e-01
1.045264377791850219e-01
-5.281318722078226502e-01
-7.564234060775949509e-01
-8.450193288655452051e-01
4.515866877922913858e-01
-1.163102370955158893e+00
6.265444444431786941e-01
8.505619671581916563e-01
6.782028519605398653e-01
4.515866877922913858e-01
-9.093298786727249672e-02
-4.993880802520446749e-01
4.024074020408765495e-01
1.715272921561830088e-01
-6.267558099287590112e-01
-9.767106779643501546e-02
7.855185016803217790e-01
-5.118958970456454205e-01
2.251041648427651309e-01
1.191189798525907895e+00
-1.503579039528414540e+00
7.403686845081666190e-01
1.090394856275517022e+00
1.594543111014799175e+00
1.040875323422780108e+00
2.637224320095046468e-02
-3.202378024799026335e-01
-2.677834612446595153e-01
1.043079764716125180e+00
-1.374233850576340177e-01
1.082693301410613707e+00
-1.322534754120474165e+00
-1.619855738965655823e+00
2.637224320095046468e-02
-1.742514788933823722e+00
-2.923515779022755612e-01
2.498115515821288171e-02
9.305412191672463029e-01
-8.319442215475626734e-02
5.339361257585764076e-01
1.300802355921148790e+00
2.637224320095046468e-02
-3.029064973799607263e-01
-6.955895025292023748e-01
1.195905493977395206e+00
-9.685812856802427095e-01
6.386238083222975370e-02
1.712191867978220872e+00
-1.163102370955158893e+00
1.007947657860071677e+00
3.858142882528379225e-01
-6.341617637263348151e-01
-1.394225582257945906e+00
1.097346671930244488e+00
-7.564234060775949509e-01
5.234946240889618574e-01
1.505648968577239621e+00
-1.643157499423384849e+00
2.637224320095046468e-02
8.137154272469455663e-01
3.858142882528379225e-01
1.600382678632742639e+00
-5.118958970456454205e-01
1.286002214280387579e-01
-1.025356562601458466e+00
1.062362564748548621e+00
8.505619671581916563e-01
8.505619671581916563e-01
-1.022982955554698981e+00
-1.122620429254556074e-01
4.372440849569471100e-01
-6.955895025292023748e-01
-1.039906559268366504e+00
-1.394022618474268116e+00
4.606458897410001807e-01
-3.248187309341959289e-02
-5.281318722078226502e-01
-4.291090731721901030e-01
5.169112510877558186e-01
-1.443915617230016046e-01
9.440604300814446626e-02
-1.976452795140624941e-01
-9.685812856802427095e-01
-8.226756160494839987e-02
-6.955895025292023748e-01
1.319026357187904175e+00
-5.281318722078226502e-01
-1.025356562601458466e+00
1.242267307156216471e+00
6.811126365689023077e-01
1.008049765190773162e+00
-6.267558099287590112e-01
-1.835433241049717834e+00
9.737213254555215913e-01
-3.982367689905731423e-01
-7.348677155902986202e-01
-9.685812856802427095e-01
1.207230415058864414e+00
-4.037550027087676296e-01
-1.264688317974425269e+00
1.715272921561830088e-01
6.325351201802144052e-01
3.330499374348357966e-01
-1.374233850576340177e-01
2.197343795099365726e-01
2.637224320095046468e-02
1.090394856275517022e+00
1.302049193297706520e+00
-7.564234060775949509e-01
-5.203287396425075872e-01
5.638022940327431787e-01
2.030800862703142640e-01
-6.955895025292023748e-01
7.090711757484693400e-01
1.334226833011864233e-01
-6.248975142217633172e-01
1.471030665159228867e+00
4.713771359612329293e-01
2.041197838361509476e+00
5.638022940327431787e-01
1.007947657860071677e+00
-3.029064973799607263e-01
-2.300968895322503815e+00
3.316054262232950300e-01
1.241902755506169909e+00
-9.183467918764262050e-01
-1.039906559268366504e+00
4.792019506880065838e-01
7.316422195587614086e-01
6.055611611489523094e-01
-3.488830011841893008e-01
-9.327200076521705574e-01
7.923605528299854095e-01
-1.976452795140624941e-01
-1.207184230802296893e-01
1.473201528513404357e+00
-7.775353695167599444e-01
4.024074020408765495e-01
8.982311653107754035e-01
1.955761103618726127e-01
-1.503579039528414540e+00
-1.976452795140624941e-01
2.552349914251032525e-01
5.853337335054757951e-01
1.720632533091690994e-02
4.437162328176219028e-01
6.918977063784071957e-01
2.637224320095046468e-02
-2.725469969864301678e+00
-2.677834612446595153e-01
9.011033227384155353e-01
4.515866877922913858e-01
6.992204185247434811e-01
1.114803212339715355e+00
8.505619671581916563e-01
-1.976452795140624941e-01
-1.516958683041214617e-01
-1.394022618474268116e+00
-1.291487268531748223e+00
1.525315233644329194e+00
-8.791829540596748371e-01
-6.811026151439252274e-01
-5.281318722078226502e-01
-4.383754357044032379e-01
6.265444444431786941e-01
-9.493736971670132530e-01
6.992204185247434811e-01
-5.118958970456454205e-01
4.592456490867637409e-01
5.169112510877558186e-01
-4.324509208469197175e-01
4.437162328176219028e-01
-1.394022618474268116e+00
-3.777964336366706338e-02
9.853789491450288818e-01
-9.488269965005134698e-02
1.300802355921148790e+00
-1.976452795140624941e-01
7.090711757484693400e-01
9.440604300814446626e-02
8.096131051198700579e-01
1.774840694121212759e-01
1.518623771555211999e+00
2.251041648427651309e-01
1.712191867978220872e+00
4.142688041248097086e-01
-1.877426280665538127e-01
7.703533870575580700e-01
-4.367429384947867921e-01
1.062362564748548621e+00
-3.732605980541958690e-01
4.024074020408765495e-01
-5.983226153151633975e-01
6.055611611489523094e-01
1.315844710785733229e-01
1.007947657860071677e+00
2.343757302181331825e-01
-7.031131235857684958e-01
2.449191929866631146e+00
9.437759850661202599e-01
6.099430663156396593e-01
1.632720696585006070e+00
1.318057611757945446e+00
1.501756763134041162e+00
1.178998823152102249e+00
-3.248187309341959289e-02
-1.976452795140624941e-01
-2.677834612446595153e-01
9.318593096991886204e-01
-8.968288804446003515e-02
-4.035846433835423297e-01
-9.685812856802427095e-01
9.737213254555215913e-01
-1.240062835129517538e+00
5.695034962403170420e-01
-6.955895025292023748e-01
8.026377696441435727e-01
-4.875743777969303028e-01
5.638022940327431787e-01
-1.039906559268366504e+00
-7.694819349818301513e-01
1.062362564748548621e+00
-4.383754357044032379e-01
-1.548702203503246277e+00
2.006261595127625696e+00
-1.869550048654913810e-01
5.638022940327431787e-01
-6.955895025292023748e-01
-1.152893105674823060e+00
1.055012351106280333e+00
6.325351201802144052e-01
2.637224320095046468e-02
-5.651746561494026544e-01
-1.240062835129517538e+00
3.565985628496443072e-01
6.325351201802144052e-01
-9.685812856802427095e-01
-3.888636140777356753e-01
1.090394856275517022e+00
1.251360046492216993e+00
1.620216096344682999e+00
-1.291487268531748223e+00
1.098820080398615895e+00
-1.086224223225213725e+00
-3.248187309341959289e-02
-7.694819349818301513e-01
3.758683114831640193e-01
1.065614676901911473e+00
-1.443915617230016046e-01
-7.031131235857684958e-01
7.605075289689515738e-01
-1.780983203168385209e+00
1.286002214280387579e-01
-5.855346922320636693e-01
-1.667824029503773842e+00
1.632720696585006070e+00
1.720632533091690994e-02
8.908516736543177217e-01
7.855185016803217790e-01
-1.163102370955158893e+00
-1.050931805599774727e+00
2.477922159521504242e-01
8.618758153373506925e-01
-1.377283148140060032e+00
2.500803031211516481e-01
6.248271848635825743e-01
-1.503579039528414540e+00
-5.118958970456454205e-01
1.636295893310683869e-01
-1.250299227210352644e-02
