1.480693583026133808e+01
1.596568428879243307e+01
1.850330943655301397e+01
1.458750826729519012e+01
1.832065400380171383e+01
1.573488070347430856e+01
1.612846325955332105e+01
1.676269848325720702e+01
1.681986625319242279e+01
1.533558604114463186e+01
1.575496485702409721e+01
1.596568428879243307e+01
1.618353454532984514e+01
1.521894244909979577e+01
1.503152676502470086e+01
1.493799082960988045e+01
1.491595875930102011e+01
1.467983841637412290e+01
1.543920344818285706e+01
1.467739586278825392e+01
1.503688503522665876e+01
1.467983841637412290e+01
1.832103214011427639e+01
1.533151896967797079e+01
1.580385297292839475e+01
1.486320500808499290e+01
1.514939432454866974e+01
1.850624629608679328e+01
1.476492321441829958e+01
1.850330943655301397e+01
1.439941261119290239e+01
1.533572120101310965e+01
1.573488070347430856e+01
1.850552818364880636e+01
1.850627998003080421e+01
1.575496485702409721e+01
1.543920344818285706e+01
1.831711771995705362e+01
1.831573775801738790e+01
1.666192718035657094e+01
1.719307708178094884e+01
1.552191291760906999e+01
1.467739586278825392e+01
1.850330943655301397e+01
1.500652487643723276e+01
1.527077160764923747e+01
1.831711771995705362e+01
1.533572120101310965e+01
1.655145646719084240e+01
1.514939432454866974e+01
1.573488070347430856e+01
1.552191291760906999e+01
1.485442887915616694e+01
1.850741112501566477e+01
1.655145646719084240e+01
1.612846325955332105e+01
1.542805135009204243e+01
1.702609050442061545e+01
1.580385297292839475e+01
1.544918287101485532e+01
1.487750683502656912e+01
1.605743523318631460e+01
1.503890069430153886e+01
1.514532725308201044e+01
1.445225091764253200e+01
1.553153359726178984e+01
1.546194905809377573e+01
1.579125458178676134e+01
1.577949257219647272e+01
1.681986625319242279e+01
1.533558604114463186e+01
1.562539516477881740e+01
1.559565555661784586e+01
1.557107214948332796e+01
1.571976175381440655e+01
1.624129343563183880e+01
1.832005457949083294e+01
1.665725615553781935e+01
1.445225091764253200e+01
1.741650834154325622e+01
1.580385297292839475e+01
1.720990056136403723e+01
1.505675248901262719e+01
1.576106077497931679e+01
1.667086084350111719e+01
1.832065400380171383e+01
1.850624629608679328e+01
1.638606463471582941e+01
1.831598022220796196e+01
1.671707624155080296e+01
1.850741112501566477e+01
1.542766674113170922e+01
1.616422620329020532e+01
1.508096876154727717e+01
1.607959050775183130e+01
1.592189100598815266e+01
1.533558604114463186e+01
1.573488070347430856e+01
1.620478121635850144e+01
1.685111819437120673e+01
1.552191291760906999e+01
1.512641567628762829e+01
1.615290254237835299e+01
1.474773961676255851e+01
1.585088371966798348e+01
1.848933074823399636e+01
1.543920344818285706e+01
1.592215496180200418e+01
1.587182272127540550e+01
1.573488070347430856e+01
1.850552818364880636e+01
1.625052286506423371e+01
1.542538053719499835e+01
1.557484107854790167e+01
1.552191291760906999e+01
1.831415471163153796e+01
1.564101913595728099e+01
1.681986625319242279e+01
1.486669749649084338e+01
1.567054334230622104e+01
1.485575170008028323e+01
1.831236703276032429e+01
1.524172447362760430e+01
1.501532469771634837e+01
1.477226615316883240e+01
1.641837523563282986e+01
1.519090179729945689e+01
1.691660496572512429e+01
1.552191291760906999e+01
1.831711771995705362e+01
1.478941184538368603e+01
1.644929020546177512e+01
1.455420131760214986e+01
1.573488070347430856e+01
1.485069331863069841e+01
1.610496649729370944e+01
1.573488070347430856e+01
1.580385297292839475e+01
1.677367913429697310e+01
1.562539516477881740e+01
1.736327659559972858e+01
1.628938025455449790e+01
1.488174199446261881e+01
1.495237449827114773e+01
1.522160661921504854e+01
1.831573775801738790e+01
1.610808272258411122e+01
1.483091247244681199e+01
1.674251224606643618e+01
1.663367453659646600e+01
1.687440636208875588e+01
1.566263470794516444e+01
1.586350949965541446e+01
1.831840016269490690e+01
1.601168463219657312e+01
1.493122552698952710e+01
1.506346837009590445e+01
1.497745314600739164e+01
1.607357233248244910e+01
1.533572120101310965e+01
1.554868898687834822e+01
1.525218433619029135e+01
1.849656488996051351e+01
1.575496485702409721e+01
1.566263470794516444e+01
1.831927458265459308e+01
1.543390245414476425e+01
1.648466912690515684e+01
1.671707624155080296e+01
1.680687073760116945e+01
1.525252797502623636e+01
1.850448786208568563e+01
1.533572120101310965e+01
1.523918882059903801e+01
1.625776992090986184e+01
1.525252797502623636e+01
1.553679880479214503e+01
1.560453551688717866e+01
1.831927458265459308e+01
1.831573775801738790e+01
1.850722385671023673e+01
1.649627809509073728e+01
1.832122112433333427e+01
1.575496485702409721e+01
1.556877314042813687e+01
1.491898941349026764e+01
1.730256262047644000e+01
1.512641567628762829e+01
1.831933646705284602e+01
1.491698720990302363e+01
1.474269037008680883e+01
1.542538053719499835e+01
1.565334045858876522e+01
1.564101913595728099e+01
1.500931735898195818e+01
1.830817158540503442e+01
1.481169900795232053e+01
1.610808272258411122e+01
1.741650834154325622e+01
1.542538053719499835e+01
1.733959834492487317e+01
1.830313903163803602e+01
1.531573506462098067e+01
1.480551056655198749e+01
1.648863185692585631e+01
1.519888881586854978e+01
1.505553275703164218e+01
1.542538053719499835e+01
1.580385297292839475e+01
1.573488070347430856e+01
1.598184475019872508e+01
1.584882642454112478e+01
1.545555658527226939e+01
1.467983841637412290e+01
1.850448786208568563e+01
1.487727665349994410e+01
1.543920344818285706e+01
1.580461923098141597e+01
1.850034642822750186e+01
1.488285073026849759e+01
1.671707624155080296e+01
1.503573762649250511e+01
1.446979353933870627e+01
1.729228788507667502e+01
1.542538053719499835e+01
1.600779873542795784e+01
1.543920344818285706e+01
1.439941261119290239e+01
1.575496485702409721e+01
1.554868898687834822e+01
1.681986625319242279e+01
1.497560356197964637e+01
1.523918882059903801e+01
1.523918882059903801e+01
1.698167437686339909e+01
1.650398273967429219e+01
1.508430081091178110e+01
1.573488070347430856e+01
1.599004468952435509e+01
1.719307708178094884e+01
1.619940609550205579e+01
1.568563100467944516e+01
1.648466912690515684e+01
1.667087242289988680e+01
1.519090179729945689e+01
1.566263470794516444e+01
1.831415471163153796e+01
1.552191291760906999e+01
1.584882642454112478e+01
1.537571619695359004e+01
1.573488070347430856e+01
1.475784581457064348e+01
1.648466912690515684e+01
1.681986625319242279e+01
1.831728089840021667e+01
1.518483353231097688e+01
1.589953122570951471e+01
1.850722385671023673e+01
1.623714897294599169e+01
1.591886649233112472e+01
1.850552818364880636e+01
1.589771454044542232e+01
1.584882642454112478e+01
1.482094488178245228e+01
1.635709376238581925e+01
1.710547629835001615e+01
1.831573775801738790e+01
1.832102544433420377e+01
1.514289168467914237e+01
1.830817158540503442e+01
1.632809483617296564e+01
1.542538053719499835e+01
1.831933646705284602e+01
1.476743628499250960e+01
1.671707624155080296e+01
1.688502854456128333e+01
1.524172447362760430e+01
1.521587652371790256e+01
1.573488070347430856e+01
1.832121940841970442e+01
1.637395372312150954e+01
1.677367913429697310e+01
1.467182437460742861e+01
1.506508946835356255e+01
1.469555027786665846e+01
1.524172447362760430e+01
1.487727665349994410e+01
1.580385297292839475e+01
1.641118934663869311e+01
1.644060412549497840e+01
1.467739586278825392e+01
1.692730869227113999e+01
1.599004468952435509e+01
1.832005457949083294e+01
1.499789072454828087e+01
1.517483032906430473e+01
1.630047961389643874e+01
1.850682940063360249e+01
1.601954192074024164e+01
1.552191291760906999e+01
1.539715133905156463e+01
1.497213105207730521e+01
1.685369851434779775e+01
1.831927458265459308e+01
1.482386551059592605e+01
1.634094157800084091e+01
1.730256262047644000e+01
1.552191291760906999e+01
1.630919979204988479e+01
1.512784366166781957e+01
1.831236703276032429e+01
1.638157222201128604e+01
1.625052286506423371e+01
1.542538053719499835e+01
1.654176284915011053e+01
1.564101913595728099e+01
1.499317903585650669e+01
1.525252797502623636e+01
1.534534188066582949e+01
1.514532725308201044e+01
1.523918882059903801e+01
1.552191291760906999e+01
1.556814229627705970e+01
1.719307708178094884e+01
1.708959483461120143e+01
1.477283592897381581e+01
1.667086084350111719e+01
1.680315644055947288e+01
1.648466912690515684e+01
1.562539516477881740e+01
1.533572120101310965e+01
1.674251224606643618e+01
1.534534188066582949e+01
1.575496485702409721e+01
1.637338790272067257e+01
1.519090179729945689e+01
1.577949257219647272e+01
1.638157222201128604e+01
1.719307708178094884e+01
1.553153359726178984e+01
1.494583179332948575e+01
1.850069139875328617e+01
1.505553275703164218e+01
1.552191291760906999e+01
1.832121940841970442e+01
1.831415471163153796e+01
1.493122552698952710e+01
1.542805135009204243e+01
1.477369998389115047e+01
1.556877314042813687e+01
1.467983841637412290e+01
1.526535010529950753e+01
1.558658284459401955e+01
1.510317892649898575e+01
1.571065203900299068e+01
1.497560356197964637e+01
1.567958911166186198e+01
1.831927458265459308e+01
1.655632052947047583e+01
1.517483032906430473e+01
1.849518607584298024e+01
1.487727665349994410e+01
1.533558604114463186e+01
1.850741284092929462e+01
1.449364669977816256e+01
1.611680836533815153e+01
1.611895386783450235e+01
1.489477704495131682e+01
1.831598022220796196e+01
1.465439844551351811e+01
1.494302346770963119e+01
1.568563100467944516e+01
1.552191291760906999e+01
1.564101913595728099e+01
1.594231273231828361e+01
1.553615061542066300e+01
1.569447714086599888e+01
1.584882642454112478e+01
1.591886649233112472e+01
1.850330943655301397e+01
1.517903970650275625e+01
1.573488070347430856e+01
1.506633625843027602e+01
1.559819682840618782e+01
1.524172447362760430e+01
1.599004468952435509e+01
1.587182272127540550e+01
1.497560356197964637e+01
1.562539516477881740e+01
1.849656488996051351e+01
1.453052606527634261e+01
1.654339413713659823e+01
1.524172447362760430e+01
1.573488070347430856e+01
1.704857237129824910e+01
1.605743523318631460e+01
1.832102544433420377e+01
1.542538053719499835e+01
1.690783007308814589e+01
1.850330943655301397e+01
1.625512819023203193e+01
1.832102544433420377e+01
1.584882642454112478e+01
1.681759532824186820e+01
1.831933646705284602e+01
1.506599261959433278e+01
1.830899435924701635e+01
1.708959483461120143e+01
1.584789062844975582e+01
1.850546629925055342e+01
1.568563100467944516e+01
1.587182272127540550e+01
1.511882321232885573e+01
1.490070922624370908e+01
1.566263470794516444e+01
1.850741284092929462e+01
1.507207307778863736e+01
1.848933074823399636e+01
1.554868898687834822e+01
1.592189100598815266e+01
1.730410587475306627e+01
1.489477704495131682e+01
1.831236703276032429e+01
1.486358757938421427e+01
1.832122112433333427e+01
1.850448786208568563e+01
1.601575257350518200e+01
1.648468070630392646e+01
1.832103214011427639e+01
1.604142742498117968e+01
1.535543162351953228e+01
1.524147502453574887e+01
1.730256262047644000e+01
1.575496485702409721e+01
1.540221388702517302e+01
1.645126468411725895e+01
