1.073881937060841674e+00
2.448223262073375928e+00
2.401184861517267899e-01
-5.074955837634573808e-01
-1.266321787720686931e+00
-1.050022949737737132e+00
5.593102867795672895e-01
4.821614608493403065e-01
-6.814353069088378012e-01
-5.574810559937294352e-01
-4.978376603396525435e-01
-6.273103332890647699e-02
-3.681592907328325864e-02
8.443571701928618278e-01
5.999615725335428751e-01
3.780874960131525575e-01
-3.986605460323964234e-01
3.226808122389579481e+00
-1.498868074293346231e+00
-4.580651112607485032e-01
-8.656230667824133668e-03
-5.235932011273606301e-01
4.153336904763529347e-01
4.397331773507606179e-01
1.211803458875235329e+00
-8.035431194464082161e-01
1.928044199795267977e+00
7.227153845812926969e-01
4.855478703960121045e-01
-6.060319791151314028e-01
-7.858257658978549109e-01
-2.421460546053286200e-01
1.346417220960189454e+00
-5.855501018678140879e-01
9.826754471076970532e-01
5.228886450578362766e-01
1.250411571708764491e+00
-2.362835385733312310e-01
-9.971681737253743627e-01
1.164212272233557721e+00
-7.418052982214522473e-01
-6.549444278059015634e-01
-1.255519916482404907e+00
9.646359579468302137e-01
-3.817585068518060676e-01
8.720998201474712275e-01
2.918013691248741992e+00
6.875309437823655667e-01
-5.399239432402134220e-01
2.187410572163388967e+00
-1.276640607511811965e+00
-2.454065042652948253e-02
9.145059356962501051e-02
-2.573678368955444107e+00
-2.606083677845050239e-01
-1.224910666982332641e+00
3.175733112226570398e+00
-9.780610945422304470e-01
1.684731094954012298e-01
-8.535422561972418887e-01
1.173124290668311254e+00
1.048363090653251284e+00
1.383557176836721192e+00
4.009184858032812659e-01
2.420249178117419131e+00
1.689790970975910689e-01
1.996205318698488052e+00
-1.840713796309361439e-01
3.597942840792180408e-01
4.916699682882694211e-01
-6.017565762536950524e-01
-2.050731979786296066e-01
-1.468657773862678262e+00
5.832806744075975658e-01
-2.496654414382308007e-01
7.738851142884065615e-01
1.870736347821300827e+00
1.569939728228842979e+00
1.684607500983397843e+00
9.896001768726442327e-01
-2.087949706559964369e+00
1.546750149007328767e+00
-5.996386448203994135e-01
-1.025676602877869881e+00
6.380989995926376057e-01
-6.482940885963671684e-01
-1.871593267078535794e+00
-3.792272614223461957e-01
-5.580238405848899630e-01
1.363392356656685456e+00
4.297254912977606089e-01
4.470470377135244422e-01
-5.075213060016643407e-01
-7.291549757500677131e-01
-2.232196958190334202e-01
5.909402512287773024e-02
9.111847779124262470e-01
2.379801328818513806e+00
-4.601641399959428558e-01
3.068900051193320100e-01
9.199911732368780681e-01
-4.662797111896092583e-01
9.139938645373997528e-03
6.279699495761800199e-01
1.560498397766348910e+00
-2.751943939358030278e-01
-5.328737528222166064e-01
-7.081336910213076319e-01
-9.032980665272718479e-01
-1.130693367142701522e+00
-3.971895308262924917e-01
-7.324556787553858639e-01
3.221609820797834978e-01
1.822149083090438548e+00
9.042328832941186612e-01
2.098713586015058530e-01
1.514096261531129084e+00
-9.854277138723949170e-01
5.652436043897909324e-01
-3.828647109692506767e-01
3.063713661938641253e-01
-5.221102503082410973e-01
5.241078931168148269e-01
7.944759680347611708e-01
3.491857086128019594e-01
1.149101099254132174e+00
-5.471613207913779142e-01
4.775319266477748847e-01
7.706548939647822616e-01
-1.622761596757704983e-01
2.715197776574482802e+00
5.626563747541525329e-01
-9.303643989989309748e-01
-2.938777568910793878e-02
1.210352330356859463e-01
1.020149194713322993e+00
3.488013944964756807e-01
-7.606066713392280881e-03
-1.950129655123412409e+00
-1.823328912647405320e-01
2.961499021755152894e-01
3.585493522249311171e-01
-2.477554042493238740e+00
-4.407826411111441869e-03
-9.660060724368078888e-02
-1.283173363690301549e+00
-1.273598476943897273e+00
4.394077270374287525e-01
8.315723864306544533e-01
-5.982182905493781816e-02
-7.207249526193144629e-01
4.560133458178480259e-01
-9.257774689646030009e-01
2.564763909590047145e-02
-6.719790866246894145e-01
-5.538082037789792550e-02
-1.924057038996774605e+00
1.693548490058717493e-01
-1.992166158539272203e-01
-8.476209438208894831e-01
3.526536524552158491e-01
-7.831600042456499100e-01
1.386753707578523842e-01
1.412976011790783026e+00
-8.269183089543564735e-01
5.264861192144519066e-03
8.962112200888059377e-01
-9.697324608526141088e-01
-9.164067241438073053e-01
-4.685205469931270628e-01
2.115710213961768116e-01
9.996712936926028803e-01
7.496884905429552770e-01
1.657899055849030967e+00
-7.237623527619688746e-01
-2.019317496611649776e-01
-6.721032710614406325e-01
2.190042190609439832e+00
-5.838457637956462332e-01
-6.290178124647081148e-01
1.278196432738476718e+00
-6.708102385211472951e-01
-7.503081524464449981e-01
-2.235720695071344188e+00
-9.731145972572896596e-01
-7.087527885231184044e-01
-8.304662620295402142e-01
-4.662797111896092583e-01
2.938495568496059640e+00
1.809179420521618731e+00
-4.750023339478112727e-01
1.604374294711598647e+00
9.735983374726232542e-01
-5.354886457928296206e-01
1.138119557250095726e+00
-1.040908753051091207e+00
-2.358391738313669883e-01
-1.494349643270842520e+00
4.003500230021520556e-01
9.675135343832331758e-01
-1.561100028932119299e+00
-3.258472826187098770e-01
3.632652074758076499e-01
-8.398174420186849121e-01
5.341367065906046374e-01
7.588475895556224815e-01
-7.915413701909315147e-01
1.022659587200513309e+00
1.169058109231509102e+00
2.513558361932711982e+00
2.945640685129042313e-01
-6.588097033401911773e-01
-6.194128766231346006e-01
5.015515376870809394e-01
-4.584277203398390843e-01
4.397947714295807331e-01
5.827217022352122466e-01
-3.281698888039298323e-01
-6.133956839381368153e-01
-4.352160265809709161e-01
4.898396429617503101e-01
-8.179401406826984910e-01
-1.664413470745871038e-01
-1.504198687064161932e+00
-1.440044964880141221e+00
9.192808507447974842e-01
3.663884317225372667e-01
-7.811687937664807402e-01
-1.815299894396582570e-01
9.539931051658601113e-01
2.080676731083422326e-01
8.267256889478883375e-01
5.965451170150622984e-01
-6.218250793707671420e-01
-9.533036103452083854e-01
-7.664711739874642722e-03
3.820792387648451194e-01
-4.020554446555406614e-01
1.731121268053727569e+00
-2.458355733568672388e-02
2.260306672831664976e+00
-3.213482716331165778e-01
-7.686226791967627481e-01
-3.613153692796334804e-01
2.340632649921539077e-01
1.390558790632514752e+00
-6.661625568229311289e-01
-1.693746633341278868e-02
4.913492554706860166e-02
6.062121959075132960e-01
-8.359910381531648893e-01
-8.978603350721448342e-03
6.774948254343188259e-01
-4.584134543865276967e-01
1.091651221526450888e+00
7.433225916179686532e-01
-9.934404166571264572e-01
1.559833641591323872e-01
-9.323764414323288952e-01
6.322146949989710940e-01
-4.392111638675920693e-01
1.406076100178790034e+00
3.441219448727915187e-01
-2.225946072121396946e-01
-2.115068889908388039e-01
-1.047503907227780529e+00
-9.210042837362673873e-03
-3.129719573760815221e-01
1.000833447859531322e+00
3.973895820052104622e-01
1.363475173806134144e+00
-3.597278270494415620e-01
-2.014660656845726816e+00
-3.980787850215009027e-02
1.979160771304981470e+00
2.937869931071270813e+00
-3.372713178943460011e-01
5.779812339016332512e-01
-2.278194878753457830e-01
5.643649823485401562e-01
3.303418769432747010e-02
-1.135927106153026500e+00
6.977798322183490498e-01
5.165564980095341818e-01
8.872189598454229831e-01
1.324049198874539091e+00
1.226354754504824923e-01
-1.649566793848094237e+00
-5.211322273384363379e-01
9.317867653855977927e-01
-2.683652307461897868e-01
6.549564771628967330e-01
-2.652918495724579717e+00
1.070113068071058215e+00
2.826843643199510037e-02
-2.970439011148077735e-01
4.542365722152280627e-02
7.633104635577414587e-01
3.895078003874032357e-01
1.743789196081705795e+00
-4.439738501596539599e-01
-3.848244150238515626e-01
-1.861029188465039841e+00
1.392541761183254401e-01
-1.123846403565689211e-01
2.949025710404094558e-01
1.124692729623657295e+00
6.299371648222104048e-01
2.913335591385195489e-01
-1.899471354982917581e-01
-8.924898974356406667e-01
2.054869209957713161e-01
6.503138711274426553e-01
8.575559239088973440e-01
8.926689873525845975e-01
3.650431132609650020e-01
2.441913015439973189e-01
1.850889603845335074e+00
4.166121562177433346e-01
2.060160044776494281e+00
1.706030269686619194e+00
4.512080427156244244e-01
2.469239877314113873e-01
-4.077826003888945228e-01
-3.925469482117396880e-01
3.776920265056962212e-01
1.942324829378448414e-01
1.156150193280792493e+00
3.194202384690434521e-02
1.997723604014445931e+00
7.108228727678377323e-01
7.441034721155664888e-01
4.474305485627171897e-01
-3.349606412555445334e-01
2.444958910327482693e-02
2.392294229024677366e-01
1.717313315813420171e+00
1.255267098607576903e+00
1.090900758200022969e+00
-8.718700365988921730e-01
2.251840130072756407e-01
4.516744464362157374e-01
4.651163799828046397e-01
-5.584533655888859194e-01
1.922565003082986834e+00
-2.037301075159998920e+00
-9.233353634702944346e-01
-1.524978416832540651e+00
-5.006736835280910514e-01
-2.169752099416189406e+00
1.780220726832502542e+00
-5.441320431332612451e-01
5.276342888556474486e-01
1.691082374218278117e+00
-9.110045275471808646e-01
1.563504707307247665e+00
6.804809255302177728e-01
-4.904035978301414800e-01
4.439403838875611852e-01
1.305872754934107594e+00
-2.542440793655279752e+00
4.294672707684749069e-01
1.409071334404410569e+00
-1.841337884900602906e-01
1.064317856699797726e+00
-1.269906304606090108e+00
-8.907242357183907389e-02
1.171291291628826725e+00
1.650760993290816825e-01
2.448477136525673004e-01
8.871610103974140182e-01
-1.451772144088743666e+00
8.884836895605590090e-01
2.925179472396487457e-01
3.392117410885090445e-01
-4.033890747350384332e-01
5.312354279388019629e-01
-4.931414517389962615e-01
9.010066637876344986e-01
-4.176714080736097512e-01
-4.099251663237344911e-01
1.866872952830143984e+00
1.033743726859720713e+00
-3.109351589170616936e-01
-2.671990660272797746e-01
-5.432734101587232134e-01
-2.627659815474356897e+00
2.385634210648777120e+00
9.572537558850654493e-01
-2.736744180292055573e-01
6.532874881020389601e-01
-7.968422128206884558e-01
8.024917129925343007e-01
-1.615915765247457170e+00
-1.727394052155289683e-01
5.122910502775226416e-01
-3.339710932348040617e-01
3.913767296592822742e-01
-1.252226777537619462e+00
-1.093955058306268047e+00
-9.560603068439184060e-01
-2.392910810913296549e-01
4.066449319170870047e-01
1.858884356024305573e+00
-6.435221385086591361e-01
-4.547826321321513654e-01
-1.163323806480496964e-01
-1.380639140511628060e+00
-1.118240129312949582e+00
4.065234114179565039e-01
-1.628079084273333033e+00
2.870437077353984456e-01
-1.909255200172956524e-01
-2.317476003211735858e-01
9.668978170891817658e-01
5.196414104044935200e-01
4.937417868740038851e-01
7.521843010705828725e-01
1.017244389791312376e+00
-6.551687014063155290e-02
3.292231293853822849e-01
8.318743595756364906e-01
5.628862998870131085e-01
6.436753217137312078e-01
-3.248715119773447069e-01
-1.413865569176828263e+00
4.750738145687148639e-02
2.378150866380625228e+00
-1.434847236635685419e-01
-3.332485392878360431e-01
-3.228691196509096972e-01
-1.695062007263439030e+00
1.507165431762308661e+00
9.757897982199034148e-01
-2.304221520327007500e-01
1.170975010320522702e-01
