5.321079906555048922e+00
5.350271099003064634e+00
7.027501030150668626e+00
4.946433633600834767e+00
6.870218814101377802e+00
5.270824730220982524e+00
4.938637795016853183e+00
5.135782823212180936e+00
5.801676380258267152e+00
5.146609495964453274e+00
6.454568240829750891e+00
5.350271099003064634e+00
4.952644360587724393e+00
5.458280165046218713e+00
5.400020441683315298e+00
5.371374007046133769e+00
5.364671489791161818e+00
6.135838226193514267e+00
5.192239629288666336e+00
5.544169386175987313e+00
5.058655930147350155e+00
6.135838226193514267e+00
6.882502821951154814e+00
6.319728950346306107e+00
6.497578270294813052e+00
5.348704670988283283e+00
5.102944149244124539e+00
6.988858240772331420e+00
5.319324483941150206e+00
7.027501030150668626e+00
5.522106642750162386e+00
5.160051728979935248e+00
5.270824730220982524e+00
6.889567325062269099e+00
6.901683997394897574e+00
6.454568240829750891e+00
5.192239629288666336e+00
6.983835683430339891e+00
6.996890190882132821e+00
5.090656131993154254e+00
5.916100124042862340e+00
5.203717075700263983e+00
5.544169386175987313e+00
7.027501030150668626e+00
5.392335468741423554e+00
5.460052028445280925e+00
6.983835683430339891e+00
5.160051728979935248e+00
5.057265552997565194e+00
5.102944149244124539e+00
5.270824730220982524e+00
5.203717075700263983e+00
5.334692307256997168e+00
6.950989130955073314e+00
5.057265552997565194e+00
4.938637795016853183e+00
6.349456321572614748e+00
5.204194848423268738e+00
6.497578270294813052e+00
5.534424008297714082e+00
5.353021285010546748e+00
4.924961543453330037e+00
5.402290547197527104e+00
6.276063603625977372e+00
6.083027311027059625e+00
6.381644221881345835e+00
5.538901841498788059e+00
4.881035452266862862e+00
5.306605752282735899e+00
5.801676380258267152e+00
5.146609495964453274e+00
5.235904976008995071e+00
5.587984948003482444e+00
5.556006028968278443e+00
5.608332698463533106e+00
5.847946174099943661e+00
6.945192894052002686e+00
5.102811995740330175e+00
6.083027311027059625e+00
5.989024142991267396e+00
6.497578270294813052e+00
5.266629221827747287e+00
5.394588980638511444e+00
4.879637407651401304e+00
5.757794815297073043e+00
6.870218814101377802e+00
6.988858240772331420e+00
5.680834680044382523e+00
6.810049374621301332e+00
5.783139297277991808e+00
6.950989130955073314e+00
5.619073253120904887e+00
5.804343839000273064e+00
6.244248941178788037e+00
5.760629651610843283e+00
6.546956039313418962e+00
5.146609495964453274e+00
5.270824730220982524e+00
4.958220900336121950e+00
5.164185295278032939e+00
5.203717075700263983e+00
5.570593212385840154e+00
4.944767555039668139e+00
5.314245821998516917e+00
5.658808341566611944e+00
7.120729880747797225e+00
5.192239629288666336e+00
4.895326754114231349e+00
6.496010344875415399e+00
5.270824730220982524e+00
6.889567325062269099e+00
4.979608406711185431e+00
5.173989704473955342e+00
5.557279959615554432e+00
5.203717075700263983e+00
7.010032076044740101e+00
6.416563976093333288e+00
5.801676380258267152e+00
5.012670284890452521e+00
5.590505955577766528e+00
5.335074470384268963e+00
7.023261692246947518e+00
6.292348741836804038e+00
5.395038161690271394e+00
5.321500508272487551e+00
5.695185731460888690e+00
5.608247758289791385e+00
5.169275094211281285e+00
5.203717075700263983e+00
6.983835683430339891e+00
4.997917919291182898e+00
5.038949379686603613e+00
5.258751987821103313e+00
5.270824730220982524e+00
5.014990583427021420e+00
4.932890107086421949e+00
5.270824730220982524e+00
6.497578270294813052e+00
5.124908491937378407e+00
5.235904976008995071e+00
5.324170489696506081e+00
5.969787800509394060e+00
6.187322511883862397e+00
5.363362852131164260e+00
5.459122536834485118e+00
6.996890190882132821e+00
6.590621386033747697e+00
5.338993999863298257e+00
5.778704843340304542e+00
5.758011033537938417e+00
5.156091709825529001e+00
5.265163648237071392e+00
5.663929178961854660e+00
6.833868443774709256e+00
4.911837646192786622e+00
5.592544544917803506e+00
5.601017527838195953e+00
5.383424157491011997e+00
4.925462563227545942e+00
5.160051728979935248e+00
5.227159383500653789e+00
5.121481232224399882e+00
7.080244739537866927e+00
6.454568240829750891e+00
5.265163648237071392e+00
6.957987388344060165e+00
5.529106636285508358e+00
5.714129468576744308e+00
5.783139297277991808e+00
5.810519505787493877e+00
5.611404129725284129e+00
7.014533547080906040e+00
5.160051728979935248e+00
5.130324357753626607e+00
4.981729332360182561e+00
5.611404129725284129e+00
5.565856322278612822e+00
5.567403604683812901e+00
6.957987388344060165e+00
6.996890190882132821e+00
6.926168168671483549e+00
5.040815715005888542e+00
6.894871027552681220e+00
6.454568240829750891e+00
6.410902894109422157e+00
5.026286456908331424e+00
5.951019878254849793e+00
5.570593212385840154e+00
6.845901978341940364e+00
5.033934320542877039e+00
5.303052483493464919e+00
5.173989704473955342e+00
5.610581185126637394e+00
6.416563976093333288e+00
6.223338913135556538e+00
7.049985531085298796e+00
5.553272491393369314e+00
6.590621386033747697e+00
5.989024142991267396e+00
5.173989704473955342e+00
5.314885411990586839e+00
7.077064534027468490e+00
5.473979710856189840e+00
5.320674861488289054e+00
5.038550483735659391e+00
5.451959171198700105e+00
6.248683395116475303e+00
5.173989704473955342e+00
6.497578270294813052e+00
5.270824730220982524e+00
4.904968410270633683e+00
5.308828994957400127e+00
5.536655541713844997e+00
6.135838226193514267e+00
7.014533547080906040e+00
5.557352181117867218e+00
5.192239629288666336e+00
5.674957456461182659e+00
7.053697422765068836e+00
5.354636573709598224e+00
5.783139297277991808e+00
5.388256345868658315e+00
5.528111683615994920e+00
5.296797049737683061e+00
5.173989704473955342e+00
4.911034569186769616e+00
5.192239629288666336e+00
5.522106642750162386e+00
6.454568240829750891e+00
5.227159383500653789e+00
5.801676380258267152e+00
5.041583266011511633e+00
5.130324357753626607e+00
5.130324357753626607e+00
5.189876591887491841e+00
5.043101942236653201e+00
5.402920923501611128e+00
5.270824730220982524e+00
6.541243617015141787e+00
5.916100124042862340e+00
4.956801936714532175e+00
6.452344998155086664e+00
5.714129468576744308e+00
5.093382274203599458e+00
5.608247758289791385e+00
5.265163648237071392e+00
7.010032076044740101e+00
5.203717075700263983e+00
5.308828994957400127e+00
5.492683922865909452e+00
5.270824730220982524e+00
5.317230399323403134e+00
5.714129468576744308e+00
5.801676380258267152e+00
6.821917693644091507e+00
5.573148615066315870e+00
4.891924824441319153e+00
6.926168168671483549e+00
5.845496263942125736e+00
4.894810531253239283e+00
6.889567325062269099e+00
5.351839024422462288e+00
5.308828994957400127e+00
5.336007304351563008e+00
5.678113067325050167e+00
5.230452937070999120e+00
6.996890190882132821e+00
6.919861445326129790e+00
5.420745409237577306e+00
7.049985531085298796e+00
4.992026048349636369e+00
5.173989704473955342e+00
6.845901978341940364e+00
5.320068830949034933e+00
5.783139297277991808e+00
5.175341279922625937e+00
6.292348741836804038e+00
5.443118977773119482e+00
5.270824730220982524e+00
6.907323784234744579e+00
5.005084536199966294e+00
5.124908491937378407e+00
5.292063663397499340e+00
5.397106938646228258e+00
6.143657165163533662e+00
6.292348741836804038e+00
5.557352181117867218e+00
6.497578270294813052e+00
6.090153124913559424e+00
5.036314267446410753e+00
5.544169386175987313e+00
5.172638336529248093e+00
6.541243617015141787e+00
6.945192894052002686e+00
5.596937838113698049e+00
5.098509695306437273e+00
5.662816258221869958e+00
6.976149710875949594e+00
4.913482031420116414e+00
5.203717075700263983e+00
5.499425221441875067e+00
6.223555131376421912e+00
5.149656821961333897e+00
6.957987388344060165e+00
5.325907149753595249e+00
4.995662062960091632e+00
5.951019878254849793e+00
5.203717075700263983e+00
4.986712118862588028e+00
5.604786529445494381e+00
7.023261692246947518e+00
5.018493694095448987e+00
4.979608406711185431e+00
5.173989704473955342e+00
6.074385493431046612e+00
6.416563976093333288e+00
5.388241185832860936e+00
5.611404129725284129e+00
6.337978875161017100e+00
6.276063603625977372e+00
5.130324357753626607e+00
5.203717075700263983e+00
5.577530735357603575e+00
5.916100124042862340e+00
5.883912223734131253e+00
6.158409530762803286e+00
5.757794815297073043e+00
5.134006120746163582e+00
5.714129468576744308e+00
5.235904976008995071e+00
5.160051728979935248e+00
5.778704843340304542e+00
6.337978875161017100e+00
6.454568240829750891e+00
5.016036071334284863e+00
5.608247758289791385e+00
5.306605752282735899e+00
5.018493694095448987e+00
5.916100124042862340e+00
6.381644221881345835e+00
5.373763835927601207e+00
6.841928480097880794e+00
6.248683395116475303e+00
5.203717075700263983e+00
6.907323784234744579e+00
7.010032076044740101e+00
5.592544544917803506e+00
6.349456321572614748e+00
4.990098980321163502e+00
6.410902894109422157e+00
6.135838226193514267e+00
5.473053134662592356e+00
5.584515537129064455e+00
5.077599667263205774e+00
5.634030587111105604e+00
5.041583266011511633e+00
5.621190390839686302e+00
6.957987388344060165e+00
5.735039496619975807e+00
5.098509695306437273e+00
6.807058689753042735e+00
5.557352181117867218e+00
5.146609495964453274e+00
6.938536374273009955e+00
6.092172879473185532e+00
4.941312439422422820e+00
4.936293537719226521e+00
6.200583594458459302e+00
6.810049374621301332e+00
5.287038364063809226e+00
6.204395176019700919e+00
6.452344998155086664e+00
5.203717075700263983e+00
6.416563976093333288e+00
4.898644386467429612e+00
5.565617431288060857e+00
5.627304887323180793e+00
5.308828994957400127e+00
4.894810531253239283e+00
7.027501030150668626e+00
5.445733732253355441e+00
5.270824730220982524e+00
5.567738783004955394e+00
5.565229358175860952e+00
6.292348741836804038e+00
6.541243617015141787e+00
6.496010344875415399e+00
5.041583266011511633e+00
5.235904976008995071e+00
7.080244739537866927e+00
6.106673672394797414e+00
5.054851350426686096e+00
6.292348741836804038e+00
5.270824730220982524e+00
5.211537634007483710e+00
4.924961543453330037e+00
6.919861445326129790e+00
5.173989704473955342e+00
5.182939306239631172e+00
7.027501030150668626e+00
4.971755000964865445e+00
6.919861445326129790e+00
5.308828994957400127e+00
5.153310096539701846e+00
6.845901978341940364e+00
5.077815885504071147e+00
6.763393343032714000e+00
5.883912223734131253e+00
4.885569912090907962e+00
7.001652735064388899e+00
6.452344998155086664e+00
6.496010344875415399e+00
5.413407226425823282e+00
5.360043681726670783e+00
5.265163648237071392e+00
6.938536374273009955e+00
5.412521666294605183e+00
7.120729880747797225e+00
5.227159383500653789e+00
6.546956039313418962e+00
5.301259799478004631e+00
6.200583594458459302e+00
7.023261692246947518e+00
5.587834732896316048e+00
6.894871027552681220e+00
7.014533547080906040e+00
5.401216793441068198e+00
5.049716927483270723e+00
6.882502821951154814e+00
5.742133114179388542e+00
5.502467421669667402e+00
5.575407906400576152e+00
5.951019878254849793e+00
6.454568240829750891e+00
5.518219761614471253e+00
5.027535934164413689e+00
