-7.689237403103756918e-01
-1.053561854635909567e+00
2.424238512740153548e-02
3.018389505201845013e-01
9.516955315462750642e-01
-4.739646246760341186e-01
-5.764883700304344882e-02
5.163674313706463348e-01
-7.536074896879870755e-01
-2.046169763503352446e+00
5.977747194745676174e-01
1.832513507892103155e-01
3.306461207569711402e-01
-6.888043869768976091e-01
2.380644775774644728e+00
1.366844505028097068e+00
-1.195897981511481190e+00
1.024606906695907149e+00
-1.988200000662504907e+00
-9.153484780689394862e-01
1.949992606675670981e+00
-9.231797960794702052e-01
-1.404183366018015716e-02
-1.024163651812415310e+00
2.369128817936690723e+00
-3.039094473251338635e-01
2.770560512025019295e-01
-1.121445299213672087e+00
-7.893821054944120119e-01
1.601190498216917613e+00
-2.359792881951767313e-02
-1.542347641572909156e+00
-2.315531871530814301e-01
1.737005328063492726e+00
2.011972465215614569e+00
2.937049165130579675e-01
-2.645088016578902440e-02
2.115656990122213865e-02
6.417321093474744886e-01
1.177689089301259262e+00
-1.207690565034495789e+00
8.304302510212641097e-01
-8.273365726381060048e-01
1.888088176857125822e+00
-3.469420138709582990e-01
-1.278518812015762007e-01
-1.682170612959784650e-01
9.101650898791892041e-01
-4.063062684569559435e-01
7.074967773109003266e-01
-2.315531871530814301e-01
6.869935193501579551e-01
1.864847691550534092e+00
1.842386749805666968e+00
6.189098619962661862e-01
1.675318373504907921e-01
1.148167059078149865e+00
-6.106985545898847567e-01
-4.142937404969119219e-01
-8.167843853637545282e-01
1.131690273053804985e+00
-9.401579579073537918e-01
-8.236269086467975509e-01
6.094072884884734753e-01
-6.585252985558651129e-02
-2.188502836515530681e-01
1.300328070004771908e+00
1.851396021897491417e+00
-1.001545849907269359e+00
8.413002912475712192e-01
2.033979074260017672e+00
-6.917178146598725874e-01
1.517171808191822291e-01
3.564211204540030931e-01
-6.226213499890665970e-01
-4.140434723964383501e-01
1.592045450336696755e+00
-8.390213020644937680e-02
5.862635864965822785e-01
4.376127901187020774e-01
-6.289161497292593550e-01
1.574064168028240646e-02
-1.571332401278590640e-01
-7.349305050972608777e-01
-1.511983033396959997e-01
1.182344253680801982e+00
1.459808863011911595e-01
-4.635210764701397368e-01
-7.900613762727918266e-01
-5.111065022799102797e-01
1.313994864441281774e+00
-8.836013195756824423e-01
2.383964372595801517e+00
-5.023447746069653608e-01
1.580691728835401877e+00
-6.007951479416605567e-01
3.729557805888451316e+00
1.728169595053553609e-01
5.013466636127658083e-01
-5.367614341178539306e-01
-5.949587619266617500e-01
1.254667088229341199e-01
4.612447386964961815e-01
-6.470303832229565844e-01
-2.615802310029556876e-01
1.278311576002879368e+00
-1.422769784444218644e+00
1.042223561320321373e-01
8.590469127855819564e-03
-2.202299359004860957e+00
-1.632598167438376713e+00
4.745575803342691468e-01
-3.959322547606687892e-01
9.379865910407377827e-01
1.162162129861309401e+00
-1.081386158173557543e+00
-6.900799611625618724e-02
-7.264203589313807941e-01
6.309578081998308899e-03
-9.673103365705115753e-02
2.355052206228413159e+00
-1.566643682224491574e+00
8.080803817462234306e-02
-1.259013647826544013e-01
3.413108174358180005e-03
-1.225505895897098796e+00
-1.622315731331401389e+00
4.083462690620594526e-01
1.457508961106249723e+00
-1.878481842174418937e+00
-3.016817756528574201e-01
7.629824830775068234e-01
2.725839382859147619e-01
2.254447660331075465e+00
9.393802409465493719e-01
3.981911302927621521e-01
1.138768279121461946e+00
-2.021484129527399698e-01
-2.314219781486311633e-01
-7.327047524193133765e-02
-4.105700931263517872e-01
-4.916939574680034147e-02
-8.854609114962984362e-02
-2.420841667227157934e-01
-5.850684422257478312e-01
8.269700232096146575e-01
-8.087627032511524039e-01
-1.734286822825763241e-01
-8.849109477239548438e-01
2.668990866297848430e-01
2.227210280026072464e+00
-1.949794608191900869e+00
-7.948038819589868798e-01
3.651174627353339086e-01
-1.163933598700155780e+00
-7.389620366444916710e-01
-1.304509757307054540e+00
-5.564142223354711092e-01
4.094766348716304960e-01
-1.021801725731099897e-01
7.184156796959818569e-01
3.213277514888785547e+00
-1.628624073545941187e-01
9.149556564081439136e-01
1.337474751977972831e+00
2.429051772999548942e-01
5.243793863582013604e-02
-8.741331110902956780e-01
-1.053196894407036233e+00
1.085108163283256211e+00
1.727747800433742542e+00
-1.451781480298429461e+00
7.568268304447761663e-02
1.037894284894706365e+00
4.202366125135030828e-01
-1.322743128155988046e+00
-8.385836474023344866e-01
2.007682194357001570e+00
-9.357268330856862715e-01
5.726522245664419225e-02
-1.353846980403503819e+00
1.022579465635430118e+00
1.196650590196973507e+00
6.887155232946189365e-01
-7.977930693938882767e-01
-1.702191887770037604e-01
-1.929535454587902432e+00
-5.711217304965292563e-01
-3.240223144940344857e-02
-1.879765463967187078e-01
4.295641896672241167e+00
-8.405362714552735981e-02
-2.543359658697043613e-01
2.127872639167784907e+00
-9.104629054066278870e-01
1.156914651917541281e+00
-1.178162470654591898e+00
2.068531387366260438e-02
-2.458707279488882569e-01
1.416332477414162350e+00
6.747290802196405091e-01
3.551840147945198867e-01
-6.459996069355767867e-01
-4.507914180352212141e-01
-8.274901509349217310e-01
4.244600959241346949e-01
-1.176991913965248937e+00
-4.561340211515954035e-01
-5.857128444156991520e-01
7.839931772703474799e-02
2.404950026776162542e+00
5.925877493689474251e-01
-3.123115370238226385e-01
-4.549078333794406293e-01
1.141230194304720724e+00
9.126296947912207469e-02
-1.138210114476909451e+00
5.976325318175785828e-01
1.683884542036301557e+00
1.883983536462140451e+00
7.098360263991035923e-01
2.261624071187524621e+00
9.227436797670225330e-03
8.200489876039890325e-01
2.440451676814216153e+00
5.965795069715882359e-01
-1.988200000662504907e+00
-9.914583658961302337e-01
-5.302560841391349422e-01
1.329922392951474741e+00
4.548198725654884617e-02
4.765745907203302600e-01
-5.012831282074193817e-01
-1.221940355090122887e+00
-4.347720473416186171e-01
-3.135349703669692012e-01
-9.690420415243800045e-01
-6.038246269502067776e-01
6.086753186545310612e-01
-1.196999569386180573e+00
-2.978027511002876437e-01
1.143183457911931405e-01
-9.359035768313459513e-01
1.093604818617238857e-02
-6.818788246156834987e-01
-9.212466668901265754e-01
-1.053652949223760960e+00
5.202704733971664774e-01
1.262529506908166566e+00
7.504000837147265512e-01
5.527249435050790582e-01
-4.754806805559498861e-01
2.169930418699967500e+00
-4.711740882941547331e-02
-1.072941385182607732e+00
1.212127311663890206e+00
1.660853160064685641e+00
-1.115269113874570867e-02
7.134478148338363468e-01
-8.061599046855359718e-02
1.264276741696116035e+00
6.049459959977505630e-01
-1.192785167875547225e+00
1.534714678365898533e-01
-6.543482290455745476e-01
-8.747131087998615273e-01
7.092480526404902896e-01
5.099722206912957745e-01
-5.617059744984388425e-01
-1.789517491062940779e-01
1.111152698515245785e+00
-2.193739061043347705e-01
1.031690405134495503e+00
5.572676734752466388e-01
1.039704258949522897e+00
-4.839901747518752240e-01
-7.574445048151292603e-01
1.831080640065824605e+00
-8.621095842627223282e-01
7.651323961292768594e-01
-7.207694182252840642e-01
1.076724311821117164e+00
-1.728259168870127649e-01
-1.333568170983766787e+00
-3.525886923170158394e-01
2.795635715395872745e-01
-2.135935394130393516e-01
1.171395402721181700e+00
1.175298473837360858e+00
1.033832949832595549e+00
-6.636001320394887548e-01
-4.750589786925857316e-01
-5.345276060845338684e-01
-1.194322887673045619e+00
-1.161414872297467094e+00
1.193384153398500791e+00
-5.165611888693917297e-01
-1.006413296572957083e+00
4.136353135614478371e-01
5.492464805695909114e+00
1.831909300644837257e-01
-1.112915625233502848e+00
-1.183736631706165054e+00
1.369786933640360305e+00
4.508883835703212384e-01
-7.335404926440307616e-01
-1.111281829438478752e+00
1.087985541710464604e-01
4.999754849815890800e+00
-8.719745158220704173e-01
-5.851047995774456556e-01
1.730860514015844176e+00
-9.807771459129149827e-01
1.280798949060732772e+00
1.272393168592983459e+00
1.753877768627130074e+00
-8.507160718582313930e-01
-1.217978255186987546e+00
1.116239390990615421e+00
-1.138103615907208432e+00
4.991343645727093770e-01
5.155168556755616027e-01
-1.896715043309000537e+00
-4.429542681780682112e-01
-1.044100999777344718e+00
-4.484023644177053125e-01
-9.393531038324808291e-01
-8.085335620776858967e-01
6.296602680689316056e-01
5.030734152187706920e-01
-1.313525264809479731e+00
1.477614459579875916e+00
-7.967717639906203297e-01
-1.972877816249011540e-01
6.060674147210612928e-01
1.325213208862293102e-01
2.331799333213659509e+00
-5.043702324360961609e-02
-3.930616490576523403e-01
2.271748689924599329e+00
-5.660394721469659274e-01
1.421380174867283186e+00
3.127087332745563386e-01
3.210971139941293795e-01
2.233734084869258563e-01
8.700815998180476685e-01
1.678449661370382540e-01
4.903850510008933017e-01
2.371347187646119181e+00
3.078311657370946114e-03
-1.844158627181808063e-01
-2.050692678188943963e-01
8.912332813018040145e-01
-1.342670961286061448e+00
2.059386378869715095e+00
1.254050434920226699e-02
-1.143060357168575791e+00
5.658474756177107601e-01
-1.249567039831598780e+00
8.291373212922115155e-02
1.984106196615772699e+00
-7.144948744749587410e-01
4.901343756770110138e-01
2.100106517488264490e+00
-4.555077544473601914e-01
2.012177021928327481e+00
6.207198387963016595e-01
1.378946558660180434e-02
1.515452390453254639e+00
1.672214377776936045e+00
1.336791600230972099e-01
-7.662918651706025486e-01
-8.644743136769154901e-03
2.137900701685942817e+00
2.379485543480270415e+00
-4.863061017516648876e-01
-8.185705779772151081e-01
8.901548685630112923e-01
4.343508551391551120e-01
-1.768412997284951604e+00
2.891242296748018692e+00
3.623272594440483663e-01
7.991236944380012419e-01
-3.596350831606518472e-01
3.995982334232817679e-01
4.152625771664695264e-01
-1.005586829586757158e+00
8.937377518092689543e-01
1.102090598467899474e+00
-6.186087319951310004e-01
2.035539510531458873e+00
-5.334008165534629420e-01
9.912909966968737052e-01
-1.633981910128461612e+00
1.195039567536380354e-01
-8.312627617823779014e-01
3.194776979005367501e+00
-1.283352884755871504e+00
3.562890559498246845e-01
3.137319975259811322e-01
7.014372248879242600e-01
4.342589754391756318e-01
1.406877243942006028e-01
-6.249891207152007411e-01
-8.920441439073132361e-01
-3.557832161974687768e-01
-4.541486273274469160e-02
-1.087091993779361943e+00
5.116583688209030978e-01
4.702755679205576911e-01
-1.607466958674773627e-01
6.670179916233854867e-01
-5.199732791496295414e-01
-7.344398192131033065e-01
-2.639069703849066806e-01
-3.317211941821570087e-01
-5.760811571140041221e-02
-1.148772491214683056e+00
3.329310642202756854e-01
-1.982212550467694623e-01
-8.214806550266192664e-01
-2.644812719495048814e-01
1.254764381114138905e+00
-1.599317037802600705e+00
8.243943125013416529e-01
2.831718243747036734e+00
-3.804437681443488262e-01
-5.277043084522798910e-01
-1.626946356646381542e-01
2.584770085522872796e-01
7.072027348945050251e-01
-3.935470869622200163e-01
-1.670561060549376364e+00
-9.808082916814782060e-01
-3.817042148399475004e-02
1.570835549857969804e+00
