2.271630569623393769e-01
2.453462749614961913e-01
1.031470459526525163e+00
2.110002757482118685e-01
-1.557957397553152878e+00
2.904830486775297760e-01
3.719044580816954770e-01
1.419690684550974913e-01
5.986238808973558534e-01
3.631083779029768421e-01
7.340483719663093432e-02
1.065300871893603674e+00
1.429890796355264726e+00
2.017557118547308459e-01
-4.967871229777810482e-01
1.236386654928115947e+00
1.360281548864762824e+00
9.880119393302803088e-01
1.460299483883177041e-01
1.494303903774059361e-01
3.782784407759895440e-01
-8.897280485273652006e-01
-4.754491009507209598e-01
2.298098563078761203e-01
-1.767461095479671077e-02
2.879159487081939250e-01
-1.889457436253133837e-01
4.070945524864218457e-01
6.024332491928606759e-01
-9.159971583946888707e-01
-8.361716825793449881e-02
-8.024657854655968814e-01
4.024334899175203151e-01
-8.168490399039306515e-01
-5.815169579764219998e-01
-9.959302557297939895e-01
1.297558547397945183e+00
-7.877889998778118963e-02
-1.475983472303592947e+00
5.183126788677779873e-01
-9.198873791263479927e-01
-2.065351048411579793e+00
-9.623752766920439239e-01
-6.714726314166109544e-01
1.967657191069963618e-01
6.017869014132758848e-02
1.066421962118682343e+00
-1.502250168217845960e+00
-3.518400382691651007e-01
-1.811622371932495035e-01
-5.913788716814830093e-02
1.169303111232092851e+00
6.456666727049755750e-01
-2.107577645678974321e+00
1.307341587093846687e-02
-4.393959433399825532e-01
7.522840675472217686e-01
8.581788382544551785e-01
-3.350446349598250606e-01
-5.286963335848614554e-01
4.602350879773073888e-01
8.500125383715966265e-01
6.935430689842631002e-01
-1.347863521854837821e+00
1.508667207474264860e+00
-6.864741195096846216e-01
-2.453200075068369124e-01
5.633614037704418598e-01
-1.066881893751731036e+00
4.333457829005612494e-01
-9.930666014628088956e-01
-1.627471405533600812e+00
-1.277260374589903047e-01
-6.421929395652989925e-01
-5.947822770361242961e-01
6.588931056985143364e-01
4.945365624290874451e-01
4.738379816624818663e-01
1.113715936839601017e+00
1.521507878367965416e+00
1.029882492336295030e+00
1.157801116108481132e+00
1.617208678726644866e-02
-4.010223608940850504e-01
1.177067075613693392e+00
1.092908916820483523e+00
-7.702429508722955509e-01
-6.445888810094445587e-01
7.255925272328785924e-01
1.087766225848248114e+00
3.277869524419471103e-01
-7.060266355926735349e-01
8.534169296658409287e-01
-7.690094218790389791e-01
-7.104916069632352116e-01
5.985642766359905442e-01
8.084706455993421192e-01
-9.568654541156681459e-01
6.531113831547460391e-01
-1.054087557360554595e+00
9.719350109150369163e-03
1.383334113231359519e-01
-4.470382657784167657e-01
-2.558071190581089893e-01
1.470094855480514641e-02
1.943551414938186950e+00
1.004334338811105454e+00
-5.927898869277478111e-01
-2.655179054283786755e+00
-1.400734448648413899e+00
-1.653390139955097426e+00
-1.611088191289851423e-01
-2.526666398404603386e-01
-1.051608004266005647e+00
9.344679685973119598e-01
-6.905927255257019448e-01
9.440696437853084433e-01
1.658010219531355287e-02
-1.508915953631849938e+00
-4.197579812277528744e-01
-2.647359087442113235e-01
-1.068194289475407066e+00
-7.510537734136006893e-01
1.837826970605086707e+00
3.779638670800216094e-01
-1.391615325784088864e+00
-9.185400866583498525e-01
-7.730651485496674302e-02
-1.491390997765813742e+00
-1.277770385532140063e+00
-8.138264650693876057e-01
1.671345516064068892e+00
3.483599269881003657e-01
5.307936602544247595e-01
-2.701408247910269456e+00
4.475593308737162157e-02
1.195583542436644553e+00
-8.482306725382542378e-01
-1.850721381532415499e+00
5.234445584002660468e-01
1.621342691688227589e-01
-1.008330319233889494e+00
-4.776964277260971614e-01
4.517519882430894307e-01
9.589575486143735450e-01
-1.647541812843680509e+00
-9.637345873987677169e-01
2.123806835384113523e+00
-4.857048767555067759e-01
4.547658552608773719e-01
-8.828978955984277954e-01
-6.846045704406835686e-01
-5.615250991867241082e-01
2.092872743201357189e+00
9.937877428131999813e-02
8.663883558045354372e-01
-2.141156351852785411e-01
1.914460983427870855e-01
2.392567875493992191e-01
-5.864877517166321441e-01
8.056108019786724361e-02
-7.425752228046068604e-01
-2.502154866503261577e+00
-2.358812593465978436e-01
1.303111357120615876e+00
2.002190511881692281e+00
5.528724034334689952e-01
1.403478696599924080e-01
-1.041677173193246819e+00
6.324248295041985657e-02
-9.877866229195462200e-01
5.731388120784571827e-01
9.478347737307654119e-01
1.199110447630780119e+00
-7.385140995807077946e-01
-1.731604315202517119e+00
-1.058857862482473378e+00
1.247011897678348857e+00
6.163591928147255095e-01
-6.418343302211709789e-01
-2.218800067850659641e+00
-6.641878246848721412e-01
-3.119314775715399390e-01
2.767211823823658712e-01
1.535202124995602713e+00
1.047209605125170029e+00
-6.729477325944042132e-01
1.777428218188857212e+00
1.165570080609440673e+00
4.537138954096985866e-01
5.610840213840677659e-01
5.747575580733956802e-01
1.119808705125281863e-02
9.578981375324117087e-01
1.108982685442721355e-01
-5.849148424918906297e-01
3.303522220531117104e-01
-2.417221711100259740e-01
-4.068048337478855636e-01
4.951236734259291672e-01
-7.517115395711004844e-02
1.709714432567180087e-01
-7.403233905286177308e-01
-3.604226609650845181e-01
-4.842971303225811486e-01
1.235112218314790011e+00
9.109610175282821798e-01
-5.241601647511440198e-01
-1.566639148186987907e+00
2.027612171489412141e-01
-6.031462202277820817e-01
3.468652151164495767e-01
5.208681837220852096e-01
6.791161856649546857e-01
-4.045198493688120789e-01
3.303786260234257283e-02
-2.071349333798631065e+00
4.762341392459344958e-01
-1.588614869988575484e-01
1.264612514672556420e+00
1.041689105668796994e-01
1.049340223367582065e-02
1.349176105705100825e+00
-8.972451240737658873e-01
-1.212274966823460254e+00
-3.686229215769741274e-01
-2.011284644785587827e-01
6.784999759825688370e-01
8.734683510191272315e-01
5.199344898023924300e-01
4.608067136734175784e-01
1.466424404015520544e-01
-2.713128507201690298e-01
-2.381255257083068955e+00
-1.033105681847274360e+00
-1.190026695325250961e+00
1.669063809733383641e+00
1.359481227239505818e+00
3.528785044928707260e-01
-8.421958904470017160e-02
1.057516840332848540e+00
-1.484607715511571113e+00
-5.203124588446859239e-02
6.011253459159466850e-01
-3.678066409400169712e-01
-8.790152998371809634e-01
4.622689483061435678e-01
-6.104572980424768230e-02
-5.878549493067243281e-01
8.997571152072923262e-04
1.064959183200947290e+00
6.798948465863749457e-02
6.681587819643369786e-01
-6.887736756837384844e-01
1.916578321290961284e+00
2.258917979993189384e-01
3.314429653105057105e-01
-2.395575440658853417e+00
-2.966986639202010001e-01
-5.113750305587950740e-01
-3.141982372522414413e-01
1.261813288247436438e+00
1.470631468736518288e+00
9.116534449082914771e-01
1.002973748773828611e+00
-2.132367552568632252e-01
1.165696897891722005e-02
2.761377393470796360e-01
-1.318910826658531432e-01
-5.906521158063192667e-01
2.005717772821133504e+00
-9.005952973403186235e-01
-9.033083326689267389e-01
1.584680103724601219e+00
2.113695706940414532e+00
7.498525071020176735e-01
-1.028255533820377821e+00
8.668266760963417861e-01
-9.953663289180265661e-01
-3.036679202352307594e-01
-1.674640030732570672e-01
3.532974975313884353e-02
-2.632937168511097492e-01
-2.905360847422904791e-01
4.662786200568444506e-01
3.708965836098846447e-01
4.600393795800356705e-02
-1.778752787805138347e+00
-5.787998118158280692e-01
1.772843674254953594e+00
-4.508978239640833441e-01
9.164653721969636888e-03
-3.261013733481303856e-01
1.825540790241484412e+00
7.838626136665012289e-01
6.640801622163847728e-01
1.724825795562556496e-01
3.392681717949001530e-01
2.689261896459249623e-01
5.697507040565057135e-02
2.184761967708690258e-02
-2.678350267648924032e-01
1.572177159686684866e-01
-2.180155123337164103e-01
3.701443617753564230e-01
-2.205063478882432204e-01
1.307335055432207849e+00
1.039559465767914803e+00
-3.180225773598323591e-01
-3.043471609385650645e-01
-1.124522943040877632e+00
-4.308925573543256338e-01
7.829335664367940983e-02
1.905437136583936875e+00
-1.996091375901713205e-01
-2.908750274122950397e-01
-2.210050030707816360e-01
-3.325177378687953489e-01
1.152506457172083998e+00
9.398392395184853587e-01
9.888602319567905141e-01
5.489721246411747302e-01
-5.205483529848734525e-01
-2.997306962097183169e-01
1.236717729670917976e+00
-1.406775052545261806e+00
3.360093973242809784e-01
7.850707114069033210e-01
3.753651651931279032e-01
3.078455068433604280e-01
-1.237816359572759151e+00
3.476398982578179364e-01
1.403116511377676012e+00
-4.093690894393470225e-01
3.284996087316354729e-01
-8.155819204021999003e-01
1.334404857646233511e+00
6.822385296395696574e-01
2.319470529845502949e+00
-1.122075056275531058e+00
5.640660189144115488e-01
4.105029994772190771e-01
6.319146273405977787e-01
9.829354695263016195e-01
-6.423645240653655941e-01
-1.019990373226911773e+00
-1.621181173732400005e-01
4.190649672979209206e-01
-2.163385216901377861e-01
-2.314395598780268626e-01
2.675327225040823320e-01
3.521253256993783776e-01
3.054716139764201421e-01
-7.341474727093343366e-01
-1.818131915550951661e+00
-7.727642325967424286e-01
3.454812797330624186e-01
3.968059754167433395e-01
1.203598461343596382e+00
8.788796647917554994e-01
-1.996702706237112768e+00
1.500510437350504878e-01
3.315063983200443043e-01
-9.617842255530666129e-02
7.638676310651071333e-01
4.404137468382224307e-01
-1.057398538077401584e+00
1.384172794510277082e+00
-1.087821779155633412e-01
1.086901350639291719e+00
-4.857891284869346737e-01
-1.529682904151413947e+00
-2.568679272966870042e-01
7.785617640925051042e-01
5.095536603248008722e-01
-3.214150905394870805e-01
4.246269910673436954e-01
-1.710359303721910473e+00
-2.541502749282756879e-01
-1.752538258445855757e+00
7.640866166500496215e-01
1.441686747409516745e+00
-2.447677470965929358e-01
-6.265767639625607899e-01
7.426743363305374768e-01
-2.757108538454656976e+00
-1.808806735789371789e+00
-4.844014840843192116e-01
-1.745630467701907163e-01
-6.148604089333339351e-01
-1.001620023246307500e+00
-1.494833294412453384e+00
-5.951727452101956972e-01
-6.704451029548402774e-02
4.705865584523648559e-01
-6.353729472745039963e-01
-1.003074899510674856e+00
-4.545548217727617413e-01
-7.998118881313961426e-01
8.625776218114385163e-02
3.494688698117136005e-01
3.822634394713541606e-01
-8.390881015054642289e-02
3.390475064651667370e-01
5.789509888641285462e-01
-1.993458938824584081e-01
6.798241834771125980e-01
-4.144773921352040702e-01
3.403192041405576629e-01
-1.314210232914055476e+00
-5.017376229455056125e-01
-3.325494867306135194e-01
8.504180921099540047e-01
-6.946187787802698965e-01
-8.479838773257195594e-01
-6.773361947899843027e-01
4.954672544189703820e-01
2.430811409172216886e-01
1.241288032227992957e-03
2.604143245398964357e-01
2.941249773408544099e-02
1.075006140347365857e+00
3.056008256981969651e-01
-8.381114556897754087e-01
1.542194380289922728e+00
-2.659247571679049238e-01
8.712901223236087494e-04
2.715808480204346953e+00
5.870899458778080504e-01
-1.247184635044933820e+00
5.730353326344183040e-01
-1.096385190104301577e+00
1.240126116129250944e+00
4.539511251918051937e-01
-6.518083806438358385e-01
4.181283368464681072e-01
