1.018215083200792792e+00
-5.948319362246777819e-01
-1.466192717903492149e+00
3.951299992063189714e-02
5.603427684417223720e-01
-7.822109677255766336e-01
-4.293874140082901691e-01
2.604995850011703196e-01
-3.475761376649254553e-01
-9.686795505516995752e-02
4.156630403267241314e-01
4.606345069098684020e-01
1.068173074540098133e+00
-1.091257551446571661e+00
2.439624079631779630e+00
2.030899160615841637e-01
-2.739186360049031266e-01
9.256442837019200620e-02
-1.237949197432176796e+00
-3.341632331114242904e-02
-1.355803374975629971e+00
2.493737485618710281e-01
-3.228098210191011064e-01
3.546549608935450904e-02
2.885317751058718461e+00
-1.125307288013189938e-01
1.304014544368551798e+00
-1.390514184411270504e+00
9.614164558376256942e-01
2.113971798407659808e+00
9.932086527919976593e-01
-1.479176841828164335e+00
-4.315659351792950488e-02
2.212528383359025685e+00
8.527078840205980503e-01
-1.895073701841832214e+00
1.743152850666114806e-01
2.643533912982364065e+00
-3.610867107381035557e-01
-2.847318690052640933e-01
1.449732838590520601e-01
5.121331929654756587e-01
-4.955546008892385279e-01
7.630066048205222939e-01
3.556762132391751985e-01
1.271670025793451897e+00
-2.445403170697448836e-01
7.329745155276297108e-01
-2.402239046318750126e-01
9.510358108470114979e-01
-1.691244969672651477e+00
1.892057571962335316e-01
4.486684914135039698e-02
-1.610586520431004087e-01
2.336126596649564791e-01
-1.999607296474605667e+00
2.684831560362461289e+00
-1.676324099690885028e+00
-2.435566715084316533e-02
-1.010129456866687869e+00
-5.833336949863157095e-01
-1.347793032422209158e+00
-3.601024015579682991e-01
-5.533174575841416365e-01
1.055531027208179706e+00
3.050359385785533228e-01
-3.323507161551246814e-01
2.173878160752913846e+00
-1.015004214851941977e-01
6.583829868491681836e-01
6.705326513086237172e-01
8.092010964457113653e-01
-1.194755343919414070e+00
-4.502355476791042310e-01
-2.216084591075016264e-01
-7.784910907980288064e-01
8.633386720614314447e-01
-1.048896407018702348e+00
3.157279559907781863e-01
1.119617715595676799e+00
-1.908000995878077477e-01
4.223520857763065073e-01
4.505762216591864822e-01
4.865946249584707783e-01
7.851658075881708110e-02
-1.898709077724954231e+00
7.284798581610101298e-01
-3.310673519034063039e-01
-1.080423138826692053e+00
-4.546612856832014243e-02
-2.972934608763036501e-01
-4.074471395530935430e-02
5.606869563979084425e-01
1.096482430982782752e+00
3.068677483959711405e-01
9.434946619322992500e-01
1.198413214355589673e+00
-1.259874250492472592e-01
9.161320675290782756e-01
-1.689971129144558937e+00
1.695100877075056064e-02
1.167635694624891807e+00
-4.809321730988021515e-01
7.201694457533606153e-01
-3.547591109848655111e-02
3.365790164391934680e-01
-6.811244102780800169e-01
3.921170073704103864e-01
1.302037418178426220e+00
-2.183715517491219060e+00
9.234632589748831277e-01
-7.695402186703277359e-01
-5.381605002303773144e-01
6.085935521433203377e-01
6.623880356740700082e-01
-9.789379986278796686e-01
1.280033276455570190e+00
-1.602136123486321617e+00
4.553620008468903801e-01
1.326878780852772943e-01
1.339711816783615728e+00
-1.308665202703147790e+00
-4.924329710513463132e-01
6.126538794905220797e-01
-5.216449684974375778e-01
-9.526749543900620010e-01
-1.263779410751072252e+00
-5.527123951674494107e-01
1.321319122628350273e+00
-1.470539508371326298e-01
-3.454223688364219114e-01
-3.319032931591283098e-01
-1.202013164855158106e-01
5.726239953277983963e-01
2.888845903836771423e-01
6.572949119671723794e-01
1.747602797673971864e+00
4.020767330390877525e-01
-9.485876825817797231e-01
3.519958754134933088e-02
2.662080960421027709e-01
-2.319480642741329410e-02
-6.296671401411637614e-01
-1.193291171953748453e+00
2.446157755631255815e-01
4.704353983445727638e-01
-8.925691179642442075e-01
2.026752713717597520e-01
8.483033568539007918e-01
1.716585957894299908e+00
5.128282489220071794e-01
5.845072447067839461e-01
1.502406348010983939e-01
5.831187050482148360e-01
-8.683740264556064625e-01
3.359708050670057733e-01
2.298009893826330696e+00
9.966499177344508853e-01
7.390491226186088891e-01
-8.360114132307909784e-01
-3.743468867743983686e-01
1.300989737274862890e+00
3.119908770944769927e+00
5.866985240539561719e-01
-1.271158154452422417e+00
4.938328196611797005e-01
-4.609708384302124706e-01
5.171004479282280686e-01
1.625568848359056073e-01
-9.600242378857223313e-01
-7.268140265937962363e-01
9.702332817066370296e-01
4.050430999087251821e-02
-5.832246118234389876e-01
4.843466709963012429e-01
1.796263618219184011e+00
8.707627269052655716e-01
-2.806080169455919537e-01
-1.187312682311455259e+00
-9.052535477661605157e-01
1.715616991892717991e+00
-1.883214419249345850e+00
-3.459405446309520848e-01
5.710775754636109314e-01
2.192557182979702757e-02
-4.925570679628924475e-01
-5.589156115701866545e-01
1.856858038930563115e+00
-1.459837321183792558e-01
-7.553247099222351602e-02
1.563419118638374350e+00
1.696363262753545348e-02
1.308134419259579406e+00
8.271465378475885144e-01
-5.308095075438238331e-01
1.412277009688512608e-01
-5.598810336268360971e-02
-5.764717573163581354e-01
-2.464154002531603591e-04
1.375945271085167454e-01
-8.611508657054908200e-01
3.625535199522624819e-01
-1.732029849168259805e-01
-1.201172740990973375e+00
1.200896707303766187e+00
-4.288903940669871462e-01
4.951437585485984894e-01
3.498787618099679975e+00
1.337223171367445396e+00
-7.391753061067315445e-01
-1.817288130117762357e-01
8.655524606610867089e-01
1.160867561186409214e+00
-3.535084690138899921e-01
1.931815201965576101e+00
4.526837497979175340e-01
1.154904806747861112e+00
1.296390774163681259e-01
-9.199439406109942430e-02
-8.672936287442809533e-01
-1.675932056235370560e+00
-1.227180438255177780e-01
-1.002494999284017752e+00
-6.018466991131345978e-01
1.745036972021433819e+00
-1.008894998283563993e+00
9.738931851305262510e-01
-4.611007289828494837e-01
5.139243040911388727e-01
2.898856595371018252e-01
1.536959250757725437e+00
1.970909489856038643e+00
1.484398424162884922e+00
-2.094756906011758790e+00
-5.075921518245545272e-01
1.100658001323372881e+00
1.006555967922147632e+00
-7.822109677255766336e-01
1.961787430361441986e+00
2.874414543247354459e+00
-5.064391108219191695e-01
-7.163059411938806909e-01
1.704894038281767332e-01
8.980175532190556309e-01
8.716166138085584825e-02
-3.592982150384438911e-01
5.335250969697411527e-01
-2.103890127856588022e-01
6.125872637600455750e-01
6.226252423294387217e-01
6.517101138653066394e-01
1.471678576252915871e+00
-2.199891939762672055e-01
-1.721882314893630417e+00
3.104731000029987142e-01
-5.240996206206025021e-02
9.677823249361364177e-02
3.228286023311138564e+00
5.927285398964438068e-01
5.996194025254921733e-01
2.021309319595613108e+00
1.359412120715231653e+00
-8.250273932450040704e-01
-3.421643180308644450e-01
-5.854580745190797186e-01
-1.809867371094104005e+00
-1.452598847773124424e-01
4.716572818574228387e-01
4.630789999839889370e-01
-4.403491064682036327e-01
6.475755976426601779e-02
7.780916274192212212e-01
-6.776787092330595064e-01
1.439646414180543621e+00
1.803152100953993253e+00
7.116859128209100938e-01
4.551605635506297709e+00
7.358472075465748441e-01
-4.912983961411184208e-01
-6.392012693392550293e-01
1.006965335072615320e+00
-3.077875159121558069e-01
1.124248170920834067e+00
1.559964779955707259e+00
8.573309193097553571e-01
1.993867320232509122e-01
8.709181536297237389e-03
-3.157111461353312998e-01
-1.976211883576194595e+00
-8.194267164739122977e-01
1.777499715693491578e-01
-1.705479089798068171e-01
-7.350859832480324818e-02
2.213965175319303480e-01
4.085459426176098197e-02
-1.110375578421839871e+00
6.576313037207078827e-01
9.410724120408765769e-02
8.668531356526055776e-01
-5.463689762408969752e-01
-2.102238886272890461e+00
3.824396865195526796e-01
7.174537113145293965e-01
-3.803703410309978300e-02
-1.346406749833110927e+00
-4.113964729671323872e-01
-1.753791189187999144e+00
-4.226383584471094523e-01
2.723691854639453958e-01
6.790946187451292193e-01
-1.089274931250642453e+00
-3.554162373537614883e-01
-1.036959887081987164e+00
7.912362714290235299e-01
7.688331302935240696e-01
1.145643326692631581e+00
-7.831352723922054004e-02
1.452909024040160091e+00
-7.551225475778143847e-01
2.398941697157805364e-02
4.674455255821294980e-02
-1.217833657590508434e+00
-1.714143959224869507e+00
1.164639467779013504e+00
1.209110243304231336e+00
5.218994175223328202e-01
9.910623748562605861e-01
-5.796559006994403962e-01
-2.034793725266405653e-04
1.632673218330960851e-01
8.385195746167608544e-01
4.734675930181611037e-01
1.167881992635428912e-01
2.437541467222848812e+00
8.549109919933065571e-01
5.676088735152876041e-02
-1.685578717282754768e+00
-6.222309800374100641e-01
2.922607698573296275e+00
7.163782552281107163e-01
1.379340051507563780e+00
-2.175989211335729590e-01
1.159459588738772196e+00
1.593116853936711541e+00
5.905519266388926658e-01
-7.944205036204099457e-01
8.981408522656959548e-01
-2.067920008581371483e-01
-7.431545091042461859e-01
8.056554782637447287e-01
3.979143461476405408e-01
2.014035481318852405e-01
-6.869024813932810281e-01
-6.378818396623827658e-01
3.191016334357977158e+00
8.363215778851487703e-02
-3.021073326758197397e-01
-1.687536666215174175e-01
1.496629336525544973e+00
-8.613192435391934243e-01
-5.518661063053988819e-02
2.470380922160891890e-01
-5.124075742478720885e-01
-9.206173372076836836e-01
2.182353641340844808e-01
-1.023312198452649868e+00
2.567736682575212648e-02
1.006222434979137770e+00
6.885250938166352641e-02
7.406733845060859966e-01
1.606813850218231865e+00
8.808658762154601973e-01
-2.855741868447396747e-01
3.909115512248158009e-01
1.623741571640693326e+00
-1.401379778276802046e+00
8.551057210149096699e-01
7.187451593364554414e-01
5.267502462285914566e-01
8.249066740235174722e-01
-1.825375393125908019e+00
2.145556625230601089e+00
3.385894617360451497e-01
1.126929938900071981e+00
5.118462360518981624e-01
4.190146330455748469e-01
-1.066008340770176144e+00
1.289965796652861263e+00
7.694885527458142915e-01
-6.803282488536255279e-01
4.546630226610845482e-02
-2.074052605476107924e+00
1.834399771997963668e+00
-2.703593306519811890e+00
-1.551357032989094442e+00
-7.279750511647512523e-01
1.320274164715102283e-01
-1.230913151986041898e+00
2.745795164134064992e-01
8.987327723033083915e-01
-2.019408046281142843e-01
-3.780362796233663336e-01
-1.287790154925611275e-01
-3.666798952664227507e-01
6.502668913570915921e-01
-3.677956999678208549e-02
2.026809379848635295e-01
-9.989605343428863415e-01
-1.602922680602340000e+00
-1.356088490721810980e-01
-9.878997066710105690e-01
-8.024185547185418155e-02
-4.119743192706799562e-01
-7.329455407148981472e-01
-1.217016970534522624e+00
2.689206832796054436e-01
1.577756558099190576e+00
-6.015633200200983660e-03
-6.415519581743288346e-02
-1.343750404500936080e+00
3.676375312464258971e-01
-1.394185013722033517e+00
3.014245895163784536e-02
-1.360071858302640768e+00
-2.210397179401727419e-01
4.360426916178225532e-01
-7.838955206168461975e-01
8.914510285873888940e-01
1.146669301880796216e-01
-5.186118959282387531e-01
9.532603713527157963e-01
-5.057578233497865838e-01
2.448913518868663264e+00
-3.836642172336218182e-01
1.383630570994809350e+00
2.736946212552548996e+00
