1.239997286876699434e+01
1.340045974941671680e+01
1.523317424738897152e+01
1.195738569958379927e+01
1.479901196811452557e+01
1.313495553628922963e+01
1.280114261163694067e+01
1.334488903726891706e+01
1.248428195002622054e+01
1.271094415088913188e+01
1.286729198360720616e+01
1.340045974941671680e+01
1.284444248221953799e+01
1.275490737365524296e+01
1.255502186537398401e+01
1.245805661566955180e+01
1.243552650413096927e+01
1.181237134448868176e+01
1.276383119910878250e+01
1.076053906510969149e+01
1.242256109400964270e+01
1.181237134448868176e+01
1.481927338321059118e+01
1.240692376507236361e+01
1.289762045206823515e+01
1.238211229831504667e+01
1.245968225040716426e+01
1.517207761560906398e+01
1.228484640148199247e+01
1.523317424738897152e+01
1.051931357737247552e+01
1.265318804874953784e+01
1.313495553628922963e+01
1.500980186136246708e+01
1.503002923733350649e+01
1.286729198360720616e+01
1.276383119910878250e+01
1.498191234690700746e+01
1.500230360085215686e+01
1.329284290916938005e+01
1.287215771796919839e+01
1.290444994923150546e+01
1.076053906510969149e+01
1.523317424738897152e+01
1.252890593377153472e+01
1.286213931299149671e+01
1.498191234690700746e+01
1.265318804874953784e+01
1.318126539593854041e+01
1.245968225040716426e+01
1.313495553628922963e+01
1.290444994923150546e+01
1.244382238592422141e+01
1.511110657954850289e+01
1.318126539593854041e+01
1.280114261163694067e+01
1.250817369365442033e+01
1.368100147319258397e+01
1.289762045206823515e+01
1.301320738765352658e+01
1.239651610868827269e+01
1.264314331314674433e+01
1.256275029109465002e+01
1.215566186459039599e+01
1.153321870581087083e+01
1.261881684401366499e+01
1.302806746662632165e+01
1.261212737756607538e+01
1.314919784893474919e+01
1.248428195002622054e+01
1.271094415088913188e+01
1.301509309959075011e+01
1.318786860075601908e+01
1.319056028694341443e+01
1.336393955041640602e+01
1.407231453444862623e+01
1.492081571512709637e+01
1.323143230492928168e+01
1.153321870581087083e+01
1.312063285756273956e+01
1.289762045206823515e+01
1.389078579871360475e+01
1.264077504259762463e+01
1.260134739981744367e+01
1.234055542988925680e+01
1.479901196811452557e+01
1.517207761560906398e+01
1.209794693243399877e+01
1.469796607930762455e+01
1.231674686878561253e+01
1.511110657954850289e+01
1.150965499405545067e+01
1.395360443162306652e+01
1.215527829904550927e+01
1.383027158232955323e+01
1.304965520039773708e+01
1.271094415088913188e+01
1.313495553628922963e+01
1.286180728808819218e+01
1.344221486009245581e+01
1.290444994923150546e+01
1.115836806989550212e+01
1.282003792221576965e+01
1.226817732527994309e+01
1.352498466846168057e+01
1.537614997807925654e+01
1.276383119910878250e+01
1.266786053237537679e+01
1.300418349383963346e+01
1.313495553628922963e+01
1.500980186136246708e+01
1.281822725019461373e+01
1.280320002064944873e+01
1.319485069068548455e+01
1.290444994923150546e+01
1.502270692404179719e+01
1.273867928071214450e+01
1.248428195002622054e+01
1.227792601214204815e+01
1.330556402577116160e+01
1.244505876959908797e+01
1.504312184501706717e+01
1.231466789531204853e+01
1.253808216836521083e+01
1.229200205771394572e+01
1.202836381190612514e+01
1.130218250283685322e+01
1.356113903649410446e+01
1.290444994923150546e+01
1.498191234690700746e+01
1.211703849333434668e+01
1.301456229437620316e+01
1.208922345195251502e+01
1.313495553628922963e+01
1.217129919352767686e+01
1.278349604791256944e+01
1.313495553628922963e+01
1.289762045206823515e+01
1.340888686711205047e+01
1.301509309959075011e+01
1.407639676505555570e+01
1.423680411386863121e+01
1.197202413823923095e+01
1.253733437611385959e+01
1.275780509929472117e+01
1.500230360085215686e+01
1.330091710087970469e+01
1.234981243661397166e+01
1.240861917300104089e+01
1.223302004954425470e+01
1.351574974313422217e+01
1.301230633870232367e+01
1.354096280028476862e+01
1.473833031166026153e+01
1.271921313385307251e+01
1.107154843335194627e+01
1.118894464072966244e+01
1.249871568702511482e+01
1.276077808143787351e+01
1.265318804874953784e+01
1.288369363580726379e+01
1.262721733164777227e+01
1.531480979280108023e+01
1.286729198360720616e+01
1.301230633870232367e+01
1.494116793258561948e+01
1.299550416542800946e+01
1.208929352940729096e+01
1.231674686878561253e+01
1.240900273854592939e+01
1.135673203900898720e+01
1.521279553414717434e+01
1.265318804874953784e+01
1.255193812016748112e+01
1.282514272742731443e+01
1.135673203900898720e+01
1.311654402376099782e+01
1.322883177046448644e+01
1.494116793258561948e+01
1.500230360085215686e+01
1.507053528369255879e+01
1.312692767780145431e+01
1.483955111068088151e+01
1.286729198360720616e+01
1.261603008312523855e+01
1.232024370262804247e+01
1.299202015466767790e+01
1.115836806989550212e+01
1.475853996088049946e+01
1.223222891102884269e+01
1.234249738099251381e+01
1.280320002064944873e+01
1.325943259197971003e+01
1.273867928071214450e+01
1.208721455593372340e+01
1.508398459448906870e+01
1.087940242663665025e+01
1.330091710087970469e+01
1.312063285756273956e+01
1.280320002064944873e+01
1.404700316762939138e+01
1.512488807759728893e+01
1.290991477906786322e+01
1.239867387947140109e+01
1.311948026819481683e+01
1.273315328606999586e+01
1.206340599483008091e+01
1.280320002064944873e+01
1.289762045206823515e+01
1.313495553628922963e+01
1.258073678700298537e+01
1.326356823918429129e+01
1.302061848172028924e+01
1.181237134448868176e+01
1.521279553414717434e+01
1.093768274024769660e+01
1.276383119910878250e+01
1.345619830934967354e+01
1.527396882452376481e+01
1.240191313875541645e+01
1.231674686878561253e+01
1.261967358492780988e+01
1.057954727948717633e+01
1.398911702372113020e+01
1.280320002064944873e+01
1.271675865485741319e+01
1.276383119910878250e+01
1.051931357737247552e+01
1.286729198360720616e+01
1.288369363580726379e+01
1.248428195002622054e+01
1.236830039381631430e+01
1.255193812016748112e+01
1.255193812016748112e+01
1.363198006487348657e+01
1.313445293778043954e+01
1.266862910947819465e+01
1.313495553628922963e+01
1.314888235255020277e+01
1.287215771796919839e+01
1.285738186164370411e+01
1.275292159335766584e+01
1.208929352940729096e+01
1.330202282833885086e+01
1.130218250283685322e+01
1.301230633870232367e+01
1.502270692404179719e+01
1.290444994923150546e+01
1.326356823918429129e+01
1.297429072440441189e+01
1.313495553628922963e+01
1.227796783964405414e+01
1.208929352940729096e+01
1.248428195002622054e+01
1.471813886064968457e+01
1.120941039029832531e+01
1.265668046709366656e+01
1.507053528369255879e+01
1.406575428629162694e+01
1.266618979193139793e+01
1.500980186136246708e+01
1.329389670764532028e+01
1.326356823918429129e+01
1.233990741089337995e+01
1.197410311171279496e+01
1.377013963907061012e+01
1.500230360085215686e+01
1.488015361690869476e+01
1.272854749125882456e+01
1.508398459448906870e+01
1.296860703091299705e+01
1.280320002064944873e+01
1.475853996088049946e+01
1.228729321134409602e+01
1.231674686878561253e+01
1.348016102362116975e+01
1.231466789531204853e+01
1.280435507639780290e+01
1.313495553628922963e+01
1.485984467906653528e+01
1.301052991835247497e+01
1.340888686711205047e+01
1.219591511271512196e+01
1.264918197688005819e+01
1.172076223775726334e+01
1.231466789531204853e+01
1.093768274024769660e+01
1.289762045206823515e+01
1.450954482878900187e+01
1.300572818731051861e+01
1.076053906510969149e+01
1.357271808160761850e+01
1.314888235255020277e+01
1.492081571512709637e+01
1.113066432711861609e+01
1.255155455462259262e+01
1.192604642052452490e+01
1.515173935323046983e+01
1.272423474080270012e+01
1.290444994923150546e+01
1.299749746873028222e+01
1.197967917558872131e+01
1.349361782913481278e+01
1.494116793258561948e+01
1.241548000736693602e+01
1.298024457276291521e+01
1.299202015466767790e+01
1.290444994923150546e+01
1.295164973191545243e+01
1.124618536802307744e+01
1.504312184501706717e+01
1.294625153153109309e+01
1.281822725019461373e+01
1.280320002064944873e+01
1.462892619465701394e+01
1.273867928071214450e+01
1.251502247839519377e+01
1.135673203900898720e+01
1.236755494353169738e+01
1.215566186459039599e+01
1.255193812016748112e+01
1.290444994923150546e+01
1.315432397733352232e+01
1.287215771796919839e+01
1.276151456760995373e+01
1.188164975656496480e+01
1.234055542988925680e+01
1.343995290789304597e+01
1.208929352940729096e+01
1.301509309959075011e+01
1.265318804874953784e+01
1.240861917300104089e+01
1.236755494353169738e+01
1.286729198360720616e+01
1.293808672827444894e+01
1.130218250283685322e+01
1.314919784893474919e+01
1.294625153153109309e+01
1.287215771796919839e+01
1.261881684401366499e+01
1.246610480550898714e+01
1.492907433957491037e+01
1.206340599483008091e+01
1.290444994923150546e+01
1.485984467906653528e+01
1.502270692404179719e+01
1.107154843335194627e+01
1.250817369365442033e+01
1.220864760006576688e+01
1.261603008312523855e+01
1.181237134448868176e+01
1.280565297553045312e+01
1.317676652292008121e+01
1.248349081151080853e+01
1.333232444061528632e+01
1.236830039381631430e+01
1.329258481591214114e+01
1.494116793258561948e+01
1.215735727251907328e+01
1.255155455462259262e+01
1.486873298028374002e+01
1.093768274024769660e+01
1.271094415088913188e+01
1.509081301116284912e+01
1.156110944400671414e+01
1.269486660874171413e+01
1.279393739158277654e+01
1.190401639856354166e+01
1.469796607930762455e+01
1.217967357704365128e+01
1.202628483843255935e+01
1.275292159335766584e+01
1.290444994923150546e+01
1.273867928071214450e+01
1.267844240862096505e+01
1.311576745755970386e+01
1.331156126641829474e+01
1.326356823918429129e+01
1.266618979193139793e+01
1.523317424738897152e+01
1.271171776737912218e+01
1.313495553628922963e+01
1.110547013852701959e+01
1.322155110990859406e+01
1.231466789531204853e+01
1.314888235255020277e+01
1.300418349383963346e+01
1.236830039381631430e+01
1.301509309959075011e+01
1.531480979280108023e+01
1.172222216344110635e+01
1.317326326855112661e+01
1.231466789531204853e+01
1.313495553628922963e+01
1.370603907915936404e+01
1.264314331314674433e+01
1.488015361690869476e+01
1.280320002064944873e+01
1.350588733587105494e+01
1.523317424738897152e+01
1.290425355202729918e+01
1.488015361690869476e+01
1.326356823918429129e+01
1.340505197739170029e+01
1.475853996088049946e+01
1.237595543116580643e+01
1.461747107980177418e+01
1.276151456760995373e+01
1.263380560873515535e+01
1.519242983306758710e+01
1.275292159335766584e+01
1.300418349383963346e+01
1.270382650336331309e+01
1.242000709219783516e+01
1.301230633870232367e+01
1.509081301116284912e+01
1.259765819548754173e+01
1.537614997807925654e+01
1.288369363580726379e+01
1.304965520039773708e+01
1.400347474968303807e+01
1.190401639856354166e+01
1.504312184501706717e+01
1.101180096559165911e+01
1.483955111068088151e+01
1.521279553414717434e+01
1.344593145597482220e+01
1.305076092785688502e+01
1.481927338321059118e+01
1.377672573620024643e+01
1.290594427040760728e+01
1.125839309357348483e+01
1.299202015466767790e+01
1.286729198360720616e+01
1.295907188326432369e+01
1.308339470045620700e+01
