1.207697186821477642e+00
9.713172218372241318e-01
1.097416807449593357e+00
-3.205707424844375653e-02
-3.194129736140180587e+00
-5.831992537130561427e-01
-1.102381240396704404e-01
1.313922019424307308e+00
1.008248694494571218e-01
-9.161487025482871749e-01
-1.420638000003323353e-01
1.404402948647754945e-01
7.900846309835289905e-01
6.209139789086707273e-01
-1.662355797062819718e-01
8.160336071558934590e-01
3.564136626780988748e-01
2.456828370098254499e+00
-7.284716580842166556e-01
-9.879678367346060863e-01
8.194677646485198919e-01
-1.158445880182692900e+00
6.745826038362220389e-01
2.026170530225713140e+00
-8.846054715884967834e-01
-2.653071838300067875e-01
1.549207368246900973e+00
7.248659276605494695e-01
1.284854983202511125e+00
1.253415786857237313e+00
-5.728510651253970742e-01
3.562903670995531957e-01
1.804197040628380544e-01
1.414108459782102978e+00
2.301275994232273026e-01
1.723356032345583488e-01
9.515200713379301511e-01
8.081812827067575977e-01
-1.860627760746943471e-01
1.490617941822629078e+00
1.963914784474845299e-01
-1.260115875007119079e+00
-1.171799948992071627e+00
8.398637204121778277e-02
-5.754871597758492996e-01
-5.327863968751032075e-01
8.769732240303687032e-01
1.487782132626125575e+00
6.596707937804828781e-01
9.426317850151227917e-01
-1.991409331787914017e+00
-2.705250647700454536e-01
4.759035760654313219e-01
-1.062265044868966779e+00
2.477812743558037489e+00
-2.094119299837493120e+00
1.429199807643696030e+00
-5.858808484463473576e-01
5.775924836453231320e-02
-1.702152194688361375e-01
-1.945351058480632722e-01
1.995672590354615528e+00
7.575794068894511346e-01
-3.804679138595945531e-01
1.595605915350118309e+00
-3.044359680599197926e-01
1.095134025928727661e+00
-2.865378678366921686e-02
-6.059706793761040489e-01
2.812037329806125752e-01
-7.041952695185563771e-01
-1.531925796525129835e+00
-1.589263683415205408e+00
2.555071239013531059e-01
-4.564607469001173978e-01
4.829361647265036916e-01
1.306577249103341609e+00
-1.521562109400709240e+00
1.877664284001884454e+00
2.038044759010349427e+00
4.883771765624928540e-01
2.186880153147648720e+00
-2.305885315098610555e-01
8.945354605174132834e-01
-1.254161606873839541e-01
-1.469696987590416448e+00
-1.525058488238911103e+00
-6.203851698488139776e-01
-1.203533918729345342e-01
-1.625559699951351633e-01
-6.130200521189753671e-01
1.695552687179372742e-01
-6.147288915238616758e-01
-1.019501862109535750e+00
-6.855338336101108876e-01
-2.333941338462619530e+00
1.345716083244306693e+00
1.794293382174925178e+00
6.447018703847732235e-01
-1.995508319033097333e+00
5.896377375935435428e-01
-5.937850083281677183e-01
-5.171732358717563427e-01
1.419487519980507928e+00
2.925674702603447974e-01
-5.426942075669787258e-01
-3.490865184515579839e-02
1.535598681780659724e+00
-1.020898619443099786e+00
-1.759714796658835789e+00
1.010464347929826090e+00
-1.389860551939568811e+00
5.538661054766842035e-02
-1.057047099865555395e-01
-1.428400826019234904e-01
-6.285543059063819493e-01
-1.483752047914144834e+00
-9.751755844360859848e-02
6.160995808746982938e-01
-1.559670325468012209e+00
-6.795511651390365726e-01
1.071350676212579289e+00
2.079304587246494918e-01
1.091618801533893235e+00
-1.111835109686083456e+00
-3.757917463817373460e-01
4.613042704119693083e-01
-3.729841805459800930e-01
5.332950847921683613e-01
-5.920254758680444374e-01
2.342597076855803984e+00
1.681748254743807403e+00
1.900283247967304023e-01
-5.922623653898151375e-01
-2.025190024007593181e-01
-2.749224430081480541e-01
9.760038566575915953e-01
8.208627229454183993e-01
-1.264275539680761895e+00
2.677967037328020661e-01
-2.114228614191633326e-01
-5.097286115064902923e-01
-2.467067639678794944e+00
-5.638965900862213942e-01
-4.912005171192872499e-01
-3.340376442946606961e+00
-1.007734161105412030e+00
6.054633165158026520e-01
4.477176677556523460e-02
1.003958101827328031e+00
-2.507828853593074836e-01
8.073007071320266181e-01
-1.171310421885334740e+00
2.467558711420690387e-01
-5.242716211966087086e-02
1.212212823649527094e+00
-8.994534787542100007e-01
-2.974055286417591204e-01
4.395961176859045083e-01
-1.557278665227027625e-01
1.160262272383631554e+00
1.239980260442972854e-01
-9.461245716675806827e-01
-8.489219156019948143e-01
4.670314521182604706e-01
1.008357775439780585e-01
4.180551955155862864e-01
-4.329901550190878856e-01
-2.966783208911367709e-01
-4.695592374836664584e-01
1.388276838410427982e-01
2.451474233312106676e+00
3.562903670995531957e-01
-3.283481160855603598e-01
-5.125850492547189274e-01
-3.523718093392769202e-01
-1.464729565001960943e+00
8.648284221713180564e-01
-2.953112573401765473e-01
-1.061450151916046192e+00
-3.519899397131250884e-01
1.028851298069479725e+00
-1.285841036852897634e+00
1.610532576358635615e-01
-5.969278838093651229e-01
-5.400971052656127203e-01
-5.078176241639202892e-01
-3.624943341256351981e-01
1.037665896955237033e+00
2.132675162033228211e-01
-1.307008721869935997e+00
1.237737874691938078e+00
2.735434916811690376e-01
-1.419948899233470341e+00
1.636377403442383027e+00
-1.599385004060984938e+00
-1.324570381550856712e+00
-4.167473547474813134e-01
4.378878513725873445e-01
8.379083558108026963e-01
-1.538109327711520091e+00
-5.940883212582506179e-01
-2.984918625840356499e-01
-7.282085520987009453e-01
-1.142174079732562741e-01
-9.676114257336956848e-02
4.237463310174591907e-02
2.113610117333382554e+00
-6.984475915049496164e-01
1.897566414821224567e-01
1.308496309656417944e+00
7.946306177416817551e-01
-2.855751805907515983e-01
1.776657881050276666e+00
5.391513716200583423e-02
-1.398654573498023801e-01
-1.454202509945472066e+00
-5.853874918059277094e-02
-1.536075716256763757e+00
-4.692248167606369313e-01
-3.213674161388044292e-01
7.407356856553592994e-01
7.870612429396429688e-01
-2.270828318621805675e+00
3.705541691648743183e-04
6.229324958178175109e-01
-2.622225828870321518e-01
-3.256889196012582310e-01
-3.021826016825053696e+00
-1.011981181412761721e+00
2.708358934344717861e-01
8.810147297190500382e-01
-1.034914806255028963e-01
-7.102942489796220116e-01
-2.434713827545636367e+00
-9.174186469330013471e-01
-6.111952634595867462e-01
-6.375287997628925618e-01
-4.510210829156259260e-01
7.068198226011852547e-01
1.535965883013354905e+00
1.443490685166797016e+00
4.561040844942495370e-02
4.547163201186552040e-01
-4.822627093668823139e-01
1.441980972854678189e+00
-1.026871045535681315e+00
-4.206707177468976822e-02
-8.966270182971816105e-01
-1.110107795130796902e-02
-1.227352856770222989e+00
3.415855049853306902e-01
1.287736689834863446e+00
2.967692185349412037e-01
3.799945287300219299e-01
3.171012088803223383e-01
-3.103562528254794062e-01
-7.703950444224353378e-01
-7.368629383826926782e-01
2.720891900072795466e-01
1.999474934745701926e-01
3.467123447037119277e-01
-9.505434313869810525e-01
-8.832788817653450808e-01
-3.803690286796735376e-01
-1.412052758569055877e+00
1.271281350773369789e+00
-4.180279077736166471e-01
3.302079606701858738e-01
4.841510431129099068e-01
-3.014102393338099484e-01
8.662787307700201556e-01
-1.759070057188964586e+00
7.339371737770795656e-01
1.685546638863798519e+00
2.064991015907997607e+00
-1.112620544835525166e-01
5.661658437558816370e-01
1.081872985499565898e+00
8.426233158326134065e-01
-4.794847565490265029e-01
9.577292819549053371e-02
-1.845484887737258717e-01
-3.673755999726496246e-01
-3.285561361202170572e-01
3.743520118844412270e-01
-4.835723912029037952e-01
-2.486889675944293554e+00
-1.022162271095829578e+00
1.702229730411322750e+00
-5.347597440923094331e-02
1.622506744625912545e-01
-3.110159769753216619e+00
2.341900894914364095e-01
-1.316795355978859883e+00
-4.886043337533563236e-01
-4.171387540378374004e-01
2.622724537217320240e-01
3.854403822849641892e-01
3.869350643898452052e-03
-4.676935747354538098e-01
-1.825904310785004148e+00
-3.626003556979696119e-01
1.604683487736634495e+00
-3.876738515133669183e-01
3.487258749678019409e-01
8.541174099819300869e-01
1.917556715407504608e+00
9.184083194565182406e-01
-3.725488432144024031e-01
-4.194979344503984575e-01
3.116293855654906686e+00
5.028371496941377305e-01
3.786517329764224060e-01
-3.081291058474135425e-01
5.615055903253808323e-01
-1.243202344657724917e-01
8.962673758489196896e-01
-1.296613821321537241e-01
-5.845475664722914466e-01
1.469993155300414189e+00
2.343797692417250111e+00
-1.563231100693791564e+00
3.858393597101192896e-01
2.092442863197127023e-01
1.264378001528623674e+00
7.849764807968956370e-01
1.080293839039673909e+00
-2.426642353952813413e-01
2.018489939113669696e+00
7.732120123630104730e-03
-2.670540264568753708e-01
-4.133807459890131430e-01
7.759861532697823749e-01
-3.093568389330332291e-01
5.418645488111062392e-01
5.237936569007882737e-01
8.497300329640067318e-01
1.674325761826360059e+00
-1.065192992110064907e+00
2.962356945030324429e-01
-4.820672171683457741e-01
-8.375525827842091875e-01
-4.789011443787113964e-01
2.155334655482241679e+00
-1.949110089280471803e+00
-6.516286240350943615e-01
5.047160223048635652e-01
-1.229518500693252275e-01
1.002716139268097217e+00
1.447394146490861733e+00
-5.830083161779084922e-01
1.326701527470701247e+00
2.075351205170997415e-01
-3.001143224854177158e-02
5.519698627696258131e-02
5.217118337966064612e-01
1.082374810723359532e-01
4.735984943755568444e-01
5.558900510661571870e-01
-8.879030200676844009e-01
8.607432839417414883e-01
6.726825252878775308e-01
-8.349328415532281111e-01
-2.676874556222829105e-01
-3.111330388590536900e-01
-3.877725164271866309e-01
8.859687663039543526e-02
1.779641353203876619e+00
-7.627845269981201604e-01
-1.368798391517420443e+00
-1.754262116466011046e+00
-5.419758876769510403e-01
1.053989483317875120e+00
7.586904156881449923e-01
-5.118670492614599832e-01
1.567876382070312880e-01
-1.805735367320973284e+00
-1.888536726950959532e-01
8.497716750049604251e-01
2.276076854804445493e-01
-1.394490831385392760e+00
-4.916747638076093829e-01
7.820066976159104621e-01
-1.291196994050127334e+00
-8.619708513008350614e-01
-7.248026600113738338e-01
5.015322606346509504e-01
-3.132573615822625834e-01
-9.383556744894291923e-02
-3.726633863020846760e-01
-1.977926510557817208e+00
6.761765040033841379e-01
-9.431661832483383412e-01
2.204544827634107751e+00
1.018148493269255495e+00
1.149982551418406551e+00
3.322269050993453265e-01
-1.024868937300574823e+00
5.359999189418733767e-01
-1.247110336817172316e+00
-2.223128438297267140e-01
4.610438956790733345e-01
2.213535021571066963e+00
-8.368310134441739878e-01
1.098316979089915213e+00
-1.929441667247231429e-01
-1.079113308631257206e+00
-1.335365148847127703e-01
-1.021112462532826615e-01
8.646036145191648981e-01
3.401911880023103518e-01
-2.626088463286439800e-02
-5.999706989792617795e-02
-2.627529712068954817e-02
1.379310255113679773e+00
-1.214755791120538442e+00
1.008328783956576741e-01
1.459019078369599987e+00
-7.452231941033266027e-01
-5.677158387126656214e-01
8.241557922845352824e-01
6.195481904945011609e-01
7.254980176604837461e-02
8.877068816731981116e-01
-1.057669592674232328e+00
-9.368450453282610724e-01
1.983352820912982040e+00
-3.381194594903640382e-01
2.602349918843536170e-01
-1.508419100038018712e-01
-7.209001800238286073e-01
8.869960880159120098e-01
-3.013714917898586976e-02
-2.882666045732091287e-01
1.640201544131971056e+00
