-7.176475719536800080e-01
-7.449774911698227031e-01
2.178035214236589745e+00
1.086003086878279955e+00
-2.978310944259720650e+00
-9.402866775773349728e-01
8.265066450160014622e-01
-2.288708254786369911e-01
2.710123086520984104e-01
1.134687294612854114e+00
-2.520781255493251827e-01
-2.925838857672538595e-01
-1.304187279656140452e+00
1.008122491040929880e+00
-1.119741423960540105e+00
7.173059483213852783e-01
-5.575750755987759488e-01
9.849237855059679303e-01
5.165364667219558559e-01
-1.941948194469434119e+00
-2.051755420852538481e-01
-1.143933015990779234e+00
-1.388298625906813077e+00
-9.133565560958514240e-01
-6.725458980412777135e-04
-5.489009854126662979e-01
5.212549769211809458e-01
5.530121373087432124e-01
3.653065993472034978e-01
-1.659553528587840443e-01
-5.368712133667271486e-02
4.694242191224272664e-01
-3.738154533013545167e-01
-4.034434937217805384e-02
-1.333866841801163661e+00
-1.216540897271782135e-01
-7.436322502945004187e-01
1.265917616104398347e+00
-7.567912923500920153e-01
1.731074552225073671e+00
-1.369222360232046132e+00
-1.933559793275728023e+00
-3.734803647794452397e-01
-1.448207705720587324e+00
3.313749762451556613e-01
-1.287113744932096404e+00
-1.370870562253456049e+00
-4.670280562241672095e-01
4.799188822536069599e-01
-1.509571637445291659e+00
1.527345406498162861e+00
7.832730346566388335e-02
1.094778723037601376e+00
-2.779803571955333563e+00
1.855535621331698970e-01
-6.814798293107025146e-03
1.453059243476892137e-01
1.276793172267398635e+00
1.081575143757147917e+00
5.956380093814538368e-01
4.182261002854788939e-02
2.291942063782079764e+00
5.314076024525474784e-01
-7.321578242438907536e-01
5.803715995233447167e-01
-1.634544759589009744e-01
-3.911856929793965376e-01
-4.649831402497950905e-01
2.213353714846781062e-01
-6.635880510518402664e-01
-3.260250702224516406e-01
1.853630909164784013e+00
-1.701010207097191529e+00
1.005822110568812544e+00
-3.492677102030057323e-01
-1.132583279073825083e-01
-1.944545861966633093e-01
-1.691764130388280885e+00
-6.242081028357769901e-01
2.219992310030846294e+00
2.780529032746751561e+00
-5.532928751905171749e-01
8.872826797460506842e-01
3.428532143533338794e-01
2.204754339627846615e+00
7.960192596869664072e-01
-1.855929510731794962e-01
2.824077456056374169e-01
-2.543647813131283630e+00
1.472463914686793496e+00
-9.619506693362284144e-01
1.359918576018892100e+00
-3.890273087998455392e-01
-9.169926059961293063e-01
-8.091282140977241744e-01
4.738002684908215190e-01
8.566288795886690954e-02
2.742709574596955968e-01
3.731566268317548229e-01
-6.909163301327648776e-01
5.622348843485364123e-01
-2.191976948158727290e-01
-8.756615265399679549e-02
-5.251912472390603270e-02
-1.264389281654497266e+00
5.175671323714462480e-01
-3.948052207043584172e-01
-7.258019879988107936e-01
-3.153376811817511505e-01
-3.587482832829201218e+00
-4.422446555878688512e-01
1.047744983943217217e-01
3.421555582089104708e-01
-7.270143753179783008e-01
2.000247641755110994e-01
-6.316496712559870053e-02
-6.492937298234224830e-01
6.707812363861549720e-02
-2.346294182213759960e+00
-4.469989080038396650e-02
1.291079999831059588e+00
-2.611611363893075577e+00
2.157680991976649865e-01
7.391551643279863359e-01
1.205811620367658543e+00
-3.246951430759266732e-01
-6.627942122081426080e-01
-3.248156489061052588e-01
-9.216881160061579648e-01
-6.671634283403308219e-01
-1.422954215580709836e-01
1.092511240355109603e+00
1.800585429164985596e-01
-4.366937149446349364e-01
-1.061431461031813628e+00
1.102312465063207458e+00
5.918110335270404532e-01
3.751082418883599501e-01
-2.072831688519954252e+00
-9.706169480477914169e-01
1.562775355813999845e+00
1.119278388301318650e+00
-1.283529559720306468e+00
-6.508080035751091508e-01
-6.516815303040497387e-01
-3.092948653407924464e+00
1.199852222321823730e-01
2.773339842794292576e+00
8.291347400589920147e-01
-4.183317882913410446e-01
1.325467023498473118e+00
1.402238295208193763e+00
-1.852580867608172588e-01
-9.519046992686593933e-01
-2.254943638799340455e-01
5.643852492790820685e-01
-1.133025495304230912e+00
8.856157177943937420e-01
-1.434941454679376838e+00
2.105887820539449062e-01
1.008865343387775226e+00
-1.221978078283957103e+00
-2.061751313823396270e+00
-2.475936692678084028e-01
-2.274512778979979333e-01
-1.065650384841944742e+00
1.646723526152208184e+00
4.956390880435545543e-01
-5.720406537262878038e-02
-1.259024981963647649e+00
-2.206272175277982639e-01
7.022703941209332834e-01
1.660736188463142193e+00
1.813135736435737222e+00
7.032349032636146802e-02
-4.915320850811771836e-01
-1.024443972497799171e+00
-5.627040190046039836e-01
-2.679783544960109509e+00
1.134767168426940698e+00
1.139703532422212950e-01
6.709366640257033443e-02
6.100596615063786921e-01
-5.901783596578579205e-01
-2.947447633190781735e-01
1.035571088291958430e+00
9.141794610304335156e-02
5.913543996287005111e-01
-1.245259558766850017e+00
1.481226428845262566e+00
4.117351740875962451e-01
-2.117506832936645100e+00
-2.779083862158421847e-01
1.051137988613146668e+00
7.722813841010239821e-01
3.343391712591546883e-01
-1.981263041675146885e+00
-2.223958564514146377e-02
-9.675199681189631251e-01
-3.425643633470751848e-01
3.717954898658157314e-01
-9.675925970642895724e-02
-2.477045344749517208e-01
7.450737896353495371e-01
-1.183391077411085179e+00
-9.743352292361662226e-01
1.658157742166280979e+00
-5.182627490367113232e-01
5.628410195105082447e-01
-3.204280287077446054e+00
1.257029192758600589e+00
-1.060151091165045800e+00
-1.602388599566837157e-01
-6.636341378773527033e-01
-8.947345144229156277e-01
8.635134276027115474e-01
-8.683852663821798323e-01
3.531100109385715835e-01
-3.663403107685899718e-01
-2.085329114101409920e-01
-1.542067372561806593e+00
-5.736287959769312828e-01
-7.085803270401391796e-02
-1.634243872074627735e+00
-3.482494278201154203e-01
2.122966051999559678e+00
-1.295012133744713134e+00
1.879266910128287948e+00
-4.440326220575966931e-01
1.337256848108989427e-01
2.040796204798414504e+00
7.159297797699372135e-01
-1.930631421439791939e+00
2.361543686131234443e-01
1.186722190050054498e-01
1.107103388242213771e-01
-5.906387945215498814e-01
-2.594787523105062998e+00
7.677242190655616527e-01
4.064374559102573725e-01
-3.276798321043299378e-01
1.906586071720415276e-01
-4.810044990799425962e-02
1.875017848323233260e-01
1.579692928694060305e-01
-8.205822434979728186e-01
-1.621325414744712479e+00
2.465174303023333902e-01
1.702325834064808141e-01
-1.343549611903402052e+00
-2.304769958726497592e+00
-1.938302806469334727e-01
1.131522230007455665e-01
-2.392661782249023428e-01
5.001768101551745671e-01
-6.091655206235706277e-02
5.059521094886962889e-01
-1.923476510881054313e+00
-7.226218039252184644e-01
2.410432048712934840e-03
-7.806909916951318973e-01
1.969299340817136423e+00
-1.957879824820476788e-01
5.546558525821496666e-01
1.462298125387847536e+00
-1.774443597759033375e+00
-1.463180849927952609e+00
4.257704419436986881e-02
7.147631776603534659e-01
-1.538287720343079590e+00
3.085582400633482547e-01
-1.603003432472003276e+00
-8.861087487232354176e-01
1.277930996372437011e+00
5.285865248762255941e-01
1.379173169180115677e+00
-1.364472551238061875e-02
1.258114799616868895e+00
6.568954574815605296e-01
1.230894587775283489e+00
7.162979579760446747e-01
4.724720857469081881e-01
1.416761571386379870e-01
-6.453343664623437670e-01
2.622094457713148308e-01
1.615729796792861328e-01
5.028348442112116068e-01
1.193062191863896865e-01
-1.509335191050659164e+00
6.606770551101674993e-01
-7.835693839393696736e-02
-3.176150217360841355e-01
-1.087989287500574775e+00
3.867294576992454935e-01
9.883036337445985087e-01
-2.679595474201220018e+00
-7.421015327498818870e-01
-3.558290804589355205e-01
-3.424362417903558525e-02
-6.806829276517258887e-01
3.778593557251230112e-02
9.275115617844409410e-01
-1.206464284038919033e+00
-1.911960551029608490e+00
-7.018832667970066330e-01
-8.516984490161609855e-01
3.499112228383629009e-01
7.922909507530815354e-01
1.736963118610495460e+00
9.372464735630223753e-01
-3.827583188925750002e-01
6.561124417790323848e-01
6.899151688155997775e-01
1.814198294597319405e+00
8.530823052375570426e-02
1.644023671327491831e+00
-5.865118158259918779e-01
-3.949534697527063432e-01
-4.038779452035232143e-01
7.996581330976715307e-01
3.181651244298067671e-01
1.113628674589905998e+00
-3.250474221045835388e-01
3.544953396674695445e-01
8.562974529544763180e-02
8.978560865322121609e-02
2.080481223966683668e+00
-1.293939419939532876e+00
-5.573648041874704750e-01
-1.789513387980405712e+00
2.953549513568044446e-02
4.306064532842123205e-01
-8.372845325251249138e-01
-7.572018538398044285e-01
1.835390305053083093e+00
1.413659080277847313e-01
2.272148261960615034e+00
1.765094140851516835e+00
3.934405520816208202e-01
1.187262107736428485e+00
6.025452644296017679e-01
-8.605209011201585545e-01
-7.915812588261413041e-02
-9.829922026137245528e-01
3.351894305640790162e-01
-1.034943048149974176e+00
5.221479047008831254e-01
-3.870105525996043738e-01
-1.191963989878550123e+00
6.783931599066415075e-01
-9.390445691125589578e-01
-5.250181579991697323e-01
-6.145688713996507735e-01
8.276305079466695913e-01
2.557925186364259917e-01
-1.130265798467452010e+00
3.281312467598674898e-01
3.044725279126462847e-01
1.966798300046717074e+00
2.857410616668318415e+00
-2.645105790644108890e+00
4.687977548110484616e-01
2.188477643049936638e+00
-1.112608022539170571e+00
4.639502386342409523e-01
4.750918039910884683e-01
-4.472947821476372376e-02
-1.617189945394553519e+00
-1.775824819200782612e+00
1.577932980894696247e+00
-6.360238427165062491e-01
6.860686627223785417e-01
-5.735043937249575396e-01
4.257074320807893719e-01
1.013449963293615808e+00
-3.001709504022047614e-01
-2.905356213043944758e-01
-1.542748181643492922e+00
1.957433219487218379e+00
-5.678556590744748833e-01
1.633543172793306963e+00
1.278873078620669235e+00
-1.248620423039306648e-01
-4.249013239069417414e-01
-1.163182753118511131e-01
-1.714950786802480476e+00
-3.063659947936039352e-01
1.239628818515779329e+00
6.973606848839121186e-01
5.021702174663338347e-01
-1.081711612351925700e+00
-8.726408884062289983e-01
1.525533321598144809e-01
-1.141362165376427207e+00
7.384809253071982216e-01
8.818603959785571433e-01
1.711050195084639070e+00
6.052791361079025156e-01
-1.495583193343625328e-01
-8.052199066836127628e-01
-5.507969257124697288e-02
-2.305787497634529171e+00
-7.164797035925156710e-01
4.870430385905151760e-01
-1.472491115317973831e+00
-4.748707686580211917e-01
-1.295282821960565656e+00
2.212196662917691459e+00
7.232318616846220016e-02
-9.743164572231822751e-01
2.462387195741318202e-01
4.000846604510182591e-01
4.683499547511518063e-02
1.144714274139277066e+00
-1.953516750584240569e+00
9.698918665187479249e-01
1.840800276765120480e-01
-4.837162449221365512e-01
-1.796299232963800119e+00
-8.137249737546298212e-01
5.321268617505872101e-01
1.167770427754010409e+00
-9.935057976392280832e-01
-2.672458633667000871e-01
-7.037752467745276297e-01
8.551098159716723490e-01
-1.152517685221411625e+00
8.589862674210775317e-01
-1.407231069386845945e+00
-8.577296601113467908e-03
-7.451933936181431850e-01
-4.577216802946620922e-01
9.292213576184561452e-01
-9.272023910442096506e-01
-1.892797734419455979e+00
-4.561514863245150764e-01
