5.677182273409840940e-01
6.477980888157250927e-01
8.733332450424791116e-01
-4.861988518776785839e-01
-1.525861055631189123e+00
-6.039896893072017603e-01
4.560062292782911531e-01
3.333565041643380966e-01
-1.623094404031711457e+00
-3.402544333665733500e-01
5.811647695251197510e-01
2.814490248975127784e-01
-1.775257968458241686e+00
-1.101605537979691574e-01
1.165556813779813794e+00
-4.369910550025580265e-01
-1.045390487443762950e+00
-6.272872670026798936e-01
-2.224008561099307002e+00
2.873712036679266224e-01
1.410741543437291856e+00
-1.633941031100121455e+00
-2.521991971493723894e-01
-5.091558139962074070e-02
9.575299412718664138e-01
-5.591670762502037872e-01
-8.307105541865236198e-01
2.631742336514917846e-01
-2.120436377244877824e-01
-5.636551421272600892e-01
2.598169498081540074e-01
-2.770222957575876888e-01
4.617004038573501168e-01
-7.278837511125920701e-01
-3.086161338624903716e-01
-6.737137793801134013e-03
-6.975434716687065606e-01
1.132595540479125029e+00
1.024790208172878803e+00
-6.848504193826879805e-01
8.476890971042323475e-01
-8.018361779442170212e-01
1.534740144791711280e+00
-1.583269172377760048e-01
4.002754713056927427e-01
-4.123987945808269551e-01
-7.436144502343919882e-01
9.380780018049929003e-01
1.212705415765186645e+00
1.447535733424584192e-01
-9.177192544806858088e-01
-1.645045740403222601e+00
3.908277310633626045e-01
-2.185214307322978389e+00
1.841653697835350934e-01
4.302774515364514163e-01
5.974004780190895758e-01
-3.273033974249184852e-01
-1.869341214627724679e-01
4.181908516813767074e-01
1.185771738844361822e+00
1.321863474995858656e+00
-3.444282785659554258e-01
-1.198866963179055833e+00
7.563680832450538072e-02
5.999908229726819142e-01
3.830055199692595780e-01
-3.296088653877316532e-01
-6.915432782515882337e-01
6.181248134681235351e-01
-2.995288597835250588e-01
-1.207559529574417700e+00
-1.486419312732039533e+00
-1.055910454664617415e+00
-4.628751739017578082e-01
-5.294177548593480276e-02
-1.597681878300065694e+00
1.624978256005719768e+00
1.988179245541789320e-01
1.069561623516092519e+00
-1.161785073202231455e+00
7.748478184428407578e-02
9.175222217909556610e-02
7.468878365620036375e-01
1.171610949510606403e+00
-1.998410933913256082e-01
-1.146229600366654111e+00
9.254248097109148974e-01
-1.314211239802065112e+00
4.016432103372516438e-01
-3.954678437107252420e-01
1.585509879464764849e+00
-3.789546741434126620e-01
-7.166052058046628037e-01
-3.364730777163688069e-01
-5.314166198871165259e-01
-1.279090584734429825e+00
-5.961464292633017470e-01
2.648774594892135958e-01
4.059301432852709945e-01
-3.204804018702647195e-01
-1.003127748523584828e-01
6.325402221954353754e-01
6.804301911535791669e-01
8.110973012324562692e-01
9.331191444916627775e-01
-6.875492008044657988e-01
6.738568080304108143e-02
-1.245559615025835010e+00
3.580397008979313567e-01
1.727608227871756164e+00
-1.125909269378058575e+00
-1.376316481089907839e-01
1.784098483014030789e-01
-1.187674792321789408e+00
-2.945461969891329801e-01
-3.139197505670152100e-01
1.995776634073950229e+00
-8.465227906862400620e-02
-5.833780409458478866e-01
-5.286405694750151429e-01
9.329074898063993704e-01
1.597327931344974639e+00
-6.205241817740041466e-01
9.438027485192391763e-01
1.768199322863530654e+00
1.802205139948582335e+00
5.899833031692219842e-01
1.765781283206698249e-01
1.146507087733208863e+00
-5.479785150100232594e-01
1.372978085227911427e+00
-3.998031763756944024e-01
5.773162496329256044e-01
5.507124307549314812e-01
-9.424148649095075436e-01
6.039782200452364913e-01
-2.601499135849195121e-01
5.229858440692430888e-01
9.952926764062655085e-01
-3.042557535922666423e-01
9.565863087374371077e-02
-3.703131290374428453e-01
-4.586850855355159018e-01
-9.216986892313370205e-01
-1.373560862919180448e+00
-2.034545977726764376e-01
-3.282216957106445787e-01
-4.369302298930375916e-01
2.086490202404241434e-01
-1.898213981504276171e-01
-5.032658108559135979e-01
-8.105782488739141645e-01
-5.464970112648630529e-01
-4.254705967818545598e-01
1.623394507070992754e+00
-1.553611362875361612e+00
-4.017742267602806838e-01
-5.731869024913852639e-01
-3.057442036741995772e-01
-3.159787265437926651e-01
4.275438754851417222e-01
-2.283188890025831252e-01
-7.217566732621818471e-01
8.970486282747990314e-01
-4.001937303503920185e-01
7.623586925722868335e-01
-1.113253361555744503e+00
8.547545666917131246e-01
-8.299420708867304430e-01
-1.440138027927887476e-01
4.074460583464799002e-01
-1.315939662127536991e+00
-8.287662802441106980e-01
8.781550547416134833e-01
-3.477684489828959391e-01
6.123486141220240153e-01
-5.918239947886232422e-01
-1.140990842178385423e+00
-3.091554842693932659e-01
-7.185003167156320814e-01
9.114957788364506930e-02
-1.379568984790543684e+00
-6.969094488815961164e-01
-6.152144213480704726e-01
-1.153610715110290341e+00
4.999861091073110608e-01
2.143066559220129230e-01
-9.078430592197240800e-01
2.951838795193543752e-01
3.150740916465954999e-01
-1.414316043395331124e-01
-2.046119498016209237e-01
-1.123096706731489869e+00
2.041734517404589333e+00
2.722132734156109124e-01
-9.043072946519039590e-01
-6.027461468112962351e-01
-1.011544969701300811e+00
-2.498159724530292156e-02
6.551458653510628949e-01
4.433705294199679625e-01
8.998497553085514633e-02
2.415396782595504999e-01
8.258437959433938269e-02
-1.412661041428156183e+00
1.581500361846481517e-01
-1.486123254715619457e-01
-3.904932375268328759e-02
-8.749979462667983876e-02
8.586439086188102365e-01
-9.784951100686323233e-01
3.424698709429511295e-02
-2.477905862461068920e-01
-3.068679878513552173e-01
-1.955298224605274360e+00
1.773799577389018889e-01
-1.312691942844713910e+00
1.247206589234805874e+00
4.308533363850556297e-01
-2.891228808827195351e-01
-1.664028609157907346e-01
-8.450692813878940557e-01
9.052287627281913052e-01
-2.958623048375063833e-02
1.040136670256831763e+00
5.703988299190732025e-01
-8.290017950594732454e-01
4.408246702583328847e-01
-8.382658091160652969e-01
-3.437481413689566501e-01
2.105057147938074191e-01
-1.523786454296658099e-01
8.286604275629176897e-01
-3.510722513309883497e-01
-6.658679127464635084e-01
-6.832794936548793052e-02
-1.731698045903051986e+00
-5.330132346381556419e-01
9.109345320257400402e-01
-7.648467739050786030e-01
4.775875405273566909e-01
-4.952043336662593220e-01
1.451124379895611938e-01
-1.224550235100668294e+00
-1.196432331201009669e+00
1.045437395912069078e+00
-1.807135228427699136e+00
-7.188997004898562970e-01
1.138685642245148122e+00
-4.860699373916946980e-02
-4.669321752230421452e-01
6.382840371324947082e-01
3.449549461030320674e-01
5.794000394914855523e-01
-1.076878036440640507e+00
-1.812656915031404248e-01
-4.159750946975586117e-01
-4.557550526218981934e-01
-3.854035328796691362e-02
-4.551582338768887515e-01
4.123141506729119943e-01
-1.391861588778175340e+00
4.192306253822340456e-01
8.171648272136946556e-01
5.369777255997122412e-01
4.141109748931885992e-01
2.483019307818909449e-01
-8.098223483177156012e-01
-4.756012261458388013e-02
-5.769994370874287348e-01
-1.435431702130715026e-01
5.911676420249191155e-01
2.925634173024858065e-01
9.459888595270190548e-01
1.996153239400702828e-01
5.621246715803622784e-01
-7.485812804672737908e-01
-8.446642570988563969e-01
-1.297878683143520284e+00
-4.475493715775473169e-01
-6.532989117721964556e-01
-5.306784141656346182e-02
-4.615473805600697754e-01
-1.569332665163997442e-01
-6.112997302107294750e-01
1.575048689048679507e-01
-5.265415341001342675e-01
2.022554609853837171e-01
5.067584062264766098e-01
5.647710917259461949e-01
1.197415906633986449e+00
2.694017370165550096e-01
7.237283607830123922e-01
2.232347361299766852e+00
-1.318303707059126140e+00
-1.660671289040607457e+00
2.093524092108900447e-01
1.120377605037254920e+00
-1.059705757223411871e+00
3.679529865102754149e-01
-1.066973435840526507e+00
-1.087724277738819079e-01
-6.530823737510731419e-01
-3.042168979547615892e-01
2.297669360840917385e-01
-7.848784073091044089e-01
1.250658309834544513e+00
7.886238218928444121e-01
7.238285058029619856e-01
-1.488088441602855305e-01
1.032161741118889919e+00
9.447251736629556085e-01
-2.125685421204542569e-01
-8.623714485257604201e-01
2.034589203772836641e-01
-1.917247865758186717e-02
9.431118605139590105e-01
5.689654097107721409e-02
1.175505675973766567e-01
-1.297480497885251882e+00
-4.385984888311546537e-01
-1.284845747262144844e+00
-2.011753169766561655e-01
-1.459055720193125905e-01
6.298197561261213717e-02
3.920390675554736415e+00
-3.760983569179722208e-01
7.320267237511332015e-01
4.300409751608692766e+00
-1.740387541557559370e+00
-1.272835533739835601e+00
-2.406555826657072739e-01
5.235868902101570299e-01
6.117529435339190413e-02
-3.591297096646975939e-01
-5.487594353534792635e-01
9.813065611978489811e-01
6.531612175878549580e-03
2.824640811366970206e-01
-9.133289217281502503e-02
-5.209583914206290522e-01
-1.898509802531768598e+00
9.528833305923732899e-01
7.616575881519603852e-01
7.878936777137965919e-01
3.881539037856851504e-01
3.475596988239276763e-01
7.523154599503861784e-01
2.774941744014454703e-01
1.739902661436027731e-01
3.841123017041452314e-01
4.053555700617911262e-01
1.471264052445594994e-01
-2.447241193374886326e+00
9.760493028775998336e-01
-4.175917957245012940e-02
3.033579032618248239e-01
-1.029317156444363945e+00
-2.467613999427815119e-01
-2.349098964613874241e+00
1.122768989935192474e+00
-1.522751411839714242e-01
6.134201787910738002e-01
3.380887965166461950e-01
-4.301633393263594729e-01
-4.073997223211482943e-01
2.430427390407618571e+00
-8.263027713747529424e-01
-3.547651186743847607e-01
1.917333017164040421e-01
-5.095061121348749555e-01
7.576098186574792281e-02
-6.016817045339566405e-01
-6.817839011061777033e-02
1.131564380182986662e-01
-1.367959675187700119e+00
-1.387228635339599503e+00
1.283964157299881448e+00
1.891836836857088144e+00
-7.511905755230090243e-02
3.547999374570695030e-01
-1.764733507390328526e+00
1.457266507698598279e-01
-8.658328134809941679e-01
1.248311650942087958e+00
-3.988936318401293257e-01
7.862481946807852173e-01
6.600015467866533758e-02
-7.114853087925065989e-02
-7.608163725382836029e-01
2.046021356217988738e-02
-1.507048099172929367e+00
-3.058492307804441257e-01
-3.064666033126487582e-02
9.074303403183423544e-01
8.722836830334356195e-01
-1.303547903715080780e+00
4.113102097748787961e-02
-2.226085966012355255e-01
3.328999380713159595e-01
-4.509853613733413313e-01
-1.458918522369690163e-01
-5.485129688617046417e-01
8.487113602231913800e-01
-2.153159522494453582e-01
-1.182160383553138905e+00
-9.146724665838338320e-01
-9.308912982588039009e-01
-4.954399021008840664e-01
1.234763104810812223e-01
-1.306526151485043752e-01
2.697721804279547969e-02
-4.182342156650257214e-01
-1.139134827636782532e+00
-9.847362929225653705e-01
-7.634900608534628264e-01
3.892966397145818935e-01
-1.195963109318737949e+00
2.059452997763053794e-01
6.729433761912715362e-01
-8.283631281093217780e-02
-4.835160211140159675e-02
1.553533961108702621e-01
7.164533040204706937e-01
2.076431306205695493e-01
-1.437973983487290386e-01
9.793257780612451002e-01
-1.047526778054646446e+00
-1.792651889155345568e-01
-9.605743274753129057e-01
-5.233586863814792406e-02
6.437954501306339394e-02
9.310803339870734607e-01
-1.274845919741909972e+00
-5.014016996860544417e-02
