1.298173766669126472e+01
1.479838616263887729e+01
1.803922371024682647e+01
1.351037419526591776e+01
1.796471539751271962e+01
1.450435158210279241e+01
1.382630987130769462e+01
1.486645593135058441e+01
1.526485103551776312e+01
1.402330678666082875e+01
1.425537234327154934e+01
1.479838616263887729e+01
1.388241143465691252e+01
1.378541776981270317e+01
1.355922856901955420e+01
1.344806052402947572e+01
1.342206494967529729e+01
1.301676987843025302e+01
1.447162179789179248e+01
1.373753131897038138e+01
1.368178384369228695e+01
1.301676987843025302e+01
1.798433352068260760e+01
1.373753216471673610e+01
1.466641471062439450e+01
1.336015140476779095e+01
1.412492343188621646e+01
1.798063459289483390e+01
1.324622246604635478e+01
1.803922371024682647e+01
1.352578722275366019e+01
1.434657881519507683e+01
1.450435158210279241e+01
1.782383308057211835e+01
1.784347060589617939e+01
1.425537234327154934e+01
1.447162179789179248e+01
1.814084035547221063e+01
1.816033927667425729e+01
1.442019122605569592e+01
1.570898134641647559e+01
1.424496216996969267e+01
1.373753131897038138e+01
1.803922371024682647e+01
1.352939368105763052e+01
1.352118395433781650e+01
1.814084035547221063e+01
1.434657881519507683e+01
1.429071370978607192e+01
1.412492343188621646e+01
1.450435158210279241e+01
1.424496216996969267e+01
1.303472703997262094e+01
1.792192047497972496e+01
1.429071370978607192e+01
1.382630987130769462e+01
1.385297449835941208e+01
1.485982963223934306e+01
1.466641471062439450e+01
1.407310514568098370e+01
1.337688838387506429e+01
1.404722985057190598e+01
1.356804354962501336e+01
1.383914880994212382e+01
1.307981645756547628e+01
1.397801748105612774e+01
1.408951920093477383e+01
1.354753425344160433e+01
1.490000280786426501e+01
1.526485103551776312e+01
1.402330678666082875e+01
1.437000515266640832e+01
1.426516851695176413e+01
1.388963883786481546e+01
1.408109754478683584e+01
1.484527516324307328e+01
1.808225123812022161e+01
1.473855625583101769e+01
1.307981645756547628e+01
1.598633620863189719e+01
1.466641471062439450e+01
1.509253286233058589e+01
1.326713835798876850e+01
1.352937543488849670e+01
1.509453774323692699e+01
1.796471539751271962e+01
1.798063459289483390e+01
1.479105130182291461e+01
1.786648731911153476e+01
1.546389962563628373e+01
1.792192047497972496e+01
1.408656151797656264e+01
1.471912034771236222e+01
1.344478815083390444e+01
1.458725745145640218e+01
1.483154342324352726e+01
1.402330678666082875e+01
1.450435158210279241e+01
1.390454101258851871e+01
1.497536796135022996e+01
1.424496216996969267e+01
1.409571294600626423e+01
1.385096848616065657e+01
1.322651916747475909e+01
1.425729219093985733e+01
1.817534782036513974e+01
1.447162179789179248e+01
1.363911110478708366e+01
1.440639849102859671e+01
1.450435158210279241e+01
1.782383308057211835e+01
1.426046373709464099e+01
1.412951983632701669e+01
1.389439999782139523e+01
1.424496216996969267e+01
1.817982173177138705e+01
1.411236391049251182e+01
1.526485103551776312e+01
1.350058833725074692e+01
1.401684662678806603e+01
1.303621304351799459e+01
1.819928707647523680e+01
1.363131911505054994e+01
1.353988507677220454e+01
1.325466320692488331e+01
1.512237668266774016e+01
1.389605009366307797e+01
1.472548320280295897e+01
1.424496216996969267e+01
1.814084035547221063e+01
1.371661117108241612e+01
1.449062024231774082e+01
1.301043879071508691e+01
1.450435158210279241e+01
1.378340048891767111e+01
1.380299499216147296e+01
1.450435158210279241e+01
1.466641471062439450e+01
1.455312708910297204e+01
1.437000515266640832e+01
1.529611038772958764e+01
1.538283982909188552e+01
1.322300685424675137e+01
1.314605281599945741e+01
1.378867187578362241e+01
1.816033927667425729e+01
1.472992677801814310e+01
1.332250072772434635e+01
1.517575201619425229e+01
1.536646768074314906e+01
1.467431431255802643e+01
1.474897666010721764e+01
1.427469102352944219e+01
1.790580346582890314e+01
1.371495327239767903e+01
1.368894236149239774e+01
1.379385480958097787e+01
1.349480938610541436e+01
1.377250497069366553e+01
1.434657881519507683e+01
1.460596822732818012e+01
1.392587484176769408e+01
1.811711802127205218e+01
1.425537234327154934e+01
1.474897666010721764e+01
1.810179569190683324e+01
1.405353222877285546e+01
1.519615438846231292e+01
1.546389962563628373e+01
1.557011267530247167e+01
1.394568132640237934e+01
1.801970896722822602e+01
1.434657881519507683e+01
1.423113648155240440e+01
1.426869872970423003e+01
1.394568132640237934e+01
1.418696233726607758e+01
1.393206659366100375e+01
1.810179569190683324e+01
1.816033927667425729e+01
1.788271687545721988e+01
1.422692221271080548e+01
1.800394097634286084e+01
1.425537234327154934e+01
1.435698898849693705e+01
1.355474541677766354e+01
1.584332777585285967e+01
1.409571294600626423e+01
1.792544972579750251e+01
1.385717819471224388e+01
1.291131065989114646e+01
1.412951983632701669e+01
1.434333564960347474e+01
1.411236391049251182e+01
1.336357387787657913e+01
1.823816385754962965e+01
1.384326538170302001e+01
1.472992677801814310e+01
1.598633620863189719e+01
1.412951983632701669e+01
1.526400804019801072e+01
1.827696446559052390e+01
1.357532285419522822e+01
1.298015888816765084e+01
1.421813528785558312e+01
1.376096717351100907e+01
1.373293576027593588e+01
1.412951983632701669e+01
1.466641471062439450e+01
1.450435158210279241e+01
1.396804859875563309e+01
1.464736001488182993e+01
1.408129300058530475e+01
1.301676987843025302e+01
1.801970896722822602e+01
1.389547145480636381e+01
1.447162179789179248e+01
1.455675345740168680e+01
1.807820508654600289e+01
1.338315158677034766e+01
1.546389962563628373e+01
1.324258504345759135e+01
1.357831027035245341e+01
1.520063919041274048e+01
1.412951983632701669e+01
1.371146641325309012e+01
1.447162179789179248e+01
1.352578722275366019e+01
1.425537234327154934e+01
1.460596822732818012e+01
1.526485103551776312e+01
1.361499452585703196e+01
1.423113648155240440e+01
1.423113648155240440e+01
1.480501553991524943e+01
1.423578977774650411e+01
1.329944565327000561e+01
1.450435158210279241e+01
1.456479806539900679e+01
1.570898134641647559e+01
1.389891903037914389e+01
1.450801513625398442e+01
1.519615438846231292e+01
1.443076571233362593e+01
1.389605009366307797e+01
1.474897666010721764e+01
1.817982173177138705e+01
1.424496216996969267e+01
1.464736001488182993e+01
1.364795826152550262e+01
1.450435158210279241e+01
1.323809880640301095e+01
1.519615438846231292e+01
1.526485103551776312e+01
1.788614911550412856e+01
1.414273267290423419e+01
1.362158621456621965e+01
1.788271687545721988e+01
1.483832300234619339e+01
1.363651980214580028e+01
1.782383308057211835e+01
1.505840238223467509e+01
1.464736001488182993e+01
1.331092026244510151e+01
1.505558736483248516e+01
1.495906435999138751e+01
1.816033927667425729e+01
1.804312130798099645e+01
1.336857843775248789e+01
1.823816385754962965e+01
1.403726189382883760e+01
1.412951983632701669e+01
1.792544972579750251e+01
1.324910985460084589e+01
1.546389962563628373e+01
1.501764629032364695e+01
1.363131911505054994e+01
1.345541109583163930e+01
1.450435158210279241e+01
1.802353712020510912e+01
1.408814584048670504e+01
1.455312708910297204e+01
1.314037462414022883e+01
1.327690144700468089e+01
1.332462349947213731e+01
1.363131911505054994e+01
1.389547145480636381e+01
1.466641471062439450e+01
1.566382833332823310e+01
1.448040148202276711e+01
1.373753131897038138e+01
1.473850969337778416e+01
1.456479806539900679e+01
1.808225123812022161e+01
1.374164873647763230e+01
1.383677582244418502e+01
1.499533825575311674e+01
1.796107625015677201e+01
1.372205238463539345e+01
1.424496216996969267e+01
1.367405888613823173e+01
1.363550381538280121e+01
1.464930113070528961e+01
1.810179569190683324e+01
1.300054326540773530e+01
1.405144402221649536e+01
1.584332777585285967e+01
1.424496216996969267e+01
1.401651170989628703e+01
1.384538159168270077e+01
1.819928707647523680e+01
1.441130377125900708e+01
1.426046373709464099e+01
1.412951983632701669e+01
1.542684362919588992e+01
1.411236391049251182e+01
1.351350253962675296e+01
1.394568132640237934e+01
1.407963412628151367e+01
1.383914880994212382e+01
1.423113648155240440e+01
1.424496216996969267e+01
1.422842527250604405e+01
1.570898134641647559e+01
1.558393836371975993e+01
1.310860066564046633e+01
1.509453774323692699e+01
1.458846789585573411e+01
1.519615438846231292e+01
1.437000515266640832e+01
1.434657881519507683e+01
1.517575201619425229e+01
1.407963412628151367e+01
1.425537234327154934e+01
1.440177495032818200e+01
1.389605009366307797e+01
1.490000280786426501e+01
1.441130377125900708e+01
1.570898134641647559e+01
1.397801748105612774e+01
1.345733053892662845e+01
1.774520207571411134e+01
1.373293576027593588e+01
1.424496216996969267e+01
1.802353712020510912e+01
1.817982173177138705e+01
1.368894236149239774e+01
1.385297449835941208e+01
1.340875755004053360e+01
1.435698898849693705e+01
1.301676987843025302e+01
1.384231142405700155e+01
1.425301519489476831e+01
1.375556154948685972e+01
1.442265000875514502e+01
1.361499452585703196e+01
1.437944645539912614e+01
1.810179569190683324e+01
1.527736866141964001e+01
1.383677582244418502e+01
1.768616191340496613e+01
1.389547145480636381e+01
1.402330678666082875e+01
1.790232433111747312e+01
1.311838652365563895e+01
1.411134930340039517e+01
1.381682580861882315e+01
1.354640479605929215e+01
1.786648731911153476e+01
1.312082959276203553e+01
1.328979617208200636e+01
1.450801513625398442e+01
1.424496216996969267e+01
1.411236391049251182e+01
1.365531393321041520e+01
1.418610916418728607e+01
1.440008817154674858e+01
1.464736001488182993e+01
1.363651980214580028e+01
1.803922371024682647e+01
1.373683765562541836e+01
1.450435158210279241e+01
1.404729797162776705e+01
1.392400267241518463e+01
1.363131911505054994e+01
1.456479806539900679e+01
1.440639849102859671e+01
1.361499452585703196e+01
1.437000515266640832e+01
1.811711802127205218e+01
1.288649277368817359e+01
1.428135289190424650e+01
1.363131911505054994e+01
1.450435158210279241e+01
1.488775897575540696e+01
1.404722985057190598e+01
1.804312130798099645e+01
1.412951983632701669e+01
1.504625313118637031e+01
1.803922371024682647e+01
1.395791387921174831e+01
1.804312130798099645e+01
1.464736001488182993e+01
1.493386341408237072e+01
1.792544972579750251e+01
1.402749148699308179e+01
1.778777855863035384e+01
1.558393836371975993e+01
1.358429160350310738e+01
1.800017904668144553e+01
1.450801513625398442e+01
1.440639849102859671e+01
1.334011329957755088e+01
1.340411839663317117e+01
1.474897666010721764e+01
1.790232433111747312e+01
1.360778310421168769e+01
1.817534782036513974e+01
1.460596822732818012e+01
1.483154342324352726e+01
1.521637531147840861e+01
1.354640479605929215e+01
1.819928707647523680e+01
1.363591467374499544e+01
1.800394097634286084e+01
1.801970896722822602e+01
1.522353109485380784e+01
1.453238235755901187e+01
1.798433352068260760e+01
1.452975355130907076e+01
1.395419948514709496e+01
1.418817816320194858e+01
1.584332777585285967e+01
1.425537234327154934e+01
1.401318842780520768e+01
1.417539458001448516e+01
