-2.251211948651083150e-01
-1.097196172175236795e+00
-5.886479322209231535e-01
6.347947306486860786e-01
-1.696516915792125879e-01
-1.866718765879762931e-01
-5.341861793937576763e-01
-9.059870579937727708e-01
3.599635274051841693e-01
3.553695362773715560e-01
6.121453369871312500e-01
-8.214437796482222387e-01
2.865300827823841878e+00
2.087924248708244723e-01
1.935728471516481086e+00
-1.342623911657513602e+00
-7.834310337327467233e-02
3.308675132302526745e+00
-1.490563662565266956e+00
-2.069190000646935201e-01
-1.024346534257643215e+00
-1.095104533058995466e+00
6.253143832430850813e-01
-1.266977870375600168e-01
-1.036623656927041948e+00
-8.373031490635703955e-01
-4.423990031618985769e-02
7.329399010810334625e-01
1.560271891823151291e+00
1.875456097249446952e+00
-3.079031779916779898e-01
-1.617606070898001347e+00
-8.987070733356979924e-01
2.000718614549672925e+00
1.189176176097918702e+00
-2.312148570135362569e+00
1.050483641413929359e+00
1.478689875887949423e+00
-1.222932891892606566e+00
2.329302857534813587e+00
-1.730344032168672774e-01
-2.034881495785505201e-03
-1.658695206306674219e+00
1.075334052801618867e+00
-1.932840437584348869e-01
2.762232173652396483e+00
1.246392711082524363e+00
1.576443430841563131e+00
-1.462039400227480801e+00
-2.567273275248959319e+00
-2.637446071144590842e+00
1.076954220749135605e+00
1.147783933740856716e-01
-4.980358412240597221e-02
1.373410922544551216e+00
-1.094092082498027807e+00
2.312784636628243184e+00
-1.136141126646087907e+00
-3.314426919389452664e-01
-1.822273977228424102e-01
2.868068852448670270e-01
-8.605437391872258202e-01
1.134166426023016233e-01
-2.294833542864284093e-01
7.523092607309300739e-01
-4.417025880333050880e-01
9.918372306931263482e-01
3.521850220343685778e-01
1.151932449969679667e-01
2.497182797375946117e-01
1.607725296716609797e+00
9.653665205487430567e-01
-1.020445838853249576e+00
-1.707259217171755439e-01
2.787384859213911659e-01
1.253228944442986437e-01
3.102287083322924355e-01
-4.841106162866577467e-01
1.778825034568089769e-01
6.094565937718748883e-01
6.115221509263445432e-01
9.235252089036014578e-01
3.833543864227971758e-03
-9.816372545859700094e-02
-3.442796027216323274e-01
-1.906476179424794415e+00
7.752623527544086901e-01
-6.985051729462446457e-02
6.658025857653744328e-01
6.154982060894090834e-01
1.265555565040175079e+00
-1.138051474256649431e+00
-9.501879091148475176e-01
4.741718605488028926e-01
-2.102913700492845817e-01
-4.154763286971279168e-01
4.119301300374428321e-01
-4.478999201652230644e-01
2.783599726553407372e+00
-1.942163598630751720e+00
-3.009910188945697992e-02
2.336647040929191177e-01
-3.125847560944317594e-01
-4.587214241773677204e-01
8.023666299251288603e-01
1.451330060869590488e+00
6.853722052044468327e-02
-2.334610877068335477e-01
6.315340319013577064e-01
-2.090046021430527201e+00
4.605143032973492700e-01
-8.541741756547236442e-01
9.182927862311390799e-01
7.648975030866653757e-01
8.538873598510936525e-01
8.010450535882001066e-01
1.543060920825614524e+00
-7.584094300243992004e-01
6.528823191111635671e-01
-6.137221331479627562e-01
9.876764149436645379e-01
-1.245583363984841707e+00
-1.419244418140574449e-01
-5.898607746718110834e-01
2.042772212138529442e-01
-7.023170683753825472e-01
-6.746554879649781233e-02
1.724033022996605546e-01
1.906526918378289359e+00
-2.720788752813123046e-01
-7.188664442703714963e-01
4.095735826513084432e-01
3.533252024564107474e-01
-8.332735975991559241e-02
1.121252017572090587e+00
-1.448648031593538221e-01
-3.549062169849186987e-01
1.262609147143107513e-01
-1.213697526627965484e+00
6.362373454360390479e-01
7.622306669248104516e-01
-2.683805073558030441e-01
-3.189649105882527813e+00
-7.594850850930325858e-01
-1.204324452262505396e+00
-2.834186627089076982e-01
-1.735380368196239642e+00
-1.070870841297349996e+00
1.229654371052077699e-01
7.260456701061416274e-01
-1.460293436757433616e+00
7.540326865898666631e-01
-4.057198336160018348e-01
6.499463355586154734e-01
-1.360486764134776649e+00
-4.373551192722648362e-01
9.270944290950697275e-02
2.464379225035325527e-01
-8.167369568743932939e-01
-1.581532694981203357e-01
7.840195410530126363e-01
9.619252932432208192e-02
-1.492860389077125927e+00
-1.271862161766527111e+00
-1.198930853240987471e+00
5.359651486942025311e-01
4.516456378250978398e-02
-8.577506538959062121e-01
2.964730068843543856e-02
3.633277682495522631e-01
-6.683605063978161898e-01
2.131758673554181360e+00
3.794562607112485497e-01
-9.178814065980791526e-01
3.479020662995616631e-01
-9.467999734441606696e-01
2.760535056076660748e-02
-1.778266871511373082e-01
5.289567110740107658e-01
-2.747459786779450130e+00
-6.895376672780436644e-01
3.556929675440822503e-01
-8.651456488747256701e-01
2.066997030945984193e+00
-7.335143295446722167e-01
3.253705447104357495e-01
-8.360471775411233430e-01
-7.406128789385920674e-01
1.371655228382750114e+00
8.734171138385924404e-01
1.161513633704182702e+00
5.445924554436006870e-01
-3.534430850779994859e-01
8.126243931910729357e-01
1.792339266300870815e-01
-1.790984838175735172e+00
4.976620773876092585e-01
-1.277908843323422861e-01
2.567053686843827065e-01
9.279414717815004376e-01
3.396636958027919317e-01
-1.361731204456935407e+00
-9.803799485217377097e-01
-9.598452661124090568e-01
4.555836745166512713e-01
1.791405603084953446e-01
1.659575785732144482e+00
2.129959951370718585e+00
7.015457696543171418e-01
-5.498049446382771155e-01
5.692318692275564196e-01
8.056217886766320335e-01
-3.813419804145643521e-01
2.732595061037704109e+00
5.837034824634189656e-01
3.918976567645150455e-01
-6.405056199141079265e-01
-8.252756009157873052e-02
3.125817871655283131e-01
-1.222994469392989503e+00
-7.011796884213163938e-01
1.549033641515137560e+00
4.212820464072613569e-01
-1.089003360486898719e+00
6.399295959824539137e-01
2.186596929602906414e+00
-8.786150929014301392e-01
6.679777670440072423e-01
7.702966212039846772e-01
6.284970285528813649e-01
9.085186235434764557e-01
1.795346994254717998e+00
1.157530854984061941e+00
-1.984395318555829846e+00
8.388561606416078398e-02
3.318095907899042962e-01
5.849738094681718875e-02
1.625511983627654922e-01
2.930739238466242735e+00
-2.213391404424557007e-01
1.273589107398326314e+00
8.972158417040748679e-01
4.781338389588709048e-01
6.710097574850271140e-01
6.708401224194844303e-01
3.365666844710278882e-01
-1.006705066161556639e+00
-9.546489053106341216e-02
4.561749340327044266e-01
2.481088905649932175e-01
-2.746919493737539408e+00
9.099549201639550722e-01
2.512522510457178559e-01
-9.186799383047726808e-01
9.931490491579524349e-01
-7.114302932382556843e-01
-4.039311610046629197e-01
-1.356542121067201956e+00
-1.898533909303483924e-01
7.477032461298417365e-01
6.976170110046228112e-01
4.974692264670371733e-01
5.915592150052176867e-01
-5.939863917121744885e-01
-1.812264535702395041e-01
-7.331931958215482936e-01
-9.990785174688965320e-02
-1.225737439919264871e+00
9.740135063291031070e-01
4.776968800529683423e-01
1.803949115173420381e+00
2.888508052954618099e-01
-3.890834861633016839e-01
9.618834247495265943e-01
2.579327891944897200e+00
1.214185145676757616e+00
-3.102086147572535868e-01
9.735445287271324855e-01
3.915203820950254321e-01
8.139377192048437015e-01
-7.656041175719290326e-01
-8.753991214423409439e-02
-3.098683569100393331e-01
1.024888656342249661e-02
1.134163715671472783e+00
-1.062538596849942341e+00
1.175489719350930162e+00
-5.968392369040464995e-02
-2.160637536279327975e+00
1.675608681736064254e+00
-2.913459663556500212e-01
-3.845330800153834994e-01
-1.362793748029579088e+00
8.791039508920377443e-01
-1.117046230096078618e+00
2.035971026613228319e-01
-8.202378279960641505e-01
-4.031101109042054542e-01
-4.915099274441343535e-01
-4.566327450251513875e-01
-5.629704469152972957e-01
3.275883343477681842e-01
-2.639220263326746974e-01
1.168142868168547510e+00
-7.291754005398032312e-01
-1.457090987247016411e-01
-2.234092158911316073e-01
3.181332565792689970e-01
-5.324757143179987828e-01
3.843824751365600978e-01
-1.102854325850815886e+00
5.663544226297296813e-01
-6.854716901408409724e-01
1.759706714948645889e-01
5.551670501325034479e-01
1.583610871140028742e+00
-8.483128983951063740e-01
1.055422576077167607e+00
-4.504408883301180277e-01
3.129209376304882717e+00
1.030931382116504480e+00
4.701384205432984631e-01
-4.898034317505021162e-01
1.773051429587452432e+00
-2.780969549454609946e-01
4.229128535165264657e-01
1.232035445863002954e+00
9.883655362282396384e-01
-3.477913708804422077e-01
-1.176720408589325251e+00
1.260201782581969132e+00
-8.407210865135297251e-01
-1.265802015833907612e+00
-6.777541339908361717e-01
1.444248667252362894e+00
3.797946428441323352e-01
-2.569462994306038750e-01
-9.015458073206084055e-01
1.468340872584339207e+00
-5.821219686315174391e-01
-6.889075181521724101e-02
1.368327870310409589e+00
-2.165218847493206311e-01
-1.526923911065951378e+00
5.884877293397300368e-01
-5.370160022951225853e-01
5.323078787109583598e-02
1.277766095874303676e-01
-3.637098702057589561e-01
-4.687246849818547112e-01
9.534649643418305898e-01
5.998578018838534032e-01
2.840554286824202856e-01
-1.910041959913281628e+00
2.130770444307231448e-01
1.331475959223526739e-01
5.945960461705342981e-01
-6.847874918272932598e-01
-3.161707034108742209e-01
-9.861354579702543699e-01
8.730410223579153361e-02
-4.852808286302707219e-01
5.064654331659164122e-01
-1.291412298434419625e+00
1.382156631852308193e+00
-2.668745773934625420e-01
6.216627982008051667e-01
-8.849626158920514962e-01
1.304988742859911177e+00
2.235089800051778819e-01
-3.846922797755099044e-01
8.585335849884118131e-02
-2.813178847480369282e-01
3.034560499984118587e-01
1.199573507159189090e+00
-1.223267428460465656e+00
-7.554854197124083459e-01
-1.744910358610073819e+00
-3.997952569493188890e-01
3.352517859971235747e-01
1.627641954694878157e+00
2.078268754435428356e+00
5.749043428303457492e-01
1.433528034712193977e-01
-8.265394066597723244e-01
-3.825502834151319753e-01
6.712090152010252719e-01
2.943030668710654219e+00
-3.187256161086736150e-01
-3.730310392383476836e-01
1.130672687629748374e+00
6.095037455000570231e-02
-4.681082398264884703e-01
-1.421841844608327410e+00
7.162699885051955206e-01
-5.245898678327453046e-01
-6.904020369133324619e-01
-9.483016819576867151e-02
-4.866088079301235658e-01
-6.682763793234859362e-01
-1.182798226197167457e+00
-1.225737439919264871e+00
3.694865419393789097e-01
7.935564703828342781e-01
-8.587725500297358483e-01
1.397882261033864371e+00
-9.155594780671626465e-01
-3.259216137210206865e-01
-1.900275783654921946e-01
-2.645949877740771394e-01
-1.366026813885893754e+00
-1.985628808690618197e-01
3.788400557759741827e-01
-1.476539562032374575e-01
-5.575093484900436880e-02
1.829766653276073907e+00
-2.349526074782866125e-01
-5.277218282788533887e-01
3.008382222629722991e-01
-8.762130606630306184e-01
-3.522450606515587501e-01
-8.265917070306742775e-02
-6.151421122232254568e-01
-2.629748952629780145e-01
7.687694087340766202e-01
-1.938458225200384799e+00
-1.043237060547643313e+00
3.083914146172607174e-01
-1.029867929515116742e+00
-1.623907455666105115e-01
-6.366165386795721304e-01
-2.582426899505596007e-01
-8.970807575679226598e-02
-1.681030596586256864e+00
-5.562767362235172541e-01
8.561513796230477702e-01
