-1.624359311280801244e+00
-5.518241573875717343e-01
1.210062434782279706e+00
1.184481411334682655e+00
-1.093610706924481590e+00
-1.929233480141643586e-01
-5.571988556667391013e-01
1.048475709064753625e+00
1.595504385743944598e+00
-6.086593947574895358e-01
1.360846950926909660e+00
-3.297573957591656835e-01
-1.397747830181348627e+00
1.258993037560767747e-01
2.808615645671439648e-02
-2.875926631285855350e+00
-5.483273504273286081e-01
2.383142645050392527e+00
-4.386686282262295955e-01
-1.085651102534139101e+00
7.901766744908982343e-01
2.749840365543176346e-01
2.769248320947424458e-01
1.664327383159679707e-01
-2.947983877753657667e-01
1.689162112218035583e+00
-6.938950218298779726e-02
1.507336256514577866e-01
-1.038802389306987123e-01
7.163967390593884987e-01
5.274574310259493026e-02
-1.004553011765544568e+00
2.545393772508732333e+00
7.569153050433368168e-01
-1.159099796463345378e+00
2.869431902396571421e-01
1.046233618375627117e+00
7.269929936491216216e-01
-9.898612211563797558e-01
2.497116250955418781e+00
-1.141832324472622506e+00
4.980985346932986779e-01
-2.048989214617384091e-01
-1.195717195590755288e+00
1.162862748811040792e+00
6.307778290758381257e-01
-8.123441167523320905e-01
-7.533589418547381733e-01
-1.460689879817600678e+00
-1.623328532388943479e+00
-1.681791755891065276e-01
-1.861935490928752490e-01
8.919285733143409367e-04
-1.370363052164785378e+00
1.180119835826730856e+00
-1.539852114007601303e-01
1.629598539509080624e+00
4.946204172816404121e-01
4.778384450438954434e-01
-2.429876393904724541e+00
2.502939299885195368e+00
-7.855926741141610811e-03
3.919742524357777702e-01
2.486751818467846320e+00
3.867268025750667665e-02
-1.225453855580850071e+00
6.742075368042377281e-01
8.144273700077894196e-01
-8.105366839926151368e-01
1.299079033788388848e+00
-5.240503103742757407e-01
-3.568433441236207315e-01
-1.176022804033402203e+00
1.364684343529555532e-01
5.706821789133063039e-01
-5.602085037619829455e-01
-2.387030168642451766e+00
-4.176556844559697335e-01
1.249613540718971239e+00
2.113568509375286730e+00
1.222795407723776151e+00
1.337844107383830305e+00
1.776932258260650155e+00
-2.060615681657828879e-01
-3.431194200234783942e-01
-4.060859212803700213e-01
6.026814785365156579e-01
-2.382859929520725686e-02
1.087269346297234263e+00
2.197387388336467851e+00
3.581297115078465598e-01
1.026633160268420331e-01
1.428031093273209651e+00
1.875969469286230762e+00
-1.693411781725202792e+00
5.837727459278314601e-01
3.792849453519753222e-01
2.059642966148293564e+00
-1.214624900954024145e-01
-1.429718028482261705e+00
-1.088826055838794771e+00
9.547693709145407825e-02
-1.757194009414070335e+00
-1.465242888077258776e+00
-1.228734645775691359e+00
1.911703982604171514e+00
-6.026496677815712522e-01
4.337276083278077815e-02
2.313994849317865921e+00
9.722012889620601506e-01
-1.060591729634631664e+00
-1.420754300803684256e+00
-7.088461997512706114e-01
-9.572647927600126672e-02
-8.673220818506182095e-01
-1.218224544406345949e-01
6.104712602625930185e-01
8.439162702562486018e-02
3.622915933069748462e+00
-6.819668590153269427e-01
9.889765991527045275e-01
-1.421641511662948609e+00
1.569095828759464961e+00
-1.851243709240898982e-01
6.564155417616935884e-01
-1.457869319548559472e+00
9.339146631801580334e-01
-1.134952169492395413e+00
2.359664599269706731e+00
6.605464493282299232e-01
2.129560801803711545e+00
-1.202381197169726690e+00
-2.431721863470999168e-01
1.132861030974435135e+00
1.079608206478640531e+00
-2.525631961378577151e-01
6.595093775730398455e-01
9.214326060847847222e-01
-3.272379155421127450e+00
1.247503412458071281e+00
2.929841102708052314e-01
-3.702636254937350380e-01
-5.645697292724445315e-01
-5.791604792017942538e-01
-2.562650524494640258e+00
-1.129782151014866676e+00
4.343639494853902550e-01
-3.374985663843665384e-01
9.795001750235834415e-01
7.378808276987726122e-01
1.164535525107079472e+00
7.702474340451856416e-02
3.034273881526169392e-01
6.757100151386269231e-03
-5.848267591622016148e-01
-2.803665450772728218e-01
1.323855855672459780e+00
2.748504652864760978e+00
-2.650866361809581573e+00
-1.382945011420584125e+00
-3.929095143027810932e-01
5.628991637013963135e-03
-1.401104757674148660e+00
5.376733007378045603e-02
5.540493981187695205e-01
-3.073944906483793219e-02
3.311076720928626815e-01
1.035140810492147567e+00
6.540929880078913961e-01
3.354099346563980122e-01
2.124949821919420501e+00
-4.407545236508039754e-01
3.735068370203323274e-01
1.713683830728803814e+00
-9.092465123665018911e-01
-2.007667883557515964e-01
-1.125464150723362922e+00
-5.046163526825732104e-01
1.041763010498125253e+00
8.703512490240324917e-01
-6.769824719194583729e-01
1.059075963546822541e+00
1.471272434642165727e+00
2.439816123476423293e+00
-2.058130373400715474e+00
1.263029236909734232e+00
-1.253956416775387606e+00
3.574273931564460050e-01
-7.718255507683838834e-01
2.585945255419045408e-01
-1.277036737297733371e+00
-9.968040482667715751e-02
2.338097173337504164e-01
-1.054616720266764673e+00
6.678038216148112216e-01
5.247745249995241501e-01
9.132456905470812680e-01
1.410639610175421943e+00
-2.005185266713861991e-01
-1.673066526201158200e-01
9.730527670328990020e-01
-1.009338436864672728e+00
8.010552769351636515e-02
-1.771427188146004639e+00
-4.726140752460849526e-01
3.963381681901060105e+00
-5.396210506019309960e-01
1.893702099103515835e+00
6.609336882736522867e-01
-1.064288262916216476e+00
-1.285220699079622442e+00
5.103765453709934174e-01
1.066426096764732323e+00
2.238473338588518047e+00
4.818042985239054388e-02
-5.205565528634576583e-02
7.284711301616935142e-01
6.337813866529656837e-01
1.517470505296485639e+00
4.015474689699157218e-01
1.440004480126520769e-01
-6.216221241715721435e-01
2.876557112322962635e-03
-1.774323868451163300e+00
-5.092217037775069732e-01
3.486999182227949468e-01
-1.510218647849831952e-01
-2.842104226853354176e-01
1.118725194334807688e-01
2.424389734919003558e+00
1.160368410423368912e+00
1.932239475889537150e+00
1.224500066301389856e+00
-2.529230612728932126e+00
1.479780352472843896e+00
-1.921299683146503234e+00
-7.911163477974064717e-01
-9.017509743052123383e-01
3.563877495593851030e+00
-2.143159171099990046e-01
1.533074434823716858e+00
3.983913247979583794e+00
1.111636237117021864e+00
-3.147647448815016347e-01
-4.568361302734446627e-01
-5.945828046337576778e-01
-8.648560082995583320e-01
2.849853630505853608e-01
1.208597725679928070e+00
-8.110025443219045505e-01
9.283849186537207476e-02
-2.008779783334466995e-01
7.833506219460929509e-01
-2.420261164626505979e-01
5.106608654215767373e-01
5.879606365857912298e-01
-1.024057737118837963e+00
-1.358793986159328560e+00
-1.029469188839977845e+00
-1.431922234137191774e+00
8.523953068841345904e-02
-6.998811246228447969e-01
8.839582392354780604e-02
-2.573404399326943981e-01
5.014084145960664429e-01
-5.311245149940170274e-01
-6.905486758692176430e-01
-9.686943514122583476e-01
2.123472906066378174e-01
2.313913962678446345e-01
2.621209825208810962e+00
-2.181111289107461548e+00
3.495257620732072357e-01
-3.948978209720889754e-01
2.499830199626933425e+00
9.009085232048537062e-01
-3.143175528829530441e-01
2.736031725981095675e-01
2.545393772508732333e+00
-1.341495672317794430e+00
-1.128121346954821913e+00
2.632702370168774064e-01
1.868603730957477227e+00
-1.007307135747524729e+00
-3.575375849397597894e-01
-2.010855693443184544e-01
-6.430982808731107170e-01
3.226081816483458153e-01
-1.240386823172338282e+00
-1.071384835168809779e+00
1.039828748202533015e+00
-5.477521875073626534e-01
-2.650541458100546532e-01
4.727311211535668578e-01
9.839441202641523443e-01
3.830587789306922342e-01
4.646731147442619281e-01
-1.041602799195687767e+00
-3.358349849128522968e-01
2.446031050935669970e+00
-7.790776255036715447e-01
-7.208216539020367852e-01
-1.148882243496736733e+00
-1.782555384275439844e-02
1.785591603083619139e-01
1.563916505636902265e-01
-1.304948741092192055e+00
-1.962643850629686854e-02
4.873387415569460646e-02
-1.856970548773930474e-01
-3.058204775466020001e-02
1.027774851036243331e-01
-1.964957447846362948e+00
1.959148942749406208e+00
-2.094343402491383621e+00
2.925997693900108221e+00
-2.511722466503317541e+00
1.171845577007182726e+00
-1.222436578862584333e-01
2.805102497292452757e+00
1.713683830728803814e+00
7.569817875480930880e-01
-2.040497560612055394e-01
9.120739271301324669e-01
6.176087054288684763e-01
1.131159263657297354e+00
-2.902099751601647792e-01
1.706434250826790899e+00
1.164123685776431660e+00
-4.364709742430614159e-01
-6.630987189605107579e-01
2.503121626708222358e-01
1.438033136738765538e+00
-9.804443263699338384e-01
-2.018375110914836679e+00
-1.343802162403515243e+00
2.150760690443177747e+00
-1.295778829201607696e+00
1.716164144853103535e+00
1.227627908527987088e+00
7.625496594568158537e-01
3.932274532314561366e-01
2.101949048639570439e+00
-1.614388911088876499e+00
1.435689044322445929e+00
3.022282196307102264e-01
7.345006277648096216e-01
-2.193133199996616933e-01
1.125448973348121828e-01
4.197885430017154751e-01
5.298059402947082885e-01
6.891448953776478925e-01
2.097076668857605908e-01
-7.577172338334445811e-01
1.491366002190830820e+00
1.558493534381450996e+00
2.039311168859133439e+00
1.208265146236807697e+00
1.909312152175864252e+00
2.343242183992065297e-01
-1.322828420058027810e+00
6.700724920167810961e-01
1.878829359154742251e+00
8.440486882184811135e-01
-1.106381490553573488e-01
-1.055590781605488138e+00
1.095588617116265651e+00
1.130517436434498091e+00
2.768078195635449712e-02
4.196231021172511580e-03
2.038426490828808557e+00
-9.435915851703934321e-01
-1.861935490928752490e-01
6.588499568665378003e-01
9.496974864928310334e-01
-6.683588013194470268e-01
2.365854316019901482e+00
-1.684988110374057380e+00
-8.161903178197871256e-01
-1.101110295618579871e+00
1.376002495007744741e+00
1.062077568671587757e+00
-2.956222476707124833e-03
3.158838766691710043e-01
9.000126497492967337e-01
2.163872328909257625e-01
-2.831859269141384639e-01
8.170147817038310167e-01
-1.304137351579952364e+00
1.101761249763510975e+00
2.737489839769000621e+00
-9.832559888018254091e-01
1.514125743518639267e+00
-1.996565375813311505e+00
9.028784583999001079e-01
-7.500569152850194987e-01
-7.279000938027575529e-01
-6.786892123033129165e-01
1.305851583560919682e+00
6.054478623807922899e-01
-2.147212688895387966e+00
-9.273670672374876300e-01
-1.275738745188054635e+00
-6.499115584825565506e-01
-8.175584658570612673e-01
1.055222394556519117e+00
-1.602244224820303584e-02
1.114300290595328979e+00
-1.173420600674765613e+00
1.275956944239928559e+00
-4.420261030773959821e-01
1.798866734138762524e+00
-1.614557963234667937e-01
-1.052060351381253422e+00
2.000912155073657051e+00
-3.510237177765545558e-01
-5.667572733654627770e-01
-1.078605634822636494e+00
-9.982693217139499975e-01
-1.288531792556550926e+00
-4.980269129668250527e-01
-9.028290577363026204e-01
8.547483453976723045e-01
-5.258146665424602295e-01
5.137406504106092342e-01
1.567275044881771551e-01
-1.185750946167815512e+00
2.083018122326929067e+00
-5.605436184898725943e-02
3.985530191199743721e-01
2.590656419603232230e-01
4.579711904029610259e-01
-2.758571257487462125e-01
1.643881995988256017e+00
-4.219258536541204418e-01
-3.717896799179565837e-01
