1.200816548672528583e+01
1.245295159496845727e+01
1.437078785164788641e+01
1.146742507276824519e+01
1.422832178526077840e+01
1.229009162165976221e+01
1.241535764864031499e+01
1.293084574135166420e+01
1.245256537148297937e+01
1.200496767596353109e+01
1.290395191719233736e+01
1.245295159496845727e+01
1.246045070217846273e+01
1.234668766437351728e+01
1.221347106393081106e+01
1.214584150755402803e+01
1.212977869305665912e+01
1.210087707781238109e+01
1.211313069182590851e+01
1.094283884463856893e+01
1.178019646734452053e+01
1.210087707781238109e+01
1.423334331787193641e+01
1.260388661307094438e+01
1.297116612893102428e+01
1.209109273376589222e+01
1.190515338952899072e+01
1.435721601176157058e+01
1.201808563903063920e+01
1.437078785164788641e+01
1.077655498881843066e+01
1.203971889558067687e+01
1.229009162165976221e+01
1.431788844426535690e+01
1.432304613131025839e+01
1.290395191719233736e+01
1.211313069182590851e+01
1.427097356521334603e+01
1.427534967772662711e+01
1.282554492736910667e+01
1.272200467448108441e+01
1.213953318201521725e+01
1.094283884463856893e+01
1.437078785164788641e+01
1.219547922149103236e+01
1.235127165935052140e+01
1.427097356521334603e+01
1.203971889558067687e+01
1.274441861610507765e+01
1.190515338952899072e+01
1.229009162165976221e+01
1.213953318201521725e+01
1.204470249210379507e+01
1.434299280175083169e+01
1.274441861610507765e+01
1.241535764864031499e+01
1.267317090062481100e+01
1.308502498747233389e+01
1.297116612893102428e+01
1.250885515677939885e+01
1.210161312488194518e+01
1.240890473266075134e+01
1.221876618587775098e+01
1.250407232663640400e+01
1.196570044417301304e+01
1.274658269687004264e+01
1.251787215833011402e+01
1.211945549788128496e+01
1.235313730853391689e+01
1.245256537148297937e+01
1.200496767596353109e+01
1.221294497826044889e+01
1.261279377617634267e+01
1.256332937797395211e+01
1.266840680327712221e+01
1.305346914011938075e+01
1.425740172532703021e+01
1.285624561428517509e+01
1.196570044417301304e+01
1.287937389480337913e+01
1.297116612893102428e+01
1.321458253519111636e+01
1.219632099191051644e+01
1.209248191420146235e+01
1.234036361843288176e+01
1.422832178526077840e+01
1.435721601176157058e+01
1.211382595909020665e+01
1.420220122787766392e+01
1.241421308574962623e+01
1.434299280175083169e+01
1.137840097014839991e+01
1.299377500470192537e+01
1.241931675970797855e+01
1.292970573328543082e+01
1.305664982205940561e+01
1.200496767596353109e+01
1.229009162165976221e+01
1.247762256198731912e+01
1.299310545010353124e+01
1.213953318201521725e+01
1.120925605724349694e+01
1.243547649082313278e+01
1.200518340865665046e+01
1.276209105128060628e+01
1.439982210304396126e+01
1.211313069182590851e+01
1.223774630409459263e+01
1.298658931357805102e+01
1.229009162165976221e+01
1.431788844426535690e+01
1.255864418675914784e+01
1.207024889446135063e+01
1.256598400735208720e+01
1.213953318201521725e+01
1.427965077132539662e+01
1.282372934026935596e+01
1.245256537148297937e+01
1.164464157425773116e+01
1.263352553275455570e+01
1.204571432324931912e+01
1.428387618489559330e+01
1.253860539457312484e+01
1.220181857030688555e+01
1.202358586763145887e+01
1.218944187713061567e+01
1.123654433048488777e+01
1.300787834407302057e+01
1.213953318201521725e+01
1.427097356521334603e+01
1.163235853880125781e+01
1.270643997884471510e+01
1.185641709799115517e+01
1.229009162165976221e+01
1.168038218090998015e+01
1.239584429351378247e+01
1.229009162165976221e+01
1.297116612893102428e+01
1.290626069803891696e+01
1.221294497826044889e+01
1.332377687739744765e+01
1.314732248466959241e+01
1.226581054384539371e+01
1.211884395902268352e+01
1.234856635739394548e+01
1.427534967772662711e+01
1.315646410849394599e+01
1.206724539835230559e+01
1.239473873731902032e+01
1.235275108504843899e+01
1.297802903764957172e+01
1.227049991214820324e+01
1.277118529618060983e+01
1.421284938524012986e+01
1.231659627639588628e+01
1.108276170232003999e+01
1.116103682016640164e+01
1.217448192008302144e+01
1.236949905799145633e+01
1.203971889558067687e+01
1.219027733522522183e+01
1.194350567526234386e+01
1.438783954375769625e+01
1.290395191719233736e+01
1.227049991214820324e+01
1.426199892789948720e+01
1.249806994957121198e+01
1.224054933199834139e+01
1.241421308574962623e+01
1.247949430424744577e+01
1.127319339232196960e+01
1.436633738133414973e+01
1.203971889558067687e+01
1.197043460802681025e+01
1.256413154093870688e+01
1.127319339232196960e+01
1.257088526393347117e+01
1.258691031029455765e+01
1.426199892789948720e+01
1.427534967772662711e+01
1.433315760430647678e+01
1.270331858307267581e+01
1.423829578159512721e+01
1.290395191719233736e+01
1.280413763075779698e+01
1.168704914462666977e+01
1.279915131788039773e+01
1.120925605724349694e+01
1.421807415783081652e+01
1.173148963577770587e+01
1.195803994553620342e+01
1.207024889446135063e+01
1.265411281088792350e+01
1.282372934026935596e+01
1.236494164082184000e+01
1.429209732749401773e+01
1.102241755764982578e+01
1.315646410849394599e+01
1.287937389480337913e+01
1.207024889446135063e+01
1.330681392925172624e+01
1.430000781660942089e+01
1.238327362220278793e+01
1.200706250012523668e+01
1.269758962282367065e+01
1.233253834799571003e+01
1.243879110813858446e+01
1.207024889446135063e+01
1.297116612893102428e+01
1.229009162165976221e+01
1.234803370375078657e+01
1.237031419858274361e+01
1.251335626884490004e+01
1.210087707781238109e+01
1.436633738133414973e+01
1.106122253373186126e+01
1.211313069182590851e+01
1.276401475903970884e+01
1.437946505775993700e+01
1.210553777958212152e+01
1.241421308574962623e+01
1.218083605837207450e+01
1.081894991599896372e+01
1.327304823293986757e+01
1.207024889446135063e+01
1.231323033205584672e+01
1.211313069182590851e+01
1.077655498881843066e+01
1.290395191719233736e+01
1.219027733522522183e+01
1.245256537148297937e+01
1.173217282523579819e+01
1.197043460802681025e+01
1.197043460802681025e+01
1.305376019570235790e+01
1.270908279387949591e+01
1.221653957956939607e+01
1.229009162165976221e+01
1.307098041536556465e+01
1.272200467448108441e+01
1.247328959078653909e+01
1.288677502714351064e+01
1.224054933199834139e+01
1.283205275809671875e+01
1.123654433048488777e+01
1.227049991214820324e+01
1.427965077132539662e+01
1.213953318201521725e+01
1.237031419858274361e+01
1.242573991739235417e+01
1.229009162165976221e+01
1.201277688690421819e+01
1.224054933199834139e+01
1.245256537148297937e+01
1.420755818821772820e+01
1.124433416191886792e+01
1.221743369217391262e+01
1.433315760430647678e+01
1.305022088022055371e+01
1.223480199555142711e+01
1.431788844426535690e+01
1.243752841032143053e+01
1.237031419858274361e+01
1.205985765358991024e+01
1.214141823502189332e+01
1.314089715458506014e+01
1.427534967772662711e+01
1.424799085792137276e+01
1.225925463943057103e+01
1.429209732749401773e+01
1.257512983315709221e+01
1.207024889446135063e+01
1.421807415783081652e+01
1.201996893258335852e+01
1.241421308574962623e+01
1.301696764217155788e+01
1.253860539457312484e+01
1.231196187018813859e+01
1.229009162165976221e+01
1.424317851531629131e+01
1.261057031207487178e+01
1.290626069803891696e+01
1.194763137003511488e+01
1.220244925326522889e+01
1.216599625741085333e+01
1.253860539457312484e+01
1.106122253373186126e+01
1.297116612893102428e+01
1.326106573605668082e+01
1.270008675534156239e+01
1.094283884463856893e+01
1.301543574965365124e+01
1.307098041536556465e+01
1.425740172532703021e+01
1.112223184408436616e+01
1.188567904109838480e+01
1.209629455441276491e+01
1.435254643473084535e+01
1.232338611542197171e+01
1.213953318201521725e+01
1.244087125792477622e+01
1.237732910743739723e+01
1.296334182957414427e+01
1.426199892789948720e+01
1.202123744123875504e+01
1.258509873586961625e+01
1.279915131788039773e+01
1.213953318201521725e+01
1.256040730541708328e+01
1.119914989436647090e+01
1.428387618489559330e+01
1.265667327613201820e+01
1.255864418675914784e+01
1.207024889446135063e+01
1.330722439378373956e+01
1.282372934026935596e+01
1.218585051697328048e+01
1.127319339232196960e+01
1.264676841043550226e+01
1.250407232663640400e+01
1.197043460802681025e+01
1.213953318201521725e+01
1.259317491702856096e+01
1.272200467448108441e+01
1.264859287823585277e+01
1.217827929286732669e+01
1.234036361843288176e+01
1.292735274120398792e+01
1.224054933199834139e+01
1.221294497826044889e+01
1.203971889558067687e+01
1.239473873731902032e+01
1.264676841043550226e+01
1.290395191719233736e+01
1.265062044221733295e+01
1.123654433048488777e+01
1.235313730853391689e+01
1.265667327613201820e+01
1.272200467448108441e+01
1.274658269687004264e+01
1.215154530587965631e+01
1.429659345176854046e+01
1.243879110813858446e+01
1.213953318201521725e+01
1.424317851531629131e+01
1.427965077132539662e+01
1.108276170232003999e+01
1.267317090062481100e+01
1.156723935920278556e+01
1.280413763075779698e+01
1.210087707781238109e+01
1.237938540943570942e+01
1.260631846931180355e+01
1.183130392221224625e+01
1.269545576655376173e+01
1.173217282523579819e+01
1.267300862091244973e+01
1.426199892789948720e+01
1.229492445088447994e+01
1.188567904109838480e+01
1.427994326205656606e+01
1.106122253373186126e+01
1.200496767596353109e+01
1.433811006802966759e+01
1.200106279137784071e+01
1.245574632801850967e+01
1.240748093510176453e+01
1.231950247327343817e+01
1.420220122787766392e+01
1.193428439185621670e+01
1.231383418595411428e+01
1.288677502714351064e+01
1.213953318201521725e+01
1.282372934026935596e+01
1.225572643369967096e+01
1.257042493666763860e+01
1.268375516306321238e+01
1.237031419858274361e+01
1.223480199555142711e+01
1.437078785164788641e+01
1.231851698076332902e+01
1.229009162165976221e+01
1.117337910588742922e+01
1.258244146366427252e+01
1.253860539457312484e+01
1.307098041536556465e+01
1.298658931357805102e+01
1.173217282523579819e+01
1.221294497826044889e+01
1.438783954375769625e+01
1.197057651517078725e+01
1.273843904107491554e+01
1.253860539457312484e+01
1.229009162165976221e+01
1.310084458382498696e+01
1.240890473266075134e+01
1.424799085792137276e+01
1.207024889446135063e+01
1.303301744646864258e+01
1.437078785164788641e+01
1.251785534124687693e+01
1.424799085792137276e+01
1.237031419858274361e+01
1.296951414202608710e+01
1.421807415783081652e+01
1.184369138882780348e+01
1.418012897562202568e+01
1.264859287823585277e+01
1.217070598498832901e+01
1.436181321433402758e+01
1.288677502714351064e+01
1.298658931357805102e+01
1.224175339803670148e+01
1.211862902442755896e+01
1.227049991214820324e+01
1.433811006802966759e+01
1.224252517639996007e+01
1.439982210304396126e+01
1.219027733522522183e+01
1.305664982205940561e+01
1.328146797923523081e+01
1.231950247327343817e+01
1.428387618489559330e+01
1.104265313107310931e+01
1.423829578159512721e+01
1.436633738133414973e+01
1.252301210344981008e+01
1.273223847166217837e+01
1.423334331787193641e+01
1.290123886680641974e+01
1.244278116972916770e+01
1.127858668371385953e+01
1.279915131788039773e+01
1.290395191719233736e+01
1.247572630817470163e+01
1.266946714515180616e+01
