7.656350767566766358e-01
2.311215514235955393e+00
2.573796849640980905e-02
-1.304659240152427957e+00
-1.502459820633323062e+00
-3.765365216545027982e-01
-6.906577829926487944e-01
1.295459912212517217e+00
-4.644235915894117106e-01
-3.039563561722452012e-01
-1.901031282655522903e+00
7.336061246199128139e-01
7.249043837521138567e-01
1.188938450996174234e+00
1.461587561536394020e+00
2.134159269880851362e+00
2.016939319678677789e-01
1.200962691756000345e+00
-1.683956446543725782e+00
-7.546636633643469816e-01
1.584833753423714908e+00
-9.650316715002367207e-01
-1.963326261676439921e-01
5.895650723980665475e-01
5.192909634895008786e-01
-1.275503021526602554e+00
2.343934469063685411e-01
-1.222006195295627234e-01
-5.112710950091394757e-01
-8.198831398816680549e-02
-6.452810957286433946e-02
-9.083302818214030738e-01
2.032692394342656694e+00
-5.285845663434977915e-02
5.708315510845888285e-01
1.351495154162997148e+00
-8.583444287069993961e-02
-2.956708578721662928e-01
-1.189234359553549503e+00
1.303968131472635461e+00
1.248094777689445767e-02
-1.749881502726831961e+00
-8.117132427626804203e-01
5.445418519731348717e-01
-1.090368980024509327e+00
-1.468308840443941221e-01
1.483480166123250177e+00
6.966034666598232006e-01
6.445862072366045359e-01
7.190731124385731921e-01
-1.074982320874896535e+00
4.296964426857200481e-01
-6.188203435560202942e-02
1.735210477223779468e-01
-1.302043266725028792e+00
-7.702053978981031612e-01
1.316154362757294471e+00
-1.109743914138719312e+00
-1.045641588941759625e+00
-1.324785568536912317e+00
3.522557795782250256e+00
2.800160706099260044e-01
1.532171058679453690e+00
-1.219615322719704187e+00
-5.809026800559077275e-01
2.024760604566708810e-01
1.891793277906867132e+00
-5.438314618546397083e-01
6.895529997627337648e-01
4.697719729585827370e-02
1.846974989597782502e+00
8.008244335120305868e-01
-1.759983933552760060e+00
8.937175846790722522e-01
-1.959343303036848560e+00
2.503963936169364857e+00
-3.943405037744350528e-02
-1.445433568653353151e-01
7.924508671298984286e-01
-3.258873269401658668e-01
-5.910323685629365748e-02
3.191831110139661809e-01
2.151966853229021481e-01
-4.851619382157786875e-01
1.087808477067452539e+00
-1.418365989653475712e+00
-8.727024156310759784e-01
-9.417336793572917975e-01
1.907226024614633586e-01
1.303391284710346154e+00
8.510377576395383725e-02
3.156618539449703720e-01
-5.781205501880168907e-01
-4.043840894826345456e-01
-1.401186411886551575e+00
-4.350547675571704853e-01
-6.659157806150380055e-02
1.281008199981958029e+00
-1.485198859372293678e-01
-1.545817712922981368e-01
-1.104632803914786354e+00
1.479155222558287130e+00
6.028557563652590240e-02
1.857432501520678292e+00
1.588587932271908310e+00
-5.733476101093429866e-01
3.582502828334293010e-01
-4.685943657952254537e-01
-1.745147478358843873e+00
-4.828133375268811034e-01
-6.403490351629513855e-01
-1.428603168677887281e+00
1.038383550612692829e+00
-3.050081119325482870e-01
-1.249537578675414373e+00
-5.459149666665368272e-01
9.993585602861387862e-01
-4.826453796374097771e-01
8.466211041997188103e-01
-5.357986587809346890e-01
-9.081868446670140482e-01
-6.908558169227977386e-01
1.076499318019392692e+00
1.334378553052662841e+00
1.353557179341671635e+00
-1.955899407942075230e-01
-2.922244476544559322e-01
3.712794894233749643e-01
7.717813592900899522e-01
-4.791101334720591076e-01
-2.284519103372766591e-01
6.183317578192053521e-01
3.872059997619545779e-01
-1.437688863897942093e-01
-5.486822926377453724e-01
9.202308158468727739e-02
9.052278976859446935e-01
3.598716223560871064e-01
-1.922592279016239303e+00
-1.251733503522632684e+00
9.866406338141526788e-01
-1.348553600765918015e+00
-1.171912301260107148e+00
-5.009750388023940237e-01
-2.864748061742899976e-01
-1.528356439649763088e+00
-7.217257351121471043e-01
1.099097859182214698e+00
-5.597966408569352570e-01
5.402502463968779089e-01
3.669005459299259364e-01
4.562748413969501537e-02
-1.428871543481098794e+00
4.272699908274084080e-01
-1.255404027778406428e+00
-1.548698898999215645e-01
-1.339658042584607189e-01
2.223371916420993355e-01
-3.598308348556565339e-01
-2.186675463367904193e+00
2.432769562489002002e+00
-1.843443510621131098e-01
-1.355163486280514640e+00
-1.372768966623941100e+00
-1.822898464843148714e-01
4.002050530991029254e-01
2.763482886050264709e-01
2.009810348562658111e-01
5.672749314399407744e-02
-1.400730532760596225e-01
-1.305301346056697911e-02
2.418814815060306087e-02
1.421918790000210597e+00
8.194101499561522450e-01
4.956155718825336898e-01
-6.707833815476235140e-01
-8.848776032349356946e-01
2.046764267029025919e-01
1.577940961149568999e-01
-9.111842362790805172e-01
-2.670467250011925309e-01
3.505190062359159198e-01
3.807666999526644891e-01
-1.470186265089692190e+00
-1.417476736812616656e+00
9.239188020627674136e-02
2.914886045188600505e-01
5.307373121448243358e-01
1.512610023477067189e+00
4.280761413966412410e-01
3.519560392309654118e-01
5.714485416303867193e-01
-1.374222072487421287e-01
-2.602613932820886378e-01
-1.063589597018146593e+00
-1.438813058331649630e+00
-5.811942080100802599e-01
3.859414353251208185e-01
1.250589532697621964e+00
8.689132738767509911e-01
-1.388593247646762396e+00
-1.413783695114169126e+00
1.573701822825146479e-02
-5.824058131439129316e-01
-7.567215168153740290e-01
2.642052817089367789e+00
-1.038979350780409733e-01
6.745705448896169854e-01
5.123432938958842886e-01
-1.311300401570197061e-01
9.053438858338250794e-01
1.292496167361127046e+00
-1.214716545564408445e+00
3.689853283752477786e-01
4.977897986077071124e-01
1.268116074504259450e+00
-3.176837298799571885e-01
6.375795241699776517e-01
-5.815189207007973593e-01
-2.267945162998124542e-01
8.259580416055465335e-01
1.465111382316213628e+00
6.817546544169078571e-01
-1.233595234575868504e+00
-5.211214075667864459e-02
1.720055118994545884e+00
1.988331322854308969e-01
1.553873340307049544e-01
-1.084999420223932143e+00
1.407331274625094997e+00
5.086741752476240386e-01
-3.031249109981039580e-01
5.810737099098923775e-01
-1.803247856092822676e+00
-2.334705447534397127e+00
-1.163660108461639364e+00
-1.171153269015229759e+00
7.418661733927170987e-01
1.045520907920074904e+00
-1.402879687300285887e-02
5.403293201134368173e-01
1.205238791727311520e+00
-9.414117148715728245e-01
4.386100207202180967e-01
1.881214074442321138e-01
1.475272413652288228e-01
-9.932221896288567775e-02
-1.050071512804353846e+00
-4.751338018537575036e-02
1.026512968326901420e+00
-1.013934169208765557e+00
-1.045442471769566783e-01
-4.679723614875059279e-01
3.011077016241231474e-01
-2.787894213742533531e-02
-6.412071961496617067e-01
-1.062257811750757508e+00
-1.325052050730290532e+00
6.721301648987977606e-02
3.089891288025080618e-01
5.244689372897803903e-01
5.717212592865839049e-01
9.025295358521939759e-01
-1.062353323917441861e+00
-6.469088908757900658e-01
-8.047051926482737816e-01
3.847256750404989267e-01
-1.385139771457235103e+00
2.015773778029060104e+00
-2.286864086378282979e-01
3.916220349206739337e-01
3.918710478286857590e-01
-3.096385240269032280e-01
6.886034969212829759e-01
8.968205225406543635e-01
2.228932555938742954e-01
-9.030474094540342778e-01
-1.776228414604195671e-01
9.052278976859446935e-01
-2.882084887014005337e-01
3.129917884399891492e-01
-1.515143882153551447e+00
1.826094730498146190e-01
-1.646011109961466046e+00
-3.863635035752496227e-01
4.272814309718924730e-01
1.356686785292057773e-01
-1.749297812477162761e+00
-8.239095651650456542e-01
-6.299470981778373391e-01
-1.063911991991447481e-01
-2.554575390523939893e-01
-2.682569579893011813e+00
-5.532603838756530723e-02
-3.418861615745334981e-01
-2.795592925856784650e-01
4.037787916858555370e-02
1.642326443216566290e-01
-3.067521724385735005e-01
-1.482047547317284775e-01
3.688327768248897409e-01
-1.491910023071825409e+00
-9.266918781419367646e-01
2.425157532139794903e+00
-8.843689295795578720e-02
-4.947792146443853456e-01
-1.995389845196960110e-01
-4.978405390020963495e-01
9.236427694834446755e-02
-4.190152461289389785e-01
-1.231144480545541597e+00
1.808491858407469399e+00
-1.016894907822400995e+00
2.122614043706647191e+00
-7.807132327298585972e-01
-7.353572344144997386e-01
1.765203138582562281e-01
1.316279839563678222e-01
-1.035417435517093088e+00
1.201244407309271400e+00
6.067449449283510710e-01
-2.172455486589929818e-01
4.426410977664296253e-01
1.142589788312561527e+00
-3.479244065768229421e-01
-5.882531817912363126e-01
6.360782397698064861e-01
-2.977510952755412638e-02
-7.012934348961318287e-01
8.725626439698822567e-01
1.027678330926041328e+00
-7.323682541500680099e-01
1.313881968065892414e+00
3.422628038587774424e-02
-1.064223990491456995e+00
-1.165494074720480056e+00
1.242082744563169472e+00
-3.952404579260799800e-01
-1.234133828152103179e-01
7.816246415394425551e-01
-5.237830842991791913e-01
1.106542783720483730e-01
-9.223300908101712547e-01
1.614815586304134409e-01
1.761908701665104715e-01
-3.435466159353323112e-01
-5.284805966091612461e-01
-7.198965682209884642e-01
-1.589875698609765742e+00
-1.137746930892031605e+00
1.277885917010788130e-01
-1.313634554735597426e+00
3.030647324364946216e-01
5.157737260527937850e-02
-2.325141853257929991e+00
1.009419670299176897e+00
1.285733800839621299e+00
1.297042752508707208e-01
-3.852311470213451439e-01
2.146579595168393306e-01
2.082402286809975911e-01
9.963763615964843501e-02
1.981178222530908029e+00
9.982610910314024255e-02
1.658495478889767116e-01
3.090110082045167128e-01
-7.586034053544862266e-01
7.360344633293436356e-02
2.458086038486301028e+00
-1.422455003149456498e+00
-3.466223515719347309e-02
-8.702063559924873015e-01
-3.423209921838775704e-01
1.147096781009637523e+00
3.916143622534464241e-01
-9.945380803891815669e-01
1.516957059563636578e+00
-2.207317151662682719e-02
-1.076166367651676170e+00
-6.694788925167683979e-01
7.993385451061392200e-01
2.196042849565951638e+00
2.555972051420083435e-01
-6.029699139118951390e-01
5.917824783274013845e-01
-1.471708114911254306e+00
-1.815849296114903977e+00
5.479628907801220583e-01
7.747805827980175364e-01
-3.874622104678928092e-01
-6.932442371619569610e-02
-8.961918977545648701e-01
4.682041814329866714e-02
-2.346523075228361746e-02
3.217976011875172543e-02
-1.706045214791338319e-02
3.348875589039495559e-01
-1.651273770731843948e-01
-1.174652554700359897e+00
-2.601974427025433578e-01
-1.718509137184873525e+00
-1.133133297464820277e+00
-6.510942498252806354e-01
9.162539615324934994e-01
-6.541412705445659448e-02
9.829911359852591124e-01
-1.073337393416882168e+00
-9.037686891798861755e-01
-1.061094676235019962e+00
5.782391526894569145e-01
-1.002306664265325553e+00
8.183230762261353153e-01
3.556076333530157063e-01
4.934799316717720097e-01
1.008808970858762200e+00
3.623583157234758767e-01
-3.818171393127864355e-01
1.381995837939834215e-01
1.841896272742657770e+00
-1.999957336520823858e+00
-1.236656833165572789e-01
5.878728580198199216e-01
-2.616992174907569607e-02
-1.310087723185946906e+00
3.038095209329951807e-01
-1.119674202629661997e+00
-4.242236244974133541e-01
3.497786644255773125e-01
-1.102640674410329424e+00
-6.339552240214443302e-01
5.192652989588695256e-01
-1.264098127019184670e+00
5.285294379146063815e-01
-1.183439096696133008e+00
-3.800245166879851477e-01
6.083444237566844048e-01
