1.168523216968759115e+01
1.206106066783419450e+01
1.364613330861170937e+01
1.152599369640343241e+01
1.392075774251825848e+01
1.190666128028010462e+01
1.148833537094703239e+01
1.241687516974808325e+01
1.199633363806888298e+01
1.163464188407678535e+01
1.222067298836896043e+01
1.206106066783419450e+01
1.153449189769929539e+01
1.243559729212650922e+01
1.230873482376703976e+01
1.224389117813434069e+01
1.222843672189577369e+01
1.143661492812338487e+01
1.216082483972128436e+01
1.066573566791517180e+01
1.141519035299113227e+01
1.143661492812338487e+01
1.392681151592506161e+01
1.193535628024054596e+01
1.270659908809017935e+01
1.219112229862923158e+01
1.196200026669104943e+01
1.362900035975556534e+01
1.212029668831997320e+01
1.364613330861170937e+01
1.044795889928614052e+01
1.209096759575654012e+01
1.190666128028010462e+01
1.358115150153683892e+01
1.358729864862249848e+01
1.222067298836896043e+01
1.216082483972128436e+01
1.397349169122597168e+01
1.397910043058634955e+01
1.189374690282777003e+01
1.225456973041383790e+01
1.176360921314227781e+01
1.066573566791517180e+01
1.364613330861170937e+01
1.229151757485642626e+01
1.201765455495554136e+01
1.397349169122597168e+01
1.209096759575654012e+01
1.181544661289565568e+01
1.196200026669104943e+01
1.190666128028010462e+01
1.176360921314227781e+01
1.172128702273625223e+01
1.361141785821816264e+01
1.181544661289565568e+01
1.148833537094703239e+01
1.200158882747649258e+01
1.214108094996297815e+01
1.270659908809017935e+01
1.258934080449204806e+01
1.220128334795397151e+01
1.191065548946652974e+01
1.231379764134126908e+01
1.226271466285480827e+01
1.172661852393552451e+01
1.207144607144123682e+01
1.259788970739486835e+01
1.116268911513038375e+01
1.238841905044845682e+01
1.199633363806888298e+01
1.163464188407678535e+01
1.183346645710702205e+01
1.268798207283382062e+01
1.221900795190924960e+01
1.231864439974981451e+01
1.268777545020727793e+01
1.395635874236982765e+01
1.234596516795145682e+01
1.172661852393552451e+01
1.240379664734156151e+01
1.270659908809017935e+01
1.226388532850626056e+01
1.186899427626002534e+01
1.113017904015813109e+01
1.188678237541763139e+01
1.392075774251825848e+01
1.362900035975556534e+01
1.165884611038876528e+01
1.388979484877453707e+01
1.238310353999786528e+01
1.361141785821816264e+01
1.077183825369470682e+01
1.262985721233045844e+01
1.175694721940481813e+01
1.256805277745060501e+01
1.278813057036899892e+01
1.163464188407678535e+01
1.190666128028010462e+01
1.155192057215903922e+01
1.247592314894039056e+01
1.176360921314227781e+01
1.101021607106773992e+01
1.150900209406772490e+01
1.210771766273514416e+01
1.240769622235096392e+01
1.368428578148420449e+01
1.216082483972128436e+01
1.129894598314119136e+01
1.229904028216840928e+01
1.190666128028010462e+01
1.358115150153683892e+01
1.205908311753795026e+01
1.169737666590633118e+01
1.222152374709385114e+01
1.176360921314227781e+01
1.398465721136666140e+01
1.214464089461431939e+01
1.199633363806888298e+01
1.127877759975696215e+01
1.228555103804104220e+01
1.172228254324986096e+01
1.399016153149637098e+01
1.187262149841100012e+01
1.229758663392475704e+01
1.212565305972473695e+01
1.216365200891221221e+01
1.058953010514199278e+01
1.206788612678989558e+01
1.176360921314227781e+01
1.397349169122597168e+01
1.169468523743424093e+01
1.220254098844599788e+01
1.196094598274322252e+01
1.190666128028010462e+01
1.174254873560539636e+01
1.146816790796105501e+01
1.190666128028010462e+01
1.270659908809017935e+01
1.197110496389694489e+01
1.183346645710702205e+01
1.236759253667626091e+01
1.320602670515416577e+01
1.160530646915419339e+01
1.179385790284414881e+01
1.243738051995148908e+01
1.397910043058634955e+01
1.246077218775473661e+01
1.216804952665698636e+01
1.194007087837741921e+01
1.232369202068314529e+01
1.203951509708373102e+01
1.231005175664900797e+01
1.241635804029536772e+01
1.390231680333182140e+01
1.138480945606267092e+01
1.039055576925758828e+01
1.049203597499758622e+01
1.227139436448023346e+01
1.144073068511881708e+01
1.209096759575654012e+01
1.223401966289436693e+01
1.157523036476206713e+01
1.366825450629068150e+01
1.222067298836896043e+01
1.231005175664900797e+01
1.396212034504717714e+01
1.257911678323770843e+01
1.221414075803189547e+01
1.238310353999786528e+01
1.244583832182740935e+01
1.063672599460418233e+01
1.364047311274180885e+01
1.209096759575654012e+01
1.202473504852059349e+01
1.206445474940454154e+01
1.063672599460418233e+01
1.264817895807025394e+01
1.224135666524471233e+01
1.396212034504717714e+01
1.397910043058634955e+01
1.359945313331079753e+01
1.177552569566033291e+01
1.393281784938663037e+01
1.222067298836896043e+01
1.254803137098322274e+01
1.132191410470577964e+01
1.232776455358692047e+01
1.101021607106773992e+01
1.390850988415110301e+01
1.179303748472507962e+01
1.163539468778494701e+01
1.169737666590633118e+01
1.272728182420338072e+01
1.214464089461431939e+01
1.170365871644503031e+01
1.400101078152184364e+01
1.076914123473896545e+01
1.246077218775473661e+01
1.240379664734156151e+01
1.169737666590633118e+01
1.235145802843091367e+01
1.401164416409846858e+01
1.204814618982161001e+01
1.168414036551523516e+01
1.176994586582252289e+01
1.242216338982738399e+01
1.219997988102526421e+01
1.169737666590633118e+01
1.270659908809017935e+01
1.190666128028010462e+01
1.184900922956942715e+01
1.198269337403474566e+01
1.259360811660917534e+01
1.143661492812338487e+01
1.364047311274180885e+01
1.081939435761184853e+01
1.216082483972128436e+01
1.283218727017869654e+01
1.365729882875239909e+01
1.220507128161636246e+01
1.238310353999786528e+01
1.185402696008536694e+01
1.050371739855441255e+01
1.231937083012039658e+01
1.169737666590633118e+01
1.138120995951874370e+01
1.216082483972128436e+01
1.044795889928614052e+01
1.222067298836896043e+01
1.223401966289436693e+01
1.199633363806888298e+01
1.136732685481997862e+01
1.202473504852059349e+01
1.202473504852059349e+01
1.211143443227390115e+01
1.178113596607702540e+01
1.188850290984620095e+01
1.190666128028010462e+01
1.237924070547591526e+01
1.225456973041383790e+01
1.154752995787819003e+01
1.262639866478267159e+01
1.221414075803189547e+01
1.190000263042935558e+01
1.058953010514199278e+01
1.231005175664900797e+01
1.398465721136666140e+01
1.176360921314227781e+01
1.198269337403474566e+01
1.208852429290212527e+01
1.190666128028010462e+01
1.211512336786236510e+01
1.221414075803189547e+01
1.199633363806888298e+01
1.389607829084945401e+01
1.105526101039947129e+01
1.127624185722931038e+01
1.359945313331079753e+01
1.268461458333432113e+01
1.129567124384040255e+01
1.358115150153683892e+01
1.246861947375596458e+01
1.198269337403474566e+01
1.216089002552555343e+01
1.211578851074105678e+01
1.219403537537709781e+01
1.397910043058634955e+01
1.394468618819191441e+01
1.192959984088196457e+01
1.400101078152184364e+01
1.164961002267400580e+01
1.169737666590633118e+01
1.390850988415110301e+01
1.212213112752993638e+01
1.238310353999786528e+01
1.249853981355936661e+01
1.187262149841100012e+01
1.198011072016649337e+01
1.190666128028010462e+01
1.393877624083242495e+01
1.168466611278613954e+01
1.197110496389694489e+01
1.205134399596890304e+01
1.187491134803362414e+01
1.193266485176845570e+01
1.187262149841100012e+01
1.081939435761184853e+01
1.270659908809017935e+01
1.332116536725894917e+01
1.219641993637392297e+01
1.066573566791517180e+01
1.207506362292073554e+01
1.237924070547591526e+01
1.395635874236982765e+01
1.044178285212470136e+01
1.151896760507060335e+01
1.207037576062685957e+01
1.362318880678029664e+01
1.139205440013536830e+01
1.176360921314227781e+01
1.210289369188126507e+01
1.214056836171054421e+01
1.202553998410848202e+01
1.396212034504717714e+01
1.169815615266012543e+01
1.165949216832953006e+01
1.232776455358692047e+01
1.176360921314227781e+01
1.163498326175463227e+01
1.054129257897157146e+01
1.399016153149637098e+01
1.215449331321161175e+01
1.205908311753795026e+01
1.169737666590633118e+01
1.293913835494231179e+01
1.214464089461431939e+01
1.228229379323558845e+01
1.063672599460418233e+01
1.239880445405549914e+01
1.226271466285480827e+01
1.202473504852059349e+01
1.176360921314227781e+01
1.266934248737150881e+01
1.225456973041383790e+01
1.218471248644909366e+01
1.151675721409117692e+01
1.188678237541763139e+01
1.199124325532585722e+01
1.221414075803189547e+01
1.183346645710702205e+01
1.209096759575654012e+01
1.194007087837741921e+01
1.239880445405549914e+01
1.222067298836896043e+01
1.214863323605975687e+01
1.058953010514199278e+01
1.238841905044845682e+01
1.215449331321161175e+01
1.225456973041383790e+01
1.207144607144123682e+01
1.224937375736858058e+01
1.355610859656334100e+01
1.219997988102526421e+01
1.176360921314227781e+01
1.393877624083242495e+01
1.398465721136666140e+01
1.039055576925758828e+01
1.200158882747649258e+01
1.119863531378917010e+01
1.254803137098322274e+01
1.143661492812338487e+01
1.246662021248119601e+01
1.268182865049258368e+01
1.146567910211081553e+01
1.276667390933065427e+01
1.136732685481997862e+01
1.274527654875185689e+01
1.396212034504717714e+01
1.226742926099168152e+01
1.151896760507060335e+01
1.353686344334583858e+01
1.081939435761184853e+01
1.163464188407678535e+01
1.360545946677236806e+01
1.176397331073764718e+01
1.195751774806791268e+01
1.148020969605671837e+01
1.208430560201908044e+01
1.388979484877453707e+01
1.203820320509082364e+01
1.165316996732534705e+01
1.262639866478267159e+01
1.176360921314227781e+01
1.214464089461431939e+01
1.131882934790268358e+01
1.264774202507216039e+01
1.275551759179529654e+01
1.198269337403474566e+01
1.129567124384040255e+01
1.364613330861170937e+01
1.240884403676018977e+01
1.190666128028010462e+01
1.096408437721844642e+01
1.223712110495538496e+01
1.187262149841100012e+01
1.237924070547591526e+01
1.229904028216840928e+01
1.136732685481997862e+01
1.183346645710702205e+01
1.366825450629068150e+01
1.129596717094309000e+01
1.180965003444494066e+01
1.187262149841100012e+01
1.190666128028010462e+01
1.215607645332455711e+01
1.191065548946652974e+01
1.394468618819191441e+01
1.169737666590633118e+01
1.251375024887458842e+01
1.364613330861170937e+01
1.159247349872798516e+01
1.394468618819191441e+01
1.198269337403474566e+01
1.245355732003892335e+01
1.390850988415110301e+01
1.190258874737632944e+01
1.386422182596010266e+01
1.218471248644909366e+01
1.122295824965904032e+01
1.363476196243291305e+01
1.262639866478267159e+01
1.229904028216840928e+01
1.191278020053340825e+01
1.221769625491944034e+01
1.231005175664900797e+01
1.360545946677236806e+01
1.233649095195726986e+01
1.368428578148420449e+01
1.223401966289436693e+01
1.278813057036899892e+01
1.232736864724916259e+01
1.208430560201908044e+01
1.399016153149637098e+01
1.033837728530090949e+01
1.393281784938663037e+01
1.364047311274180885e+01
1.255015095603478414e+01
1.222736101304361789e+01
1.392681151592506161e+01
1.254069551203055788e+01
1.252671696325843875e+01
1.109919663630896913e+01
1.232776455358692047e+01
1.222067298836896043e+01
1.255793911307849520e+01
1.174249721771551513e+01
