-5.157801298024123904e-01
-5.447966382777547079e-01
-2.073633772551466969e-01
-8.598907258696244504e-01
-3.268855095372988018e+00
-1.589192414184362523e+00
4.499653908639215105e-01
-5.216723094567154995e-01
6.057310371058190028e-03
-2.071095701973442615e+00
-5.914740898779159428e-01
-1.307618464135879677e+00
1.866631335312492812e+00
-1.164629718285521143e-01
-7.810430723399927055e-01
-1.998903830914500468e-01
1.685085274223819818e-01
1.397018462232802127e+00
2.113430771620136372e+00
-7.286467749682588868e-02
-5.722314352863220321e-01
7.143635153730528708e-01
1.086023449730600499e+00
2.199257175817520338e+00
-9.294692168292506551e-01
3.866631722375537539e-01
8.629610633532607267e-01
4.985390394349922261e-01
2.187072474242067743e-01
-4.829900665438445762e-01
-6.365813994006918053e-01
-8.208238564108594204e-01
-1.050512631335867253e+00
-4.153677777509576230e-01
-1.393886704323238079e-01
-1.908609085451085097e-02
6.849194737417635404e-01
-8.704941203925430360e-01
-2.424892185584020865e+00
7.519202374421395385e-01
-1.195381987579752670e+00
-5.521089567411180399e-01
-1.777594475907300131e+00
-2.006140279271955706e-01
-5.661593438010885659e-01
-8.390955127251431556e-01
-1.414547068789483886e+00
1.030939292489194026e+00
-8.149207349907779951e-01
-1.832203112282368984e+00
-9.309670408642019002e-01
2.073561911377248546e-01
1.689090752159857212e-01
-2.579646175356419047e+00
-8.807418791837781091e-01
-6.431995619066738223e-01
2.085817840456269501e+00
4.666796162031449091e-01
3.063583931967461815e-01
-4.052391843245285452e-01
5.663597010452517955e-01
2.917448603020915687e+00
1.626816501230201883e-01
3.389546247245842081e-01
5.774131220945145637e-01
-1.167572494129243132e+00
2.292933818804021862e-01
-4.221868378765477464e-02
6.375961047477909371e-01
6.495885031041196411e-01
1.162379638014467087e+00
-6.295028772530165684e-01
9.749080816228682111e-02
-4.080366618529153167e-01
4.535195598202029776e-02
-5.096915686925399536e-01
-2.190007903167327630e+00
-1.566105321180895960e+00
2.295204222317011322e-01
5.761381824053792844e-01
1.568231343872069361e-01
-2.324644096967759532e-01
-5.945314388451125032e-01
-1.250153654583135543e+00
6.765250278937593453e-01
-1.700172439140007041e+00
-8.778750265993250368e-01
4.132545068872196525e-01
-2.307360383954765726e-01
1.694809886493576334e+00
-1.847321781304371580e-01
-7.181974031145914594e-01
5.771112488928921147e-01
-1.081644843825584568e+00
2.318746551883719975e-01
-1.397199528749930364e+00
1.314399535092642679e-01
-2.130846597432358713e+00
1.195113772361342530e+00
-1.143810810436272085e+00
-8.632012621202687919e-02
8.052366005332675103e-01
-1.427205617906221802e+00
-2.108077269073642956e-01
2.440179785388341405e-01
7.447706562455421730e-01
5.583674286316153701e-01
-1.675797550055719176e+00
-8.809854955207592209e-01
4.560357569018465007e-01
1.312258745604955479e+00
2.591524411297372876e-01
-1.824858503622515671e-01
6.008388632076480107e-01
-1.554129220583474691e+00
-1.155222151802119734e+00
1.499948363655459582e+00
4.376690056168930920e-01
-1.553877335008197469e-01
-3.964799881130985360e-01
-8.806185925809801862e-01
-2.876072299737518767e-01
1.933877697501930726e+00
1.200076433780249641e+00
3.711684259720368639e-02
-4.391140113896262465e-01
-6.838106293584426121e-01
5.525068558504417915e-01
-9.251516065952938295e-01
3.704771083703987944e-02
-1.997898972491912450e-01
3.357613999332952903e-01
-1.703171802752758424e-01
4.768686087320748168e-01
-5.756521045284910265e-01
-6.051590205346466522e-01
1.044060517432041646e+00
-3.943951128926662664e-01
-1.633345254003052638e+00
-2.221649783900580655e+00
1.066090982350122562e+00
6.741620967771863593e-02
-8.016253424351952317e-01
3.022599606941595574e-01
-5.180164833510293443e-01
-3.329568490076649123e+00
-1.108135712628784963e+00
-2.324230378087400184e-01
-4.609139863217829314e-01
2.624216287645060319e-01
1.162533969738535067e-01
-6.440861643967680239e-01
5.219339278658382542e-01
2.072410376119079578e-01
-1.464524549908637674e+00
-9.029684619645342303e-02
-1.438854828687849086e+00
-1.377616249528838821e-01
9.149918524725374480e-01
-1.320916142010958749e+00
-7.702607771878251519e-01
4.297812021745119337e-01
-2.738863288265369622e+00
-2.873346863659618777e-01
-2.467841194880781852e-01
1.450074286872778673e-01
-9.709224382281327059e-02
-5.804643264609516962e-01
-1.606127358909585912e-01
4.669800290443773538e-01
1.871872076105011440e-01
-1.764802573516452311e+00
8.469288109842466605e-01
-1.162235670005437593e-01
-6.838896085299145389e-01
-8.976175882847100551e-01
1.524554857635306016e-01
7.313255416722723445e-02
-3.060004210926560719e-01
-2.930926423055592700e+00
6.601606933626527063e-01
2.700186659186246119e-02
-1.054800887375304308e+00
4.166651339049079472e-01
-9.299228445480255401e-01
8.962294248097658622e-01
-9.600977151680613053e-01
3.532226067612662668e-01
-1.346924779996598875e+00
-7.584692410810183194e-01
-6.434627435984636712e-01
-1.056340951926889815e+00
-7.415426106336777679e-01
9.158727184469528382e-01
-8.901053082662864213e-01
-2.326258139700739580e+00
-7.818359742931718648e-02
-1.362287989977074565e+00
4.156340860916060143e-01
-5.189143063719211524e-01
-1.436304984101584997e-02
-5.877264625442777390e-01
2.369865343055348184e-02
3.068364246122660260e-02
2.986401618866525998e-01
-3.974098074792172808e-01
1.022705582410465164e+00
8.618879621659827350e-01
9.649337042274743759e-01
-7.437991996898239699e-02
1.707937160164036960e+00
1.072931362496170715e+00
4.420093857985860075e-01
-5.268645002835273816e-01
-1.114038027578975631e+00
2.930489050827991271e-01
5.162825438231765096e-01
1.339853079515205547e-01
7.243664819255037912e-01
-1.162249767062381478e+00
-3.514967708750055819e-01
-1.797268959538707855e-01
-1.401141517614679921e-01
-1.084115232115744343e+00
4.044390670579267044e-01
-8.323190369368426156e-01
-7.456622181145683426e-02
-4.124966299723087371e-02
1.160167084013522948e-01
1.437215014574587224e+00
-1.623182553179319532e-01
7.494479727866779628e-01
-1.569894960708398735e+00
-1.035150587247792409e+00
-1.872809260060912750e+00
-5.882464721349586201e-01
-8.556873866591466204e-02
3.382192264910283686e-01
-5.465202345010942153e-01
2.357069218835185775e-01
6.642802406389867187e-01
8.433063604476315200e-01
4.104300315332362614e-01
1.153313845617156552e+00
-1.421188748285256320e+00
-1.669277645305860869e+00
-1.360282657317529287e+00
1.507311865461811617e+00
3.718008016355082712e-01
-3.917949654388012126e-01
-6.099111258103983024e-01
-1.359951688070218490e+00
4.179986130226148178e-01
-4.656599675798542282e-01
9.704025654167415527e-02
3.301466627162843448e-01
3.848364172568073949e-01
-2.667266228681718143e+00
-2.293127296134809257e-01
8.537153116250845164e-01
-1.052305932010443312e+00
-9.760016007218897949e-01
-8.751450484157207166e-01
-5.201186618629892733e-01
3.292494628065166795e-01
-1.564209055711913987e-01
-9.231117794723925352e-01
-5.180477049418107383e-01
1.067491556332318403e-01
1.008809158650257887e+00
2.825358840425797324e-01
-6.050328398307673605e-02
9.085311478565210042e-01
1.054561801067330995e+00
1.322428753586249561e+00
-5.042909609826817796e-01
-1.004738481074008760e+00
2.959350622359643301e-01
1.249322786475706382e+00
-1.352083067270156924e+00
-4.797290365879614549e-01
8.650314436473935942e-01
8.209433658153306168e-02
-6.522032405764646157e-01
-6.927507954224824127e-01
1.922019184321945406e+00
-7.396723471063069155e-01
-5.403450364726205546e-01
-1.791061802058468988e-02
-7.732917875235358895e-01
-4.250637994824983945e-01
-1.684630333518158274e+00
-1.898017792859472974e-01
3.431035897850368693e-02
-9.132197166266198263e-01
-1.863145824964987374e-02
-1.037774388424161032e+00
7.667856137766940750e-01
-1.887845498346457873e+00
5.867635691814416798e-01
-5.654770926505470197e-01
-3.041044438666016814e-01
5.506009994295538723e-01
-1.507857919100821009e+00
8.553376104036727323e-01
1.387367265959311480e+00
-1.130376273185520475e-01
4.312317319541870975e-02
9.473955491209860025e-01
-8.014332993174956288e-01
-5.451190400296272998e-01
1.156220505288382272e+00
7.516127539599818386e-01
2.583027497189504640e+00
-3.757858639093837327e-01
3.996564427600656777e-01
-1.035015256216279989e+00
-1.067889660370973326e+00
-1.328051484780576663e+00
7.518489145918553218e-01
-4.367555656854131829e-01
6.979276148161932536e-01
5.689810009052386208e-01
5.612791386283190187e-01
1.387241593490405878e-01
-4.056011019812000296e-02
-1.010131804520918025e-01
-2.440624472458179095e-01
-8.997632386017119233e-01
-1.488564956596438060e+00
1.351599699354694151e+00
8.728493290427390139e-02
6.318240134862281032e-02
6.527695688270003516e-02
-2.720165416823288052e-01
-3.320287509363465395e-01
-1.022401669529966917e+00
9.245206590890364673e-01
6.751855323048749913e-02
2.954433526868598392e-01
1.145032406891079102e+00
-1.271754706009835534e-01
-1.237420230097022039e-01
-1.182285353570074804e+00
8.280518365716674767e-01
8.292896372927395232e-01
-2.619227374782063800e-01
7.738610338074818351e-01
-3.124641820344284948e-01
7.658315767718477940e-02
-4.086306328289552869e-01
7.865467106273489328e-01
-2.541465536479449727e-01
4.040617232663373803e-02
-2.245951020785580177e+00
2.915783135156350125e-01
-7.893113536648199702e-01
1.312600459183428936e-01
-5.078489398662019427e-01
6.932909192591800440e-02
-2.502062303804920784e+00
5.245073186014331812e-01
-7.624000314322733063e-01
-7.871450981938556968e-01
-1.140932595466607413e+00
1.057378220327896745e+00
5.634694445724071077e-01
7.223902679796809778e-01
-1.432593536403641510e+00
-7.913519200344995563e-02
1.822008543067438896e-02
-1.359018670520115712e-01
1.114552979465570359e-01
-6.786528511247075061e-03
-4.319962198144895460e-01
-1.087546187916815565e+00
-3.063190314847883955e-01
-2.746001334262772042e-01
-1.575788063582185705e+00
1.244636456812068692e+00
5.108636263026801183e-01
-9.309670408642019002e-01
1.034155474460178165e-01
-1.320477603738451355e-01
-8.815476601280678448e-01
-6.790849289166532854e-01
-2.854434856050796498e-01
6.189638847033118729e-01
-2.384222020602264069e-01
-1.031023191312732790e+00
8.746421208000049186e-01
-1.142575487417721858e+00
-2.618588367630781955e-01
2.967329561250572900e-01
-1.432927486773057646e-01
3.199644316854727832e-01
8.760148892892433148e-02
-2.568049132852203154e-01
-2.455018606635230860e-01
1.526143844802412497e+00
-9.904610814273168140e-01
-9.939913030545823869e-01
-6.739709709070021981e-01
-4.593175580584861750e-01
-1.281041146753747917e+00
-1.342823212830787760e+00
-4.680414145721133456e-01
-2.156141448624352419e-01
-2.105677678051330881e-01
4.719203643119013192e-01
-7.854759223025677972e-01
8.870996111501704418e-01
-3.516042703119853785e-01
1.044440532559167245e+00
1.691623453421416678e-01
-7.043029617363306960e-02
2.294271816823391374e-01
7.032060142891154442e-01
1.280880783058666317e-01
-1.250006515585735167e+00
8.030314899635108139e-01
5.051506087234471920e-01
6.086737905993733211e-02
-7.963257324448196339e-01
1.234873021799409942e+00
4.316306348267143767e-01
1.492212254312435052e-02
3.298779654367947622e-01
-5.331743845646402802e-01
4.310570907865822754e-01
-6.459675274150769031e-01
-7.738979667143298657e-01
-1.757158909939672553e-01
1.329502517901657577e-01
-7.567766147607399851e-01
-1.158159218495973697e+00
