1.033465535617784647e+00
-1.263801565499563795e+00
-1.234976961864483025e+00
2.375097736337290488e+00
9.367294775501830983e-01
-6.603680186238635175e-01
6.456695144171979983e-01
-4.158596852659853793e-01
-9.916199868033837017e-01
3.387049627280239728e-01
-4.908126459565294031e-01
-1.263801565499563795e+00
5.419597642673785742e-01
4.519434723267224396e-01
7.986376602940328251e-01
9.703050772736783181e-01
1.010602319004516136e+00
1.849042144576659163e+00
3.071597432999486621e-01
1.230202840255009145e+00
1.067389428069100754e+00
1.849042144576659163e+00
8.553038390257537982e-01
4.584071853575737432e-01
-4.400454422382071851e-01
1.106852121902127006e+00
1.029051737961484525e+00
-9.921967637413234842e-01
1.285160650798714332e+00
-1.234976961864483025e+00
1.609835083013188006e+00
5.662402722626088680e-01
-6.603680186238635175e-01
-3.416124906279063289e-01
-4.231557626177760989e-01
-4.908126459565294031e-01
3.071597432999486621e-01
2.063941030164748447e-01
1.256333912134324771e-01
-3.948575349225599274e-01
-1.367577227240419191e+00
-1.241065029708517814e-01
1.230202840255009145e+00
-1.234976961864483025e+00
8.446120201764101276e-01
1.905639867505540264e-01
2.063941030164748447e-01
5.662402722626088680e-01
-1.745650679994970866e-01
1.029051737961484525e+00
-6.603680186238635175e-01
-1.241065029708517814e-01
9.487216765124918405e-01
-7.487269886918372919e-01
-1.745650679994970866e-01
6.456695144171979983e-01
2.452860376521429076e-01
-1.132315359468145877e+00
-4.400454422382071851e-01
1.443481043242628506e-02
1.080792807171620851e+00
9.855435421455848166e-01
7.850666510558305111e-01
1.070477444438307169e+00
2.544031507977360995e+00
1.558193505628159385e-02
-1.043889831771191261e-02
1.241763239964147836e+00
-5.734547902661031316e-01
-9.916199868033837017e-01
3.387049627280239728e-01
-3.831870319335119457e-01
-2.761209994819776581e-01
-3.717230074812072349e-01
-6.618338366859246591e-01
-1.810755558357963757e+00
4.491743011396343577e-01
-2.019093990215551082e-01
2.544031507977360995e+00
-1.599141697646089488e+00
-4.400454422382071851e-01
-1.518651905964758297e+00
5.831303391550543003e-01
1.291844327622765576e+00
-8.442767209824471042e-01
9.367294775501830983e-01
-9.921967637413234842e-01
-5.706395051227912685e-01
1.344705684767433240e+00
-7.950119826394942413e-01
-7.487269886918372919e-01
2.976438446252098191e-01
-1.621904016559625461e+00
1.005581115503557221e+00
-1.424192377656245290e+00
-7.383799885450069711e-01
3.387049627280239728e-01
-6.603680186238635175e-01
5.016180440870481316e-01
-5.973810434757934607e-01
-1.241065029708517814e-01
6.992882578204552280e-01
5.998061381879893350e-01
1.316184701607956420e+00
-9.278933233043600293e-01
-1.798367001170613433e+00
3.071597432999486621e-01
1.019546184478901996e+00
-7.651821461951370251e-01
-6.603680186238635175e-01
-3.416124906279063289e-01
6.103309886923815597e-01
1.162703081381679937e-01
-3.789517536248558360e-01
-1.241065029708517814e-01
4.496025471550565977e-02
-2.301702643053266384e-01
-9.916199868033837017e-01
1.470510293448185513e+00
-5.646024028267755401e-01
9.463545095753470582e-01
-3.562256756567622890e-02
6.556205881685088777e-01
8.284375988130354695e-01
1.271888712800642196e+00
-4.995807793409691722e-01
5.542450374118322864e-01
-9.082298893561234765e-01
-1.241065029708517814e-01
2.063941030164748447e-01
1.904235634426553858e+00
2.161358754111822322e-01
1.661639467187592478e+00
-6.603680186238635175e-01
1.757736203302561417e+00
6.895028520578014852e-01
-6.603680186238635175e-01
-4.400454422382071851e-01
-6.192569574517816644e-01
-3.831870319335119457e-01
-1.855145103809099583e+00
-1.950942955152031866e+00
1.431569797276507128e+00
7.725624989977334378e-01
4.469758956756542667e-01
1.256333912134324771e-01
-1.350450247625740285e+00
1.165592279352356986e+00
-9.148697052447967160e-01
-7.117320679563495789e-01
-8.226349275467844668e-01
-2.639966898241481452e-01
-9.541235586052894124e-01
1.181356554608163023e+00
8.606047663985809670e-01
8.642335578006983265e-01
7.024365677508058736e-01
8.979911968099020259e-01
7.476357634430942367e-01
5.662402722626088680e-01
2.997875660959714236e-02
5.441158314073809565e-01
-1.557483401599372819e+00
-4.908126459565294031e-01
-2.639966898241481452e-01
3.681672968912281241e-01
4.410655369145818905e-02
-5.643888021354129814e-01
-7.950119826394942413e-01
-8.851938662755259868e-01
4.851704984432033685e-01
-1.154131413668000317e+00
5.662402722626088680e-01
8.066170833716286293e-01
5.960781075601464529e-01
4.851704984432033685e-01
-1.579362417503625826e-01
-4.361127381906101941e-01
3.681672968912281241e-01
1.256333912134324771e-01
-5.860672258552040992e-01
-6.521619736566407199e-02
7.739411256015001905e-01
-4.908126459565294031e-01
1.212576131242039390e-01
1.347956357449905385e+00
-1.479954965924711763e+00
6.992882578204552280e-01
1.099758574253051568e+00
1.597886468702717888e+00
1.147267496351256133e+00
1.162703081381679937e-01
-3.940870284945403035e-01
-2.301702643053266384e-01
1.159956718225990890e+00
-1.965063138311040902e-01
1.061506134920773725e+00
-1.350450247625740285e+00
-1.599141697646089488e+00
1.162703081381679937e-01
-1.802163384480657271e+00
-3.569959362896554800e-01
1.075222956485180764e-01
1.036001033626369416e+00
-5.010386434128380473e-02
4.892847656186573024e-01
1.267690847249242303e+00
1.162703081381679937e-01
-4.400454422382071851e-01
-6.603680186238635175e-01
1.129382204517427324e+00
-9.543434650576088085e-01
2.025957382417183095e-03
1.849042144576659163e+00
-1.154131413668000317e+00
9.823244865978399964e-01
3.071597432999486621e-01
-7.154289109031712890e-01
-1.396410810165452210e+00
1.071048977026266780e+00
-7.950119826394942413e-01
6.213930964926378531e-01
1.509566347121693575e+00
-1.697494107613056080e+00
1.162703081381679937e-01
8.676190722938623701e-01
3.071597432999486621e-01
1.609835083013188006e+00
-4.908126459565294031e-01
2.997875660959714236e-02
-9.916199868033837017e-01
1.213888859193093417e+00
8.066170833716286293e-01
8.066170833716286293e-01
-1.040992495355446135e+00
-8.045427903879608100e-02
5.328856491252660366e-01
-6.603680186238635175e-01
-1.052115701318940610e+00
-1.367577227240419191e+00
5.118401254825172275e-01
-1.531118871144037386e-01
-5.643888021354129814e-01
-4.127665044388786342e-01
5.542450374118322864e-01
-2.639966898241481452e-01
4.496025471550565977e-02
-1.241065029708517814e-01
-9.543434650576088085e-01
-3.629063848878614617e-03
-6.603680186238635175e-01
1.297944396744566742e+00
-5.643888021354129814e-01
-9.916199868033837017e-01
1.263006504416818165e+00
6.367901493732218698e-01
1.058780320097977068e+00
-5.860672258552040992e-01
-1.800355716556296226e+00
1.025272903538986702e+00
-3.416124906279063289e-01
-8.970837389810618623e-01
-9.543434650576088085e-01
1.183694249905296259e+00
-4.401853821861085314e-01
-1.297316836778017013e+00
1.256333912134324771e-01
6.114154297002214467e-01
4.257200483696368942e-01
-1.965063138311040902e-01
2.644808071977017283e-01
1.162703081381679937e-01
1.099758574253051568e+00
1.280619394487679363e+00
-7.950119826394942413e-01
-6.677034879290315583e-01
6.556205881685088777e-01
2.917046236686312577e-01
-6.603680186238635175e-01
6.926440761891206055e-01
1.751974884497898288e-01
-6.192569574517816644e-01
1.452623769976234325e+00
5.679348461877664622e-01
2.043640056357240553e+00
6.556205881685088777e-01
9.823244865978399964e-01
-4.400454422382071851e-01
-2.368608987456996662e+00
2.334869089027533928e-01
1.230202840255009145e+00
-9.299972289249528457e-01
-1.052115701318940610e+00
4.491743011396343577e-01
7.816182160737397133e-01
7.334212847849093109e-01
-3.858302748425017636e-01
-9.111131398344339827e-01
8.463919461176406811e-01
-1.241065029708517814e-01
-4.350364259401053035e-02
1.449810744264846907e+00
-7.807369318332920693e-01
3.681672968912281241e-01
1.003313157046476389e+00
2.395220733650780809e-01
-1.479954965924711763e+00
-1.241065029708517814e-01
3.011112905260249772e-01
6.266562843556034990e-01
-3.562256756567622890e-02
3.511321400914668711e-01
6.103309886923815597e-01
1.162703081381679937e-01
-2.677871478971244112e+00
-2.301702643053266384e-01
8.691273612979824037e-01
4.851704984432033685e-01
6.276521941370148960e-01
1.070477444438307169e+00
8.066170833716286293e-01
-1.241065029708517814e-01
-2.206153890584818811e-01
-1.367577227240419191e+00
-1.262537973539805902e+00
1.659093635128962685e+00
-8.442767209824471042e-01
-6.786706074500242769e-01
-5.643888021354129814e-01
-3.831870319335119457e-01
5.662402722626088680e-01
-9.148697052447967160e-01
6.276521941370148960e-01
-4.908126459565294031e-01
3.674029392177065034e-01
5.542450374118322864e-01
-5.734547902661031316e-01
3.511321400914668711e-01
-1.367577227240419191e+00
1.558193505628159385e-02
9.559503361731195303e-01
-1.491970813267070456e-02
1.267690847249242303e+00
-1.241065029708517814e-01
6.926440761891206055e-01
4.496025471550565977e-02
8.642335578006983265e-01
2.452860376521429076e-01
1.684750961103830047e+00
1.212576131242039390e-01
1.849042144576659163e+00
3.651613171666217572e-01
-2.577657303204651251e-01
9.075396934692573359e-01
-5.136314496607935487e-01
1.213888859193093417e+00
-4.485326053138867231e-01
3.681672968912281241e-01
-6.349817863977625931e-01
7.334212847849093109e-01
2.305688684748928019e-01
9.823244865978399964e-01
3.387049627280239728e-01
-6.674299392794577068e-01
2.461112403657392367e+00
8.712161748776497960e-01
6.634412569418005612e-01
1.617651374584290647e+00
1.344705684767433240e+00
1.483786531081328519e+00
1.301681532450589041e+00
-1.531118871144037386e-01
-1.241065029708517814e-01
-2.301702643053266384e-01
9.842654092073080951e-01
-1.566460079103818570e-01
-4.796408717261010923e-01
-9.543434650576088085e-01
1.025272903538986702e+00
-1.234976961864483025e+00
5.261643785279079832e-01
-6.603680186238635175e-01
7.650584172902374913e-01
-4.238793373943481879e-01
6.556205881685088777e-01
-1.052115701318940610e+00
-7.651821461951370251e-01
1.213888859193093417e+00
-3.831870319335119457e-01
-1.557483401599372819e+00
2.142268829430972410e+00
-1.585569029470537128e-01
6.556205881685088777e-01
-6.603680186238635175e-01
-1.178795677024332189e+00
9.855435421455848166e-01
6.114154297002214467e-01
1.162703081381679937e-01
-7.152445441655479463e-01
-1.234976961864483025e+00
4.053749929243932737e-01
6.114154297002214467e-01
-9.543434650576088085e-01
-5.282710194384956370e-01
1.099758574253051568e+00
1.234462606640841509e+00
1.671939933355850672e+00
-1.262537973539805902e+00
1.146939122500446384e+00
-1.073203767989729718e+00
-1.531118871144037386e-01
-7.651821461951370251e-01
4.697904274769588162e-01
1.038460626325940606e+00
-2.639966898241481452e-01
-6.674299392794577068e-01
7.239532928598868544e-01
-1.798367001170613433e+00
2.997875660959714236e-02
-7.383799885450069711e-01
-1.723497005300653750e+00
1.617651374584290647e+00
-3.562256756567622890e-02
9.503149214079751328e-01
7.739411256015001905e-01
-1.154131413668000317e+00
-1.233571730233829156e+00
1.453406136417914607e-01
8.553038390257537982e-01
-1.337866822089265328e+00
1.948876212074965031e-01
5.775317634722438864e-01
-1.479954965924711763e+00
-4.908126459565294031e-01
1.053054129465802180e-01
2.359755686076550271e-02
