1.035633672390321713e+01
1.086301349142939543e+01
1.167672963311473744e+01
1.007817015994661958e+01
1.134608138273018341e+01
1.074725523976535868e+01
1.127448813897934699e+01
1.130428922858589580e+01
1.050202757744766657e+01
1.056468523254703307e+01
1.078329483368337627e+01
1.086301349142939543e+01
1.128989150867912272e+01
1.031604295118653347e+01
1.022948295089911674e+01
1.018841717226376709e+01
1.017898083922072061e+01
1.035096470376599598e+01
1.040177997558136447e+01
9.135222125259391035e+00
1.044889791558406955e+01
1.035096470376599598e+01
1.135047717372664167e+01
1.058324273191002085e+01
1.061186586167958446e+01
1.015678386205199857e+01
1.027166057786331699e+01
1.166468206916235140e+01
1.011706423463967042e+01
1.167672963311473744e+01
8.922156568247705977e+00
1.035374640360938336e+01
1.074725523976535868e+01
1.163015951460038977e+01
1.163465839939285118e+01
1.078329483368337627e+01
1.040177997558136447e+01
1.138370497843102136e+01
1.138760713481292086e+01
1.146688817159912688e+01
1.066671112655001252e+01
1.064677105829309767e+01
9.135222125259391035e+00
1.167672963311473744e+01
1.021835365733752177e+01
1.054646832605408413e+01
1.138370497843102136e+01
1.035374640360938336e+01
1.142060641455044134e+01
1.027166057786331699e+01
1.074725523976535868e+01
1.064677105829309767e+01
1.037338313832797887e+01
1.165213546831675728e+01
1.142060641455044134e+01
1.127448813897934699e+01
1.062654094742875976e+01
1.163446602998879698e+01
1.061186586167958446e+01
1.042902063529543000e+01
1.016274449982311623e+01
1.101512220207865056e+01
1.023278564957295167e+01
1.029021807722630477e+01
1.004846543710762496e+01
1.067457451940074087e+01
1.043548903649167414e+01
1.120310642961936054e+01
1.056998883674567935e+01
1.050202757744766657e+01
1.056468523254703307e+01
1.069480463026507877e+01
1.050456694006832237e+01
1.068979172254555543e+01
1.076520910111098495e+01
1.105753888476919045e+01
1.137165741447863532e+01
1.125486913642681053e+01
1.004846543710762496e+01
1.077543144083264792e+01
1.061186586167958446e+01
1.172608101805193925e+01
1.045286878704288114e+01
1.119550472065227353e+01
1.044442106541457349e+01
1.134608138273018341e+01
1.166468206916235140e+01
1.035421506369743305e+01
1.132333672744266728e+01
1.024356707414825074e+01
1.165213546831675728e+01
9.885873238161728693e+00
1.101086795774644678e+01
1.047926313130872700e+01
1.096127956384284907e+01
1.067599133321164118e+01
1.056468523254703307e+01
1.074725523976535868e+01
1.129617973585165203e+01
1.134690639067313889e+01
1.064677105829309767e+01
9.498973730817951378e+00
1.128116052706990224e+01
1.011035810114643319e+01
1.083425381527040443e+01
1.170280887824180027e+01
1.040177997558136447e+01
1.122867811787732606e+01
1.084278338056505753e+01
1.074725523976535868e+01
1.163015951460038977e+01
1.108246608878297756e+01
1.060347284277435875e+01
1.069166720162793993e+01
1.064677105829309767e+01
1.139145144163839873e+01
1.072702512890102078e+01
1.050202757744766657e+01
1.039534860745056477e+01
1.073991726337920483e+01
1.037386771523851614e+01
1.139523729865427271e+01
1.054445512168269516e+01
1.022225855102080239e+01
1.011995262596353484e+01
1.012777975718528722e+01
9.692300507295916745e+00
1.158201542048851707e+01
1.064677105829309767e+01
1.138370497843102136e+01
1.013533148040424514e+01
1.116255533554515367e+01
1.004065805639336162e+01
1.074725523976535868e+01
1.015587326090035347e+01
1.126832603734760596e+01
1.074725523976535868e+01
1.061186586167958446e+01
1.151610291230137406e+01
1.069480463026507877e+01
1.180601997458571617e+01
1.091886521038839852e+01
1.040812602422362154e+01
1.041058339156838919e+01
1.031731004920684924e+01
1.138760713481292086e+01
1.096901598789535548e+01
1.014348820408342178e+01
1.047139973845799865e+01
1.020900292276395049e+01
1.156223898008032691e+01
1.051050028986399987e+01
1.084103642036025938e+01
1.133258532860598855e+01
1.124636531335014844e+01
9.481937284867663962e+00
9.588405006199556269e+00
1.020555007748738596e+01
1.126048803545925558e+01
1.035374640360938336e+01
1.045423058508164438e+01
1.053012108116273282e+01
1.169198876029107659e+01
1.078329483368337627e+01
1.051050028986399987e+01
1.137572951801069898e+01
1.042130675235985571e+01
1.015139641073085741e+01
1.024356707414825074e+01
1.028235468437557643e+01
9.742775736926061469e+00
1.167277022742960213e+01
1.035374640360938336e+01
1.031044818809064267e+01
1.108521567853880541e+01
9.742775736926061469e+00
1.047385520012617732e+01
1.070650875944617830e+01
1.137572951801069898e+01
1.138760713481292086e+01
1.164350182841035597e+01
1.139850118787770938e+01
1.135482051744532228e+01
1.078329483368337627e+01
1.049027017899966197e+01
1.041060208119292163e+01
1.071916173605029243e+01
9.498973730817951378e+00
1.133713485991667547e+01
1.017948991444592366e+01
1.033443931608627153e+01
1.060347284277435875e+01
1.053515193553934814e+01
1.072702512890102078e+01
1.045228445826530184e+01
1.140263126224447987e+01
9.242366430713394365e+00
1.096901598789535548e+01
1.077543144083264792e+01
1.060347284277435875e+01
1.179346003993973824e+01
1.140978422355808597e+01
1.056712306194340911e+01
1.035583603660438001e+01
1.139549615650564363e+01
1.030653649475597611e+01
1.025143046699897909e+01
1.060347284277435875e+01
1.061186586167958446e+01
1.074725523976535868e+01
1.099239917435606806e+01
1.080352494454771417e+01
1.043224737384575285e+01
1.035096470376599598e+01
1.167277022742960213e+01
9.295380351515841966e+00
1.040177997558136447e+01
1.061784156347818708e+01
1.168447609632211481e+01
1.016498277795892768e+01
1.024356707414825074e+01
1.044415674207973233e+01
8.974762137433874187e+00
1.176860878207588179e+01
1.060347284277435875e+01
1.124553578671091536e+01
1.040177997558136447e+01
8.922156568247705977e+00
1.078329483368337627e+01
1.045423058508164438e+01
1.050202757744766657e+01
1.042835613508795944e+01
1.031044818809064267e+01
1.031044818809064267e+01
1.161299388057660309e+01
1.140154385949503002e+01
1.046443095799752854e+01
1.074725523976535868e+01
1.090489051636330053e+01
1.066671112655001252e+01
1.129457131894202426e+01
1.054975872588134145e+01
1.015139641073085741e+01
1.147074394887573234e+01
9.692300507295916745e+00
1.051050028986399987e+01
1.139145144163839873e+01
1.064677105829309767e+01
1.080352494454771417e+01
1.059514097886652984e+01
1.074725523976535868e+01
1.011429309262054055e+01
1.015139641073085741e+01
1.050202757744766657e+01
1.132798575103025840e+01
9.546740623007135440e+00
1.122453240797831597e+01
1.164350182841035597e+01
1.105498798434527252e+01
1.122807173124851765e+01
1.163015951460038977e+01
1.063209597254392236e+01
1.080352494454771417e+01
1.013943128842918462e+01
1.010723797668917889e+01
1.167348953339620188e+01
1.138760713481292086e+01
1.136334746203662505e+01
1.048952828776642043e+01
1.140263126224447987e+01
1.133610870580750785e+01
1.060347284277435875e+01
1.133713485991667547e+01
1.011805125270645433e+01
1.024356707414825074e+01
1.136352457996240872e+01
1.054445512168269516e+01
1.052168404073371555e+01
1.074725523976535868e+01
1.135911081363304298e+01
1.135230041640553367e+01
1.151610291230137406e+01
1.008167374920222237e+01
1.045635116114229390e+01
1.011510136953990724e+01
1.054445512168269516e+01
9.295380351515841966e+00
1.061186586167958446e+01
1.101157034633478382e+01
1.115887136808675528e+01
9.135222125259391035e+00
1.158707151493514331e+01
1.090489051636330053e+01
1.137165741447863532e+01
9.535391085397108668e+00
1.049949324217306490e+01
1.008948392279413930e+01
1.166055451708659874e+01
1.124806262928779965e+01
1.064677105829309767e+01
1.060527672065199489e+01
1.021686631561467884e+01
1.155262792584777642e+01
1.137572951801069898e+01
1.036233335029346314e+01
1.134057685798631709e+01
1.071916173605029243e+01
1.064677105829309767e+01
1.132963637515188182e+01
9.640775871943118247e+00
1.139523729865427271e+01
1.113425008415290662e+01
1.108246608878297756e+01
1.060347284277435875e+01
1.126067106355457881e+01
1.072702512890102078e+01
1.021245730740761459e+01
9.742775736926061469e+00
1.038154986471702657e+01
1.029021807722630477e+01
1.031044818809064267e+01
1.064677105829309767e+01
1.049014954812306044e+01
1.066671112655001252e+01
1.061867755457803142e+01
1.037511849658622687e+01
1.044442106541457349e+01
1.152944086605276830e+01
1.015139641073085741e+01
1.069480463026507877e+01
1.035374640360938336e+01
1.047139973845799865e+01
1.038154986471702657e+01
1.078329483368337627e+01
1.113089595330139403e+01
9.692300507295916745e+00
1.056998883674567935e+01
1.113425008415290662e+01
1.066671112655001252e+01
1.067457451940074087e+01
1.019179811078121745e+01
1.161166351278011000e+01
1.025143046699897909e+01
1.064677105829309767e+01
1.135911081363304298e+01
1.139145144163839873e+01
9.481937284867663962e+00
1.062654094742875976e+01
1.037119481463033388e+01
1.049027017899966197e+01
1.035096470376599598e+01
1.033825187920089839e+01
1.049980074920465611e+01
1.047251456912963974e+01
1.056603873971129204e+01
1.042835613508795944e+01
1.054923454547811623e+01
1.137572951801069898e+01
1.017837508377428257e+01
1.049949324217306490e+01
1.159728283272105109e+01
9.295380351515841966e+00
1.056468523254703307e+01
1.164784517212903658e+01
1.005794004908228167e+01
1.103451443436052237e+01
1.127196407397673106e+01
1.018623847662501092e+01
1.132333672744266728e+01
1.007532024841371587e+01
1.042866780471973165e+01
1.054975872588134145e+01
1.064677105829309767e+01
1.072702512890102078e+01
1.123244156447963604e+01
1.047351967334056333e+01
1.055726953258358414e+01
1.080352494454771417e+01
1.122807173124851765e+01
1.167672963311473744e+01
1.029718179190275329e+01
1.074725523976535868e+01
9.449751082242345390e+00
1.070333090560954936e+01
1.054445512168269516e+01
1.090489051636330053e+01
1.084278338056505753e+01
1.042835613508795944e+01
1.069480463026507877e+01
1.169198876029107659e+01
1.032002963622852043e+01
1.141733187138617112e+01
1.054445512168269516e+01
1.074725523976535868e+01
1.164543365142454867e+01
1.101512220207865056e+01
1.136334746203662505e+01
1.060347284277435875e+01
1.137478332294434402e+01
1.167672963311473744e+01
1.131180228509065344e+01
1.136334746203662505e+01
1.080352494454771417e+01
1.133062651768061002e+01
1.133713485991667547e+01
1.023709642647901674e+01
1.130425817803733501e+01
1.061867755457803142e+01
1.121497683863261585e+01
1.166875417269441328e+01
1.054975872588134145e+01
1.084278338056505753e+01
1.047913772738990090e+01
1.017250567610156686e+01
1.051050028986399987e+01
1.164784517212903658e+01
1.024775413985180705e+01
1.170280887824180027e+01
1.045423058508164438e+01
1.067599133321164118e+01
1.177478651948037758e+01
1.018623847662501092e+01
1.139523729865427271e+01
9.428246779943105338e+00
1.135482051744532228e+01
1.167277022742960213e+01
1.069622144407597908e+01
1.117771929419201626e+01
1.135047717372664167e+01
1.093942118365602312e+01
1.038217684492516213e+01
9.592848583478012614e+00
1.071916173605029243e+01
1.078329483368337627e+01
1.040540786933825856e+01
1.138102555319846765e+01
