5.818090603804515482e-01
5.735217339862700436e-01
-2.841043657596615812e-01
-1.456169448659412335e+00
-1.552448375715534956e+00
-9.924009485197472502e-01
2.429790732048742463e-01
6.993690280386167801e-01
3.850620593488273125e-01
-2.261058839932678310e+00
2.969856617236218965e-01
1.104012069991850309e+00
1.561212074304796915e-01
1.182751623125703588e+00
-2.622730003997961190e-01
8.085988320765788995e-01
2.944354717964334789e-01
2.438828820325680713e+00
-1.414312948106162704e+00
-1.373217684084020451e+00
-2.967605868691940429e-01
-7.154240255284891603e-01
4.848936474619379711e-01
2.333612655219299281e-01
1.985742802427903797e+00
-6.960253529798260397e-01
2.621482818034653328e-01
-5.511676807433355529e-01
2.780107331714199992e-01
-2.234207913820621672e-01
-1.177860795952529571e+00
5.588113785056216809e-01
9.085482254182798423e-01
-1.854124801345773399e-01
1.125079242295082604e+00
2.244178582523307375e-01
-3.842352043185832677e-01
-8.732644076366233299e-02
-4.207584191560028580e-02
-6.926372535452630652e-01
-8.883750126322061125e-02
-1.127872641204267223e+00
-5.491504559280729891e-01
1.090742706402985318e+00
-2.548179472113309418e-01
-4.979534867874645387e-01
7.511513639163112099e-01
1.505896754582320973e-01
4.963427290941568176e-02
9.626719878021164356e-02
-5.828367877828654064e-01
-4.031768938533459301e-01
2.174721150251499868e-01
1.052950853133125975e+00
9.613716787548245435e-01
-1.739765291579601802e+00
-6.198936571276209007e-01
-2.070538844492592345e-01
1.657223894490923888e+00
2.287719942594306499e-01
3.294982712836186378e-01
1.346045980239293005e+00
-2.457826840232303356e-01
3.855035880993845088e-01
3.824783157644482401e-01
1.628743342035451125e+00
2.376038672751237701e+00
-1.084226082711913675e+00
5.626345215110140074e-01
2.490892992408768603e-01
-2.489433269225053702e-01
-1.002489538180438178e+00
-1.606554856023872047e+00
-5.799572687657325032e-01
-1.664969536970284825e+00
1.170568918420547971e-01
2.184067747321500885e+00
2.985903663278818843e-01
5.829664617425741602e-01
1.346089151737901224e+00
8.709269173740720182e-01
-4.544836592076400006e-01
1.399977185751323239e-01
5.772586856517147869e-01
8.636074585402095383e-03
-6.643383552973894934e-01
-9.126252203873145286e-01
-2.693665743872077356e-01
3.399110729161061162e+00
1.652623410517516378e+00
3.630722526249842153e-01
8.088341229345382688e-01
1.532753883233531622e-01
-1.221934114871022992e+00
-1.089632117914846932e+00
-6.894100374036565837e-01
1.534712969516503822e+00
8.329981734268592231e-01
2.183250734435793650e+00
-1.939643887810679868e+00
1.099735171485130697e-01
-8.232230256885483266e-01
-6.656749084046291731e-01
1.056438495574362868e+00
1.155482642915037994e+00
-9.554823358686230783e-01
6.283472255384442429e-01
-2.569841703369091235e-02
-1.119703099945169367e+00
-3.896464788519940492e-01
1.999715636189899559e+00
-4.904901625697646317e-01
-2.305428147680545214e-01
-4.263087795167649907e-01
4.113002246110369908e-01
-1.067533339742055443e+00
9.778656780660453796e-02
4.172514350036362618e-01
1.828460582873356888e+00
-6.880612407410668929e-01
-9.359533235271335627e-01
2.455885077826463342e-02
-6.265416167923919255e-02
2.799532201299283485e-01
-6.577977384096154179e-01
-3.944195177944313790e-02
2.203816024719778555e-01
8.429966327043429963e-01
1.375301966386557551e+00
8.268486084471440845e-02
8.744052005381756087e-01
1.353285676928955183e+00
-6.498153327913447352e-01
-8.871931586965647876e-01
-4.181047114903036488e-01
-3.275552112189254461e-01
1.706871640516304467e+00
8.373090495086067397e-01
-1.977566475633260490e+00
1.174019680822377287e+00
7.546600400642059503e-01
2.270065465709217647e-02
-1.422381046077425326e+00
-6.107705724567311645e-01
1.101959487747082855e-01
-1.586339715490852731e+00
-1.226800240016439503e+00
4.054524129838508184e-01
3.655938484541819133e-01
5.505803813636832994e-02
-8.826860441919280598e-02
-1.108045278873209583e+00
-2.310115479343354816e-01
2.753482829364676476e+00
-5.115988710122180150e-01
9.914173616245855469e-02
-7.397548722140721011e-01
3.201035026604523437e-02
-1.354034549486151096e-01
-8.536718591459839800e-01
4.136010338370647577e-01
-1.351302852388953646e-01
1.689890606691818731e-01
-5.519954548562273633e-01
1.018554996602124785e+00
2.718270598180221764e+00
2.485381656854543930e-01
-9.434849434736958251e-02
-6.305665120305200544e-01
6.562198389196778614e-02
4.058017056320952776e-01
3.197278693493246671e+00
3.976246721251598948e-01
-3.135293661216501659e-01
-1.243665983993322621e+00
-3.140971631816899534e-02
-5.793620616266467183e-01
8.089963215190154600e-01
3.356350230485917852e+00
1.038987477256971409e-01
-7.243164184713180020e-01
1.232129818582941017e+00
-3.162031950728393381e-01
9.809282802346782626e-01
-1.171202454008838822e+00
6.047009704402648289e-01
-4.183662563491311048e-01
-1.853088721542811568e-01
7.891596751637945939e-01
8.668763492076879684e-01
-1.817730571975415765e+00
4.179415682549355582e-01
-1.411090430683325792e-01
-1.942937643592666797e-01
9.000392852538409150e-01
-2.234775188365052401e+00
-1.783552497231858824e+00
5.033461701090600204e-01
2.164811745818041810e+00
1.588090665331467255e+00
-1.447702136116543192e+00
-1.649103151212517604e+00
-8.115578893953120931e-02
5.078190510986597267e-02
5.936390055039941771e-01
5.311672349497743584e-01
3.813290732661823723e-01
8.122709428466303727e-01
-3.345158454169956941e-01
8.631925464829913741e-01
1.004848312620615580e+00
3.020322240520110668e+00
-9.885070330363668889e-01
5.335193860368742103e-01
-5.038848941119843383e-01
-8.903384993020487803e-01
-1.135827931066330843e+00
-6.706894872712140798e-02
-1.932494034029498542e-01
-4.047918759408725697e-01
2.274753993173382893e-01
-1.328247274762542895e+00
6.721429568957654199e-01
-1.260518544496804338e+00
-8.632024657172934767e-02
1.126339845939546835e+00
7.839122843639104721e-01
1.467558629393503622e-01
-1.567257881185260660e+00
1.871818124177040965e-01
1.736930865419983039e-01
-2.261818065418681467e-01
9.875458255554485643e-01
-4.685900563593256574e-01
-1.107890228279328149e+00
2.551639179070617769e-01
-1.139358375293407333e+00
-8.942225444474283247e-01
1.056157960992635925e+00
9.533295310255516242e-01
5.595544684922325596e-01
-9.985900840607064843e-01
1.874922778490323294e-01
-1.552356192264843782e-01
3.050984398882851112e-01
1.766662240606590384e+00
-6.896274040928060955e-01
-1.044654700603488529e+00
-1.126111049419020738e-02
-5.771366395460246768e-01
-1.667398098583221744e+00
-3.483065488586628566e-02
9.503925533768847744e-01
1.244063302337499594e-02
3.691301999972371878e-02
9.027437045980844788e-02
-1.030844429060875145e+00
2.085617836329477504e-01
5.298622898141738258e-01
-2.740720761023197616e-01
-4.691080610835063336e-01
1.275294849906376760e+00
1.056958848006418261e+00
-9.526725427499568299e-01
-2.446673016606868700e-01
-7.851373165937945986e-01
1.281693206491582249e+00
-1.611203679586969972e+00
-3.877300129839077875e-02
4.423279660238683686e-01
-1.116826150529003137e+00
-5.801764728487568412e-01
-5.452224446806990255e-01
-9.471995810111967229e-01
1.656951179073386626e+00
1.283394257687765050e+00
1.248428772002961734e-01
6.487277934010120262e-02
5.105740332104744539e-01
1.195967303064993992e+00
-3.698038436312449107e-01
-4.960315537445617040e-01
-2.285349114528484049e-01
-1.878561205957632430e+00
-7.554089330315962858e-01
1.032565032599792376e+00
-5.242432545667797816e-01
1.619666796253046159e-01
-8.746757579999188126e-01
3.395181014645180184e+00
-9.276936057523723633e-01
2.053634338638676837e-01
-2.298021682280095845e+00
1.270289639698399687e-03
-5.770227899056818988e-01
-1.114953869581857826e-01
3.151995348807460906e-01
-8.221785562844707851e-02
-2.106483147588759930e-01
7.836861573596641817e-01
2.425639852426062504e-01
-9.985405203723328738e-01
-3.037757451092383820e-01
-1.470104481810655228e+00
-2.245633783197883981e-01
7.187561912092395033e-01
9.332146679355489693e-01
7.911887080350451518e-01
5.090585537191456567e-01
-9.214028162374948705e-02
-2.953528428482845580e-01
2.932657122169341601e+00
-8.187003418957157219e-01
1.992092242280057324e+00
4.479575354460343939e-01
-5.847907814451393238e-02
-5.834620254131881456e-01
2.164646111037356935e+00
4.339906702734834809e-01
2.752278089599141109e-01
2.849346889207011665e-02
1.070288189926164479e+00
-1.192029269106594569e+00
3.035454835030101384e-01
3.176079304149262983e-01
9.157869779015478384e-01
8.034234232034099810e-01
4.963234548760214193e-01
-8.157850656651088883e-01
1.288639265816551083e+00
5.294265681863645767e-01
-1.039815813220470009e+00
-1.023094434661083324e-01
7.170757277489322457e-01
-8.126100661232651401e-01
4.511241913731077469e-02
1.653565047935767474e-01
-2.466712575444064692e-01
4.287654197675418444e-01
1.201252413569760424e+00
5.440698508669428168e-01
3.961035338822422314e-01
-1.222030149640717545e+00
9.870069127415699306e-01
9.224920784900720871e-01
-5.895530500095788051e-01
-1.686941090011607469e-01
4.178521730048127547e-01
-1.111878663941765932e+00
3.626019164721401289e-01
1.199459599431527801e+00
-2.319762644334603663e-01
9.372955110296181669e-01
4.834030408616202812e-01
-9.927313801511847835e-01
1.779794073529576304e+00
-3.403328352170221782e-01
-3.452125116975081620e-01
-8.804654011768160426e-01
-6.237335561025794117e-01
1.097718960086174755e+00
2.874704985643059540e-01
-5.482136327244702123e-01
9.219682527831318808e-01
7.899358651822316890e-01
1.720078052308495309e+00
-5.701512960687151743e-01
-5.180922835007573113e-01
-1.427343983135511696e+00
-1.155188625425329407e+00
9.282048986496502230e-02
-3.487574459762703971e-01
9.567868875662735029e-01
8.147208012934691324e-01
8.851988036015698835e-01
-9.577828355262323345e-01
-3.645650984411117346e-01
1.225184335374049915e+00
4.470247477562391270e-01
1.961707324942414843e+00
-5.025704891688417275e-01
1.921297151304916517e-01
1.920308842505741298e-02
2.670302959172627499e+00
8.591616709508362315e-02
-3.345718572772227173e-01
-8.202503591564613838e-01
2.864964030095523917e+00
6.604286790714389843e-01
-7.116049776074630240e-02
-8.047029883256990868e-01
-1.120053514431843089e+00
7.972404470769111073e-01
-2.248469682338147813e+00
1.200319331423951752e+00
9.222037986363536000e-01
1.412344694957284527e-02
1.220239241895035853e+00
-8.038674109379206900e-01
-5.250934705999232843e-01
-2.291763228923750173e+00
8.117844561270182169e-01
6.258996230677461581e-01
2.807838663543505975e-01
-6.452967987639263159e-01
7.277366695256460849e-01
-9.444939925586881557e-01
-1.091360360490050141e+00
-8.899464851186514314e-02
9.816599725647049413e-01
9.972507789849682433e-03
6.435105047045891480e-01
-7.209475566650236367e-01
-5.020731225545348175e-02
-1.018371999993940902e+00
-3.451944351293133595e-01
-1.100253406373740139e+00
-1.167038514039514807e-01
1.060140996937456448e+00
2.352575969689451596e-01
1.009077885429307431e+00
1.232735379198178549e+00
1.729354893471479304e+00
-3.866586613942811224e-01
3.761691866734751533e-01
-2.080317098154332578e-01
-7.093907356251920315e-02
-1.225577940875738348e-01
-9.822157340905270928e-01
2.408307791165129885e-01
-3.972291218771439314e-01
1.067633189769799096e-01
1.432979399784766850e+00
-4.400412951260929822e-02
-9.346379814656159413e-01
1.923403244648295374e+00
