3.210978280443610444e-01
1.237474633821663561e+00
3.288460983442852981e-01
9.168395392031725155e-01
-2.387038169165156265e-01
-1.822957501713935446e+00
2.018446422772038340e-01
1.419020768506674468e+00
5.484166454157717308e-01
-1.539483484841998040e+00
-1.418026746907053992e+00
-2.841364584345489885e-01
9.304192322124226200e-01
1.795130231517302333e-01
1.102110657360776541e-01
-5.514035625945893360e-01
-5.422391962462769222e-01
1.588951356526858483e+00
-1.186453860238220415e+00
-6.667284394780972345e-01
-5.885207518439689034e-01
-8.372644451787807363e-01
7.960331244462206524e-01
-3.999565573065682472e-02
1.782426336937627864e+00
-7.580456833567286168e-01
7.459960514626451378e-01
1.333276979824337127e+00
6.511766332917399980e-02
4.726479306353599252e-01
-1.336322314332268613e-01
-1.767408367408054737e+00
8.786700607059988455e-01
4.636119775140040700e-01
-6.888110040926301858e-01
-1.219427206917574474e-01
3.188578088244665154e-01
1.157705328494955221e+00
-2.978226728427072478e-01
3.158159589659616184e+00
-2.430220185075008532e-01
-1.476187449814419239e-01
-8.507373244993563510e-01
-6.800080222922005868e-01
4.221860928376077737e-01
9.299795569620938895e-01
1.271938947164596101e+00
4.411443313150628098e-01
-8.017338999714200831e-01
1.053900070692753294e-01
-1.520754139952161799e+00
2.272639351935427376e-01
1.687676746647656656e-01
1.587604271324034366e+00
1.321642599008868046e+00
-7.995415031882888712e-01
3.514220483194066436e+00
5.048763615200774213e-01
1.463598126612363881e+00
-1.883087453334020722e+00
7.675373474545799102e-01
1.201355536613536890e+00
4.769153476352422372e-01
-7.468233044383933983e-01
9.920372963070013261e-01
1.090564229131259832e+00
-7.923000090287633801e-02
1.342929624597434479e+00
-1.377439612165510141e+00
4.050158496760708493e-01
1.171241207671903511e-01
-1.484268604880120135e+00
-1.528983112341511630e+00
-3.256584948004520030e-01
2.384681560627203989e-01
5.076656335392870645e-01
-1.574258074605899838e+00
-1.472671937094754746e+00
1.833785330671575675e+00
6.198103365023953648e-01
4.526625566206842755e-01
1.138435455901017357e-01
-7.145636777366369541e-02
-6.196134881281447626e-01
7.040603835806754640e-01
-1.182642012686982574e-01
-1.747660446922181254e-01
-7.672414345263125490e-01
-1.633408898527250602e-02
4.230188999946100092e-01
4.130862272625984155e-01
1.431646295242968159e-01
-5.887584403425047963e-01
-9.863968755975661695e-01
9.158119409132710054e-01
3.336663848187416681e-01
1.171241207671903511e-01
-8.592198804953561364e-01
1.607630292100390657e+00
-1.298159088758776614e+00
1.084424270932546203e-01
-6.309304412434958709e-02
3.214668609022397483e-01
7.904958279031716328e-01
3.655855589549897311e-01
3.758117812605631936e-01
9.095752614255785407e-01
-1.026277047499076112e+00
-1.517399490874693224e-01
-1.624965977239362314e+00
4.475949910246960345e-02
-5.678276592354067898e-01
-8.873221292600864674e-01
1.116537083132123964e+00
-3.432960442692005176e-01
2.452742411874224981e-01
1.631948206348841746e+00
-3.903078912516269594e-01
-6.525749510362325312e-01
6.752994581005039576e-01
-6.232247925714384795e-01
6.328581179349555830e-02
9.604900173504102856e-01
3.947855958690545397e-01
-2.016176251956095233e-01
-3.795949417623494804e-01
-2.635659843421835069e-02
1.013277726559915326e+00
7.669416167004264873e-01
-2.025254241577514602e-01
1.245977297347336199e+00
9.259139018009676647e-01
6.833863821733389132e-01
-4.303416231651140400e-01
3.651934843882934656e-01
6.280670605726809130e-01
1.421823168079562327e+00
-1.591470219752633364e+00
-2.442572494887283785e+00
2.568745119106685681e-02
-9.016484382564002864e-01
-4.346586339803718557e-01
-2.763488126752408736e+00
6.430590022473797740e-02
-1.038496378542280940e+00
-2.287000462438864568e-01
-8.695697734297734849e-01
1.561711723248377703e+00
5.013511432221459674e-02
7.958083853624789428e-02
3.259341935478955454e-01
-1.111374017140523085e+00
-1.738523699637201991e+00
5.816694535611063310e-01
-7.821945288470869562e-01
1.046010996640437535e-01
-1.609719836138644999e-01
-2.610322484694319600e-01
1.066579725303000492e+00
-2.364198321491358890e+00
1.533753284448294618e+00
7.753908086715770587e-01
4.662548820758547624e-02
1.447661724250716375e+00
4.808459531631448791e-01
5.880994547529785343e-01
-2.843951654645777150e-01
-6.037923835148847340e-01
7.150004470502774323e-01
-2.429680364571474571e-01
-4.405125251925614410e-02
1.461434373189894442e+00
2.332950178381601458e-01
8.826331864097518576e-01
-2.496417013849128175e-01
-1.156042630891474632e+00
-1.020004473990963945e+00
-7.003620984210252587e-01
-1.000374640570981383e-02
-1.457741049964622393e+00
-6.563215439467462442e-01
6.903944032554799604e-01
-2.515056034200539026e-01
-1.191267811056983872e+00
-1.471690164861380601e-01
-1.715915954147810840e-01
-6.404810045069767588e-01
-3.375084399057493023e-01
1.262902994043240357e+00
1.412908077133684825e+00
1.690567350199090768e+00
4.589317266760262193e-01
-5.052652771491121797e-01
1.693312451005010821e+00
1.161308679214267503e+00
-6.725397707992094576e-01
8.375878042683437830e-02
-7.918770833197812387e-01
3.738934957895889699e-02
5.186782679580309585e-01
7.529325142087567313e-01
-2.179250184007911970e-02
-4.717747870522029929e-01
-1.202549306087539627e+00
2.919796309357081676e-01
-3.177423495431163647e-01
9.228475247104835910e-01
3.708537091842882827e+00
9.851136708064095471e-01
-6.064512103575456781e-01
1.778456210442574514e+00
8.131740103552200782e-01
-7.546531375082780047e-01
1.579053584142375621e+00
-3.687838832617591767e-02
4.332144595416767552e-01
-2.816418256835857004e-01
1.743471971166390688e-01
1.230506519916235997e-01
-8.566168463377946685e-01
6.322337089291971690e-01
2.241529506172197650e-01
5.596083036844893277e-01
-1.207662554170144897e+00
4.092198299403240203e-01
-3.457493595386132990e-01
1.999018715119300349e-01
6.963745620237744571e-01
-7.298303267509491377e-02
8.497216662570763468e-01
-2.580177619106689968e-01
-6.536290266215273592e-02
-7.510278003842360897e-03
-9.223512626053874675e-01
-3.336733684797405508e-01
8.534487706131622942e-02
1.018948364390931255e-01
8.278304210963192133e-01
1.232753110922039763e+00
-2.944051147858922635e-01
1.373556160865418319e+00
5.221990738871495896e-01
-3.599197391665014956e-01
7.160433624471573832e-01
-5.241797725517581830e-01
1.676307228947807815e+00
8.657802676593103763e-01
-1.634513066515617341e+00
5.287440419724178664e-01
-3.278521073767809435e-01
-2.094301632185679107e+00
4.640303106961397583e-01
8.896986252007489382e-01
-3.751538647468532356e-02
-2.347922481856922761e-01
2.854884811950091916e-01
4.882435299014885044e-01
3.168378231119936550e-02
-4.600301403770802322e-01
1.001455934589321695e+00
-4.449011363301763611e-02
7.442932487481329629e-01
-3.213370274005750704e-01
-5.168613081219982641e-01
2.422526926253061874e-01
8.773342445149502344e-01
-1.407646278900729075e-01
-4.119431392840536971e-02
1.544528040523799328e+00
8.130304328237107914e-01
1.813069232291745880e+00
-2.306564066045201922e-01
4.424943738680596761e-01
9.811690370898386027e-01
2.125185691402470045e+00
1.337154746762941881e+00
-1.477026469394550068e+00
2.038081891897717546e-01
1.308455150495645869e+00
7.195255630458388119e-01
-6.237253150461484763e-01
-5.321696915547873274e-01
7.566639687116668567e-01
-9.996163861012552498e-01
1.303252350767789780e+00
2.736314414351632140e-01
4.255201820122729295e-01
-1.853547234791807385e+00
-4.201980542057985879e-01
1.541455192123971862e+00
1.144546941747397184e-01
2.018434316976950860e-01
-3.815276562487860623e+00
-2.295344387301812006e-01
1.648645841546290958e-01
-2.483293937789899930e-01
-2.730594374981417660e-01
1.018672295689543539e+00
6.452457638240244320e-01
8.576781635350695376e-01
-7.643252398682229831e-01
-8.066400090770181608e-02
-1.010880085528732097e+00
-3.089983084669392976e+00
7.865583625599398276e-01
8.068997193495004716e-02
-3.356165481521528049e-01
-4.935827052830037143e-02
2.186887360297282978e-01
1.580757781937996986e-01
8.187914005404892670e-01
2.636857750962540603e+00
-3.519065301216837693e-01
1.621521607073415749e+00
4.819399703653384770e-02
2.218787344350927171e+00
-4.325894447478557114e-01
6.305431477781537897e-01
3.482318265606658136e-01
1.139123749757803727e+00
2.405867312362492960e+00
-6.636985896386896622e-01
3.489679881269982520e-01
-3.338117066806676747e-01
-6.761443311208124030e-01
-1.023817853821867407e+00
1.203438295094554356e+00
1.615732157813020917e-02
3.407560330106617630e-01
1.182519747894389850e+00
1.447785426698400713e+00
-6.608236815109399531e-01
8.112601804228884994e-01
-7.298303267509491377e-02
3.463055266189833392e-01
-4.115780904998625478e-01
-6.617873870664408020e-01
7.590764885226410907e-01
9.439020390222976342e-01
-1.052451601745785226e+00
4.185027718694026011e-01
4.109608882384205297e-01
5.213789144298477396e-01
1.090583098370497606e+00
-6.206264568956305627e-01
4.547528412290876565e-01
-1.226716986095702094e-01
-1.110982372711974558e-01
-4.328245246640349264e-01
3.130507938388997768e-01
2.197825234092754432e+00
-9.229391638074953275e-02
1.187540372282019474e+00
4.236966297263094483e-01
-4.627709241031604387e-02
1.311821446489701781e+00
1.320943995458905840e-01
-4.942274837399096010e-01
-1.760270850573363854e-01
-1.358742292226057247e+00
1.586786060535645637e+00
-8.414170813653963632e-02
7.613743871867925117e-01
-5.512472869658688879e-01
1.247769470957237115e+00
5.937704113875750256e-01
-1.332345575494551237e-01
8.036887828838329417e-01
-3.096313427248955641e+00
-8.965332859370762630e-01
2.356947757330011828e-01
3.774053453072290232e-02
7.971620959434656539e-01
9.633089108656553989e-01
1.171470143045293399e+00
-1.839156156607445247e+00
-4.087172735711955968e-02
-8.119352555052513631e-01
-5.321513433935789461e-01
5.379545222382544484e-02
7.627930100192102936e-01
2.319621550486326012e+00
-1.131458080815433698e-01
-6.178018697500398115e-01
-8.402962190379240082e-02
-1.610956151092596711e+00
4.422050322973005154e-01
1.776288410060353318e+00
-1.103666043407056208e+00
-1.406365573109099598e-01
9.735961285724470393e-02
-1.086715461661667215e+00
-1.273794193418469112e+00
5.645827297367828068e-01
9.378205090233809882e-01
5.467251602921515546e-02
-6.917121115998559056e-02
-1.352374383896165488e+00
-3.201788533471222609e-01
-4.341317229616319384e-01
-1.540330156842365517e+00
-1.899162722438213213e-01
1.357498545911834498e+00
9.084022305621332338e-02
8.535218002982823959e-01
1.381009742193376244e+00
-4.899320324705802587e-01
-3.820201846966582160e-01
-4.625301074330951945e-01
-2.411521687926720600e-02
-3.529022900245851746e-01
-4.168108841672944244e-03
-2.432966670454601854e-01
7.309798082698994171e-02
3.117684848586889726e-02
6.974860277147292287e-01
-3.491130369188230054e-01
1.037137821415130556e+00
1.544056711308207541e+00
-9.700790048811364086e-01
8.170231008007875495e-01
5.314591331916815875e-01
6.797614596515851038e-02
-4.705698844419450855e-01
5.593275232305483513e-01
-6.134795560243659907e-01
-1.471864304067434848e+00
2.153289956641956326e+00
-4.903921960176761963e-01
-9.350702097816935288e-01
-1.147785238480046210e+00
-5.370634641240967788e-02
3.587971545161122155e-01
2.106482880333930385e+00
6.252999462528985308e-01
2.728649835866571727e-01
