-8.210988912751110425e-01
-9.130905236569706318e-01
4.995150627079114614e-01
1.409904999526282232e+00
-5.182645136565572352e-01
-7.699873232729054218e-01
-3.711377931867650415e-01
-8.003215730347676971e-01
1.300611388363481606e-02
1.711158290697781581e+00
8.999350734326704293e-01
1.231367139303007341e-01
-1.491208725555740466e+00
6.861034574350763915e-01
-1.355741483389131474e+00
1.151673905141604948e+00
1.232897989459628363e+00
-1.764618297170571948e+00
-3.804099804431465559e-01
-8.168632972851919138e-01
-8.809552606692915289e-01
-2.070306906590480889e+00
7.747455315032448775e-01
-2.400403086865356528e+00
6.048489741101501505e-01
1.518567626027315542e+00
-1.398955062861922671e-01
1.201009302493227793e+00
1.222066832282244331e+00
-1.426815824659235510e+00
-1.289673197589666476e+00
-7.052803578409074792e-01
9.341422248563853170e-01
-1.296738476567129261e+00
-1.079374346186750877e+00
-2.325644702647579720e+00
-1.654736012803009082e+00
-1.890660856882750082e-02
-4.603803340230367969e-01
1.166827738480418430e+00
-1.290007532368873777e+00
-7.399316647705618255e-01
-2.881176988169769082e-01
-1.197689228717146115e+00
-6.523806983038971108e-01
-8.869741724986388576e-01
-1.367689125857497245e+00
1.359947542741973825e+00
-7.478028540708780980e-02
-1.898663147767474024e+00
1.778577777817434091e+00
1.859168042353707806e+00
1.125117996878668425e+00
-2.151786361409044446e+00
-9.718749469490165493e-01
-2.392784228928651960e-02
1.214944744404243160e+00
1.299092082907258305e+00
-4.531063410642167666e-01
1.635067708633424433e+00
6.485186345954534470e-01
1.069994039065952918e-01
3.183807952527582530e-01
-3.702137191628597890e+00
1.262881037751737878e+00
1.277697027769286509e+00
-1.797854660480768585e+00
1.163214389763176371e+00
-3.317166533883892932e-01
-1.566818797850906275e+00
8.229416267192682932e-01
1.656768927777108269e+00
-1.311516317974092516e+00
1.240333226669852351e+00
-5.256466851875351010e-01
1.245248490284172282e+00
1.185102751107099062e+00
1.462076854623861055e-01
-1.243385574343664368e+00
1.977250541265175299e+00
7.909320692749149728e+00
-1.058352901207100683e+00
1.540501463062004639e+00
-1.023755023147943782e-01
2.111656784390246067e+00
-1.643334971719502269e+00
3.012900445925017934e+00
-1.874021404177928618e+00
2.852192507162943702e+00
2.647853376017960669e-01
-4.706316018552520464e-01
4.412069027793471404e-02
5.913507006024780743e-01
-2.028736174703420048e+00
4.339611136677847258e-01
-2.040183482942319743e-02
-6.448807940673897399e-01
3.282773715627468336e-01
1.402479331398909013e+00
-2.522489580231798145e-01
-1.611797007932472603e+00
-1.149584778687441133e+00
-3.386476506838454470e-01
-1.724705280006517683e+00
-2.104656598181894100e+00
3.848122500823627501e+00
3.256234046578565522e-02
-7.957913303547536898e-01
-4.008774159872282361e+00
-6.712260241588501319e-01
-2.909116713882351490e-01
-5.224353770335075087e-01
1.283098556385929567e-01
-1.667250479793171147e-02
-2.524416693746240337e-01
2.141731222340290230e+00
-2.556716806495110683e-01
-1.160774951600634486e+00
-1.878677295584681772e+00
1.042388853798567050e+00
5.234739529071648079e-01
-1.650932674455230176e+00
-3.231170783591776341e-01
1.538826790316834447e+00
1.050518604946624635e+00
-3.289191975915133348e+00
-1.077560364946236415e+00
-1.314136905319990944e+00
-1.215791453677995904e+00
-1.237201128401939521e+00
-5.902132072034776966e-01
6.872005198595393383e-01
1.149098775057752375e+00
-1.417451365255778084e+00
-1.160089589324686532e-01
7.957686879543321989e-01
1.525364349948759690e+00
-2.341316528763083937e+00
-1.897412278895151516e+00
-1.028250580885750720e+00
8.282437729427798434e-01
2.979978943981880679e+00
-6.109639476183884588e-01
3.920183833511484695e-01
1.569695590075144143e+00
-6.366994140089858867e-01
4.800136240412035682e-01
1.458460962209442435e+00
-2.927613463306560360e-01
-1.458254863620218833e+00
-1.048326657568170006e+00
1.791874246202718401e+00
1.893876321544871955e+00
3.403890696239195268e+00
-2.342100368750033468e+00
1.153730659468223507e+00
-4.309141754205175756e-01
-3.946416631908054584e-01
-5.420285765944300449e-01
-4.279842710522565596e-01
1.747073110427224352e+00
6.182991120920585670e-01
-5.465876563352040952e-03
1.576341746321588522e+00
1.277497000834364016e+00
3.285822422929324027e+00
2.233333683989001006e+00
1.521640996043558625e+00
-8.148280569582138089e-01
5.739484456621516545e-02
-1.726833675083061070e+00
9.812344070104870308e-01
1.183033684143591335e+00
1.144435166826963002e+00
-2.345937123362711318e-01
-1.474038405992683431e+00
-7.505219895418668852e-01
3.950870846176674500e-01
2.710667309492007071e+00
-2.573392124871439091e+00
-4.590684137154148470e-01
7.741650517497744577e-01
6.936766517267635157e-01
7.253935974901887240e-02
4.415358260430696014e+00
8.227591063908361591e-01
-1.103111102362425378e+00
1.791894525598758614e+00
-1.237611777765390997e+00
1.126061593617085910e+00
-7.803254147387125861e-02
-9.211043029044322372e-01
-1.428477446207942814e+00
-2.578322318783487166e+00
2.069917020078390291e+00
1.727457139489726901e+00
8.554276179904733990e-01
-2.346332359792769218e+00
-5.924938254036223872e-01
4.458349033745274137e-01
2.922494703392954363e-01
4.617560308718823836e-02
-1.260868601273598566e+00
5.921586381830449275e-01
-2.004700615071918768e-01
-2.717881488749940289e-01
3.460250268802420148e+00
-2.258524597906267917e-01
-1.188751366160447409e+00
-2.013553275211750204e+00
1.124611871153473330e-01
3.949599159463352271e-01
2.063104959271586103e-01
-1.431199827367813260e+00
3.685884754599679791e-01
-7.419539880737732185e-01
-1.130007658764081713e+00
9.138330850475061551e-01
-2.428024293623977314e+00
1.790664393487191752e+00
8.663407183164190117e-01
9.364511720855165366e-01
-1.793899818344482089e+00
-2.881705754619148796e-01
1.361119574167016122e+00
-3.321440110073073382e-01
9.393961965223305288e-01
2.094251857257940053e+00
3.945021124370391430e-01
-1.087509609546936512e-01
-1.088464593592858298e-01
-3.735287998634246875e-01
-5.562814554007409207e-01
-5.789567687087674441e-01
3.532813920006942776e-02
-4.811950341937683007e-01
4.804411408239410708e-01
-1.085426332738415489e+00
-1.691565369749855385e+00
-1.701224302556068491e+00
8.326486566963342550e-01
7.602835848141110686e-01
-1.563746661181857567e+00
-7.543588012972363144e-02
-4.061841043586098543e-01
-5.715438843417844882e-03
1.330582039781829318e+00
5.379121790132688208e-01
-7.545637426770619438e-01
-1.948681146006618237e+00
1.147568477468099424e+00
2.936462979248801730e-01
1.168264773205367923e+00
5.610926637381186133e-01
-1.794217982517053445e+00
5.330143893940610944e-01
6.037842541393472207e-01
1.369313377179952051e-01
-6.755535817693911760e-01
-5.730153757516497359e-01
4.867811489761722510e-01
7.867706214756622352e-01
-5.068387757932529825e-02
1.464900737528159191e-01
-6.144193496770998797e-01
-1.236705531987310813e+00
6.744030472828071998e-01
1.889733283609407732e-01
7.008524325358722606e-01
6.204107551094580897e-01
4.383182640321214851e-01
-7.083533904073836540e-01
-7.423440843145016066e-01
2.458695392333293483e+00
4.530760195103258892e-01
-3.101026046860165183e-02
-2.717878691681396841e+00
2.096883724233928437e+00
4.700227088609353898e-01
-3.224327109236009847e-01
2.406789925874679506e-02
4.479080496086276231e-01
-1.518099417811926699e+00
-5.300466446875038429e-01
-3.288248023376419304e+00
1.458275670229353338e+00
1.111589057285321314e+00
-3.601555713602591080e+00
-7.256236428168028052e-01
1.713429082579161600e+00
1.010721259932977123e+00
1.827566467375091763e+00
6.048877706707332935e-01
-1.912159664428439543e+00
5.506186990026995520e-01
-4.748445325136536055e-01
-1.343090827391639319e+00
-2.886983110282693166e-01
-8.697122808926861515e-01
1.092993065543006903e+00
5.333264627245614120e-01
2.679144663339904309e+00
-7.797774310962193312e-01
-1.638365346013620272e+00
1.195008542657086004e+00
-9.283607930964683785e-02
-1.499495925096697269e+00
8.905577124104588904e-01
1.775702922564069031e+00
-9.553722875501614864e-02
-8.479261138704577982e-01
6.801637949146412954e-01
1.079707204731289970e-02
1.288006238301490969e+00
1.174352454084109931e-01
3.639831956722588968e-02
-1.516239838816129115e-01
-3.087193101380102944e-01
4.779793574557732461e-01
3.708688010604107355e+00
1.786729887938172556e+00
1.434024813216240979e+00
3.190830187076090230e-01
-2.725230705393791641e+00
1.414840569897475975e+00
-1.750202429185343300e+00
1.697628293286146742e-02
-5.973180572100917907e-01
-1.620284386296473089e+00
-1.796591916876128181e+00
6.115489615605780305e-01
5.794010846009888249e-01
-9.262197006887386008e-01
-2.983312454965138194e+00
-1.982429447541664003e-01
1.476533552741468247e+00
1.863944411668546852e+00
6.875391990144598120e-01
6.209139944917947407e-01
-1.908718704137752908e+00
1.745324029532956844e+00
-3.647759853762683746e-01
-1.330643984339414443e+00
-7.819491106365795974e-02
-1.264198383636566392e-01
-8.962236096764054638e-01
2.833728577899326528e-01
-7.291419777744847508e-01
6.428178052971538214e-01
3.252787518530793509e+00
-1.221270039258407936e+00
-1.077483761731449441e+00
1.262195730106851210e-01
1.466287229049964003e-01
1.923187387134518866e+00
-1.051744234930606314e+00
1.416762954158048871e+00
2.155201603284207790e-01
1.015375112004959890e+00
1.521580251392576244e+00
-2.010895096756611267e+00
-5.633294579654005707e-01
5.715461755945596689e-01
-3.198832236496721992e-01
-4.945554338214134260e-01
2.877761339228479889e-02
1.434852459978552819e-01
-1.117908726183685530e+00
-1.496840148342683641e+00
1.814614797588149919e+00
2.342046250583653233e+00
1.693482622298333684e+00
1.904593745288982454e-01
1.553541193128370024e+00
-1.353716170424986154e-01
9.484981946451619128e-02
1.792279783661467341e-01
-8.889701923288174656e-01
1.403008695760756819e+00
-4.209890194803412866e-01
5.459553218041802991e-02
-1.840932441607344983e-01
-1.195625033294561046e+00
2.987115508607446346e-01
7.907795589923997115e-01
-4.329005786146057133e+00
-2.321135345436450947e+00
1.057695237191991211e+00
1.454363841185134065e+00
2.244331240055633003e+00
-2.581103397473289540e+00
-2.030827506138940031e+00
-1.407921226738491294e+00
7.320991046160737481e-01
1.786735182325902116e+00
-3.029622009065748300e-01
3.818440614312114678e-01
5.353451841134002631e-01
6.986066046963298470e-01
7.932051966544538812e-01
1.450309592363619449e-01
-2.217133224000933378e+00
4.708360391661652739e-02
-1.323075187718733003e-01
1.484461565143733397e+00
5.965910939473318547e-02
-1.496930838924725338e+00
5.671638766313282787e-01
-4.923651113629019527e-01
-1.502366483177798306e+00
-8.581580059926422477e-01
1.562657081259011815e-01
-5.092324767301179556e-01
3.549033746291112013e-01
-1.345323684263702191e+00
1.407213848062296657e+00
1.730849489603275115e+00
-4.196576159012153640e-01
-1.534273524090425056e+00
7.736812175708578376e-01
1.989691136150475992e-01
-8.009821040849010587e-02
-2.420840950805513536e+00
1.471428566511544078e+00
9.272047862518655315e-01
3.252432808142998732e-01
1.015357650765295716e+00
8.329268035166026429e-01
-1.614206695961465376e+00
-1.190168766350778506e+00
-1.161850344750695818e+00
-2.163121866701538831e+00
1.009991538066191907e+00
5.383415408661551549e-01
-1.819621798523625156e+00
-2.519901885518051610e-01
