-3.130305172227655364e-01
6.577669764676510322e-01
1.649928993894199669e+00
3.659478767372961183e-01
-9.417770911152671676e-02
2.803009320988279415e-02
2.032681555295449416e-01
2.155339178182346660e-01
6.275063222669422514e-01
3.628039491288810869e-01
-1.503583997947865736e-01
2.863397009057861431e-01
-1.280125684249263873e+00
2.102647116401496208e-01
1.450951404158034030e+00
2.864532897063690742e-01
1.119163695524786561e+00
-3.051208123914212478e-01
4.756602659531815047e-01
6.220116527451161614e-01
6.173321470851822479e-01
-4.432764380860579334e-01
-2.813788288904078283e-01
1.105561086447350433e-01
-8.225326398510418580e-02
4.253313652815040591e-01
1.651340779139140805e-02
6.240561196589882176e-01
1.818807433732997803e+00
7.987227787334136853e-01
-6.428907461007317137e-01
7.986517935004661117e-02
2.377919914147825220e-01
6.513891580710365892e-01
1.872097867297848051e-01
-1.039774807763349962e+00
-1.444603725119789350e-01
1.570980882994025829e-01
1.001960172139495953e+00
-7.692328096322722519e-01
-6.030970511470528511e-02
-1.424130976265483850e-01
-3.090403775193245051e-01
3.221482016742240329e-01
1.650014704939921417e+00
1.800303678431990129e+00
2.699003480163436053e-01
4.591391575267430580e-01
2.454430571687152007e-01
3.867848840266978616e-01
-2.587390530364765406e-01
4.520975753752920490e-01
9.401362417207085320e-01
-4.352699546218302906e+00
6.443953472846227770e-01
-1.722988958198772291e+00
1.294066092561150239e+00
-1.178564149846277775e+00
-1.500555885445171989e-01
-8.754865000836348221e-01
1.188386666395727653e+00
3.424286163896333779e+00
-4.491708502219088905e-01
-1.115641086473623533e-01
7.673324635022774065e-02
7.143010833775736979e-02
9.373337274014494902e-01
-9.023074784956275352e-01
4.416662424854266716e-02
1.330071411914601542e+00
1.307444140779178143e-01
-2.625752051166398982e-01
-7.568909896766046197e-01
-1.189355138537461359e-01
-9.835659349535127438e-01
7.346121810830200660e-01
-2.282998469368668626e-01
1.384172940226206405e+00
6.635232839184030951e-01
9.987528499411498784e-01
2.619590396024832901e-01
1.002513807032216153e+00
1.673747282085096044e+00
-1.114462771327489721e+00
9.544751058653546671e-01
-2.935174572407592275e-01
-1.810735995633733567e-02
1.063543768253184529e+00
-8.567814120633708841e-01
7.794019928688894483e-01
7.273596921198563492e-02
5.041577850128868832e-01
-2.915799499814729634e-01
-9.831752771099183663e-01
-1.453225674203557360e-01
-9.510280673193515222e-01
2.230496885460217793e-01
7.712153287089591747e-02
3.200914303706259290e-01
-1.729892822655455520e+00
4.722819494252165073e-01
1.602943946679717957e-01
1.384858972258587784e+00
1.091106943779394101e+00
1.382798849691744825e-01
2.060345410393191537e-02
2.995251976164801655e-01
3.553767548669837795e-01
-9.755285567630714860e-01
-2.450192446661924317e-01
1.933037308369720986e+00
-1.112571660111925764e+00
2.957334171837334713e-01
5.730247746250198837e-01
-4.306629096710512528e-01
-6.342836322001379479e-01
-8.120717000281165721e-01
1.776880537956612160e+00
1.125632558455907095e-01
-2.590687630249030038e-01
-9.994629344037571361e-02
1.828669125180167443e+00
7.237802610047787688e-01
-1.075153570788566659e+00
-5.073701101687129178e-01
3.139471302402374597e-01
-1.686793312408451095e-01
-6.289841655164331025e-01
2.170511174025132883e-01
2.502261474724039592e-01
1.257568448401412409e-01
8.341631815169380237e-01
-8.315010838339569332e-01
2.719697574253059913e-01
4.026565929658714182e-01
-1.740432690558449957e+00
2.131497395819641205e-01
-2.121806613998838964e-01
-1.546942251672281721e+00
-9.582948146713611559e-02
4.253774505231927572e-01
-5.984025329507296487e-01
-6.414696166982940539e-01
-5.595491673219589179e-01
9.332888795617709787e-01
4.279097150196838062e-02
-9.684663796383959078e-02
9.199641653332907287e-01
-1.041949517212481968e+00
4.591865206485958306e-01
9.138272969516296751e-01
4.919595651999751629e-02
5.536814950063632113e-01
-2.693415953812841948e-02
2.063139694224446430e+00
4.063754559088186835e-01
5.546055862529281066e-01
6.272171378104214323e-01
-2.728012230937768567e-01
2.089148667225846079e-01
-1.261001019679331703e-01
-1.831390497722525379e-01
9.663091397448203557e-01
-5.689895961317684714e-01
1.628022628272118300e-01
1.039830193586894908e-01
1.936523020370887194e+00
1.242077449810764511e-01
8.379215837529222499e-01
-1.363561232682853064e-01
7.369796911763242253e-01
3.534073105652373314e-01
6.641198036765293411e-01
3.367968631572125782e-01
7.480830308212487179e-01
-8.704302208961129939e-01
4.270657087044090749e-01
-4.235935975732112446e-01
-7.020411452951104136e-01
4.379496762018868505e-01
-1.264174129209917341e+00
2.484761480413181234e-01
-9.956249773285000826e-01
-6.128080470564621907e-01
1.236867010648715071e-01
-9.968573022891107083e-02
4.244892497974261936e-01
-1.314324665305598161e-02
1.225667273539665370e-01
2.135438821974429691e-01
5.702763818254584782e-01
6.067149285477717313e-02
-1.046288555565692002e+00
1.302404693550309467e-01
1.603613411077165485e-01
3.822067997993695843e-02
7.262511029061725909e-02
1.370938548183339711e-01
-1.011816955803644946e+00
3.334116354544935379e-01
4.623683999553532785e-03
-5.769861045058966020e-01
1.136369595011978095e+00
2.764497686259226317e-02
-1.065692461938289037e+00
-4.139559159344756711e-01
-2.105668641555404341e-01
4.406746636161019137e-01
4.168603806473154538e-01
1.127274858569095706e+00
-6.597737901120477588e-02
-4.755683616919770262e-02
6.408244236395652660e-01
8.526971577655686474e-01
6.361343526236895585e-01
6.850642979777381292e-02
3.675818452030732431e-01
-3.397881917449717126e-01
4.410486224252211374e-01
-2.057784066432310210e-01
-8.054273518964377709e-01
2.137297790791999608e-01
1.259093127437126203e+00
-3.878124037226709508e-01
3.445383237362363849e-01
1.987247817704075603e-01
2.499160520656917850e-01
-8.756894413308241587e-01
6.374672947363890785e-01
5.566587225445424059e-01
9.495980484261427046e-01
8.738845438773159557e-01
7.426907875985783170e-01
1.630864006437953428e-01
-1.331490872381307922e+00
5.982462327614218589e-02
-3.315153051428803566e-01
-4.200386410706226092e-01
-3.308436845466497522e-01
6.973977817152557934e-01
-1.294650515725392248e+00
4.271333957235204370e-01
1.720612698740520585e+00
-7.662819744027518087e-01
-1.726676018259609147e-01
-4.064896528210065751e-01
7.579281714838527195e-01
3.445454747593607037e-01
1.882065073725968651e-01
9.999486095050310608e-01
-4.060793686284658865e-01
-9.044341190747422210e-02
9.792279153386189705e-01
-2.144239420520206718e-02
2.282051044542729445e-01
2.063822451679183934e-01
-6.191903415186332804e-01
7.969981145079545470e-01
-5.660019774804709858e-01
3.858320626736266769e-03
5.032131049181399751e-01
6.398115636236405557e-01
6.018822241193676897e-02
-8.326484726624442390e-01
1.795602179167690993e-01
4.399153915424385275e-01
1.171685579661039811e-01
-7.537947035456826761e-01
-2.140237890914408747e-01
-9.659772796416081497e-02
-6.637493865092258805e-01
1.336058650840407092e-01
9.985958319957467522e-01
1.839686102003190271e+00
1.130915752105748684e+00
2.218784494770212889e-01
1.598499257255704631e+00
3.821733509516358485e-01
3.543777332466364061e-01
7.390282896357011078e-01
4.697416946714215724e-01
-6.042787484566137790e-01
-2.360444691131501349e-01
-1.252447389386588394e+00
-2.570657545801900978e-01
6.747385289083833726e-01
3.489637505897052461e-01
-1.172467414861898760e+00
-1.204845807267081792e+00
-1.011708744598491361e+00
-1.017463529842226988e+00
-3.045452194423378112e-01
6.583803039217420716e-01
3.571313129725297020e-01
5.626145001966564863e-01
3.369479059441709001e-01
-2.491523466408212262e-01
-5.753920417275447674e-01
-5.341874804416277822e-01
2.109129303424401580e-01
-1.751758359604597137e-01
-1.573432740686189213e+00
1.320585937904046429e-02
2.657293349712779307e-01
6.224030186121579794e-02
-5.290149043506854332e-01
2.041488183116790534e-01
2.469192656221831927e-01
3.498286146908878846e-01
1.256797511598490180e+00
-6.291535093424445169e-01
1.522431666264886241e+00
6.823051215234597899e-01
-1.013823528405579516e-01
-1.976270768170413694e+00
5.121976418114753543e-02
-5.262108971014735070e-01
-1.311417085299131813e+00
-1.149048485785261198e+00
-8.698093222969668359e-01
2.732603241979573161e-01
5.052816094929377666e-01
-8.361958635400913442e-01
-4.106426160361643651e-01
5.806165674462616666e-01
-3.439557032957160643e-01
-3.256452233669237528e-01
-2.575038181751686528e-01
4.779651434281800837e-01
3.684020922610097837e-01
-6.029744914989826170e-04
-2.020171747952478197e-02
-9.565730174853663836e-01
8.801826238545095160e-01
-8.010789264914782715e-01
-1.573206929491328954e-01
4.101086950238504447e-01
5.113097739965644095e-01
-1.437407205565424395e-01
-2.527582452592746498e-01
8.296602383834369432e-01
-3.886017753993710466e-02
-6.151724046470851137e-01
-8.519195197922775631e-03
-1.194300405834631151e+00
1.175382270996230272e+00
-7.177494977111564811e-01
1.235503116258543782e-01
-1.365374114202367595e-01
7.115457121522742456e-01
1.770904302887115200e+00
7.122129744565702802e-01
-5.087883882094058619e-01
2.975621160446076940e-01
-1.582818654009138903e+00
1.693384298586756986e-01
5.357251653545266334e-01
4.495681539107687086e-01
-3.469861290470946935e-01
-3.888495967574790574e-02
-4.498040336331385447e+00
1.298424113918167366e+00
5.423257851976968080e-01
4.837201930109750747e-01
7.738777076626205398e-01
5.874350254918605518e-01
5.060819315032627497e-02
1.832164345710435960e+00
1.109890682030174186e-01
6.250359647341046099e-01
6.941848833947856789e-01
-8.393702393158340713e-02
2.894291083282881094e-01
4.048428917331269028e-02
1.128727455945826907e+00
1.227361700840966963e+00
-3.916977021608698817e-02
-1.461020581324249112e-01
3.309181192504364599e-01
2.080370929032098193e+00
8.557862201312439465e-01
4.753466866284041803e-01
-1.792537529548936082e+00
1.268660298309040257e+00
1.108382296855072502e+00
8.790314009894404368e-01
1.364422099174372391e-02
4.522929346519546367e-01
3.759333806869317174e-01
1.078407839294824644e+00
-1.050840570847329847e+00
-1.560512567760637299e-02
-3.541914584160651969e-01
-2.012370774999416162e-02
-5.161461315307416253e-01
9.942671117382438917e-01
7.186991449747782701e-01
-3.925722932482512140e-01
-1.615197568202477174e-01
8.161294212145796534e-01
2.688216268183888369e-01
3.245709235167352213e-01
-3.084691312476456893e-01
4.066281313868668756e-01
5.811417324833692000e-01
3.259738089267192329e-01
-1.690533331471532064e-01
-9.810269540774368968e-02
-1.147802051242314825e+00
-1.434470011491102426e-01
1.887685491546618133e+00
-1.045742088657969221e-01
-1.140185296340382876e-01
1.628795196257660560e+00
-1.672484415774269373e-01
-1.735360648015346730e+00
7.926690434690640830e-01
-4.121732306328357853e-01
3.484492790696165909e-01
7.477764894767147119e-01
-9.886311921734831920e-02
-2.541517694403555572e-01
-2.940537040305120364e-02
5.117702560195577233e-01
1.371303580220348817e+00
4.436108192288686358e-01
-5.554858899016751339e-01
1.464193999860107009e+00
-4.988550006930463077e-02
2.771129006983212295e-01
-3.583983028135327986e-01
5.781765753193071067e-01
-2.943914753584475630e-01
-1.398519121774287388e+00
-1.578335772258582681e+00
-3.509764592222108237e-01
