2.087123547922165034e+00
-8.404212562079325100e-01
7.144565840720128458e-01
3.140759095440742943e+00
-3.930814696283467247e-01
-2.424600504252761302e-01
7.551120561147870447e-01
-1.276068350617905134e+00
-8.695780234569725486e-01
9.844437440458350119e-01
-2.786437124011472699e-01
-8.404212562079325100e-01
5.834054966627463257e-01
-5.342796019854684914e-02
3.639750574033330244e-01
5.977886923810318276e-01
6.557946519034417721e-01
4.239995730455348166e+00
-6.312945446724221865e-01
9.997063289833048039e-01
2.249620060432807822e+00
4.239995730455348166e+00
-5.059880447043608731e-01
9.766836809786364482e-01
-1.608139915459973146e+00
7.996763168685313561e-01
2.937148510337794782e-01
1.060389048871549944e+00
1.088586245698958788e+00
7.144565840720128458e-01
1.167471853144357530e+00
-3.263069023813266467e-01
-2.424600504252761302e-01
1.967729555229627669e+00
1.855485555435574252e+00
-2.786437124011472699e-01
-6.312945446724221865e-01
-1.421536492295656817e+00
-1.537557191281991420e+00
-4.952229112570389891e-01
-1.134721513886715716e+00
3.644219906307288870e-01
9.997063289833048039e-01
7.144565840720128458e-01
4.245953327955726553e-01
7.546673452640612068e-01
-1.421536492295656817e+00
-3.263069023813266467e-01
-2.940704269467351861e-01
2.937148510337794782e-01
-2.424600504252761302e-01
3.644219906307288870e-01
1.918976868627612076e+00
1.403183292462003795e+00
-2.940704269467351861e-01
7.551120561147870447e-01
6.579624615952176514e-01
-1.039250989558428540e+00
-1.608139915459973146e+00
-5.100786141795151662e-01
7.599486073639977191e-01
6.997063228496164244e-02
3.463438555061975066e-01
2.630503448707122716e-01
3.847430004313522556e+00
3.428614851603342673e-01
-5.344474381992562195e-01
2.166487186394514097e+00
-1.531150149219987933e+00
-8.695780234569725486e-01
9.844437440458350119e-01
5.943434833963334718e-02
-7.869258857015243303e-01
1.289095512797031329e-01
-1.550432163102986038e-01
-1.163641412449361701e+00
-1.075604027496119830e+00
-1.126000792154665531e+00
3.847430004313522556e+00
-1.263452444651671724e+00
-1.608139915459973146e+00
-1.275605195363613831e+00
1.294300948726041511e+00
2.311748283806263515e+00
-7.340854860751307998e-01
-3.930814696283467247e-01
1.060389048871549944e+00
-3.945809569175633968e-01
1.665155596082754375e-01
-1.084586423996304783e+00
1.403183292462003795e+00
8.816345142141454039e-01
-1.005055153119747136e+00
1.949341420091820432e+00
-8.370783710705593794e-01
-1.916191832031626463e+00
9.844437440458350119e-01
-2.424600504252761302e-01
5.207680404240441208e-01
-1.395093369677355533e+00
3.644219906307288870e-01
7.874974105109010525e-01
6.771769545152193093e-01
1.142193743544748452e+00
-4.013233084401534589e-01
-1.053294448246538673e-01
-6.312945446724221865e-01
1.545737427707671863e+00
-5.868331657878843588e-01
-2.424600504252761302e-01
1.967729555229627669e+00
-4.009819953262267478e-01
6.729136822392437489e-01
1.215908785002878661e-01
3.644219906307288870e-01
-1.653937291424280476e+00
3.095632363824607491e-02
-8.695780234569725486e-01
3.202652484393656351e+00
-6.193973365232496170e-02
1.914427344521499874e+00
-1.770679470200224648e+00
1.298544022357269512e+00
4.031092057617319813e-01
1.065976068128027698e+00
-8.138437560411800886e-01
9.900147688023891446e-01
-8.902088094272788688e-01
3.644219906307288870e-01
-1.421536492295656817e+00
1.877117355602647031e+00
-7.899863712836147078e-01
1.824746419297853084e+00
-2.424600504252761302e-01
1.558891167420774160e+00
8.328209846121291671e-01
-2.424600504252761302e-01
-1.608139915459973146e+00
-6.789177450469355835e-01
5.943434833963334718e-02
-1.466775297536759615e+00
-2.218762784159709067e+00
2.934451862855556037e+00
1.599821598179178128e+00
-5.897756475922468627e-02
-1.537557191281991420e+00
-1.202558495923702120e+00
8.914528828751863143e-01
-8.019750491904188427e-01
-1.017391241982769534e+00
-8.301877703757546412e-01
-1.232852200953151733e+00
-4.250297200255186425e-01
-5.634679276835030670e-02
1.171167507430714849e+00
1.112409946883561762e+00
1.048222639441303006e+00
4.967691377828864496e-01
9.411669648912844854e-01
-3.263069023813266467e-01
-9.331889434373317194e-01
1.298445794409500254e+00
2.482066712802810382e-01
-2.786437124011472699e-01
-1.232852200953151733e+00
-1.190562587880387602e+00
-4.808228645633844667e-01
-8.818987046009231223e-01
-1.084586423996304783e+00
-1.151252610352532679e+00
9.623794641810183847e-01
8.301205593800258242e-01
-3.263069023813266467e-01
-1.781521077281173621e-02
-4.166371683271877235e-01
9.623794641810183847e-01
-6.762566139774134344e-01
6.419883573160678480e-02
-1.190562587880387602e+00
-1.537557191281991420e+00
1.630005031663308790e+00
-1.850402861804515409e-01
-6.192299236374991800e-01
-2.786437124011472699e-01
-9.922770485090715020e-01
2.885712517148638412e+00
-1.199325706917877543e+00
7.874974105109010525e-01
-1.682635211380419937e-01
1.240871441231944372e+00
2.330783680081470077e+00
6.729136822392437489e-01
-8.951461662090384186e-01
3.095632363824607491e-02
2.277108150943548015e+00
-2.005260773563337207e+00
9.316009134155902593e-01
-1.202558495923702120e+00
-1.263452444651671724e+00
6.729136822392437489e-01
-1.437372829230505245e+00
-2.241322521192323336e+00
6.534051980336189613e-01
2.092319573396785426e+00
-1.694313945079637951e-01
-1.137965941215555651e-02
5.849106862493452796e-01
6.729136822392437489e-01
-1.608139915459973146e+00
-2.424600504252761302e-01
2.893160734308162230e-01
-5.421233079410961997e-01
-5.222530851238461613e-01
4.239995730455348166e+00
8.301205593800258242e-01
9.004094209155060202e-01
-6.312945446724221865e-01
-1.180848311189756084e+00
4.820557849433891318e-01
7.452445554780388060e-01
-1.084586423996304783e+00
1.353265446969121655e+00
1.120812477372734373e+00
-1.378570788583574069e+00
6.729136822392437489e-01
1.186378543333803659e+00
-6.312945446724221865e-01
1.167471853144357530e+00
-2.786437124011472699e-01
-9.331889434373317194e-01
-8.695780234569725486e-01
2.567846248614702453e+00
-1.781521077281173621e-02
-1.781521077281173621e-02
-9.797902338376562881e-01
-2.006414477672697483e-01
1.218797908880456582e+00
-2.424600504252761302e-01
-8.945065793520489139e-01
-1.134721513886715716e+00
5.364353825332627279e-01
-1.300466501895808591e+00
-8.818987046009231223e-01
-5.106107515963544952e-01
9.900147688023891446e-01
-1.232852200953151733e+00
-1.653937291424280476e+00
3.644219906307288870e-01
-5.421233079410961997e-01
5.235556427379461919e-01
-2.424600504252761302e-01
1.110546252872689044e+00
-8.818987046009231223e-01
-8.695780234569725486e-01
5.524534165461245788e-02
7.606855816023653238e-01
1.648163163982755197e+00
1.630005031663308790e+00
-1.154945263007193024e+00
1.560442673679240499e+00
1.967729555229627669e+00
-1.828948620237989875e+00
-5.421233079410961997e-01
9.203821576105528646e-01
-7.457446254412710696e-01
-1.142899694706818181e+00
-1.537557191281991420e+00
-8.467303029864255981e-01
1.064571589434867294e+00
-2.005260773563337207e+00
1.910634988961960878e-01
6.729136822392437489e-01
-1.682635211380419937e-01
1.080828275386685577e+00
-1.084586423996304783e+00
-1.439541303727760013e+00
1.298544022357269512e+00
8.835229052387044701e-01
-2.424600504252761302e-01
-7.328097839056657570e-01
8.113399656995784470e-02
-6.789177450469355835e-01
1.391529453988086473e+00
1.271240420749417233e+00
2.220818526747631694e+00
1.298544022357269512e+00
9.004094209155060202e-01
-1.608139915459973146e+00
-2.566783833285072092e+00
-7.745469189562727008e-01
9.997063289833048039e-01
-9.051747769578774028e-01
-8.945065793520489139e-01
-1.075604027496119830e+00
1.079414131941382582e+00
1.614353451689215291e+00
-6.777225162054753005e-01
1.174998918010326188e+00
1.140695925505941011e+00
3.644219906307288870e-01
4.783775365316743078e-01
9.093249868711087425e-01
-8.000769651587211762e-01
-1.190562587880387602e+00
2.026087117486145228e+00
1.596457789988650067e-01
-1.199325706917877543e+00
3.644219906307288870e-01
2.381970243133702259e-01
1.018526006142062013e+00
-1.770679470200224648e+00
-6.661447004690018714e-01
-4.009819953262267478e-01
6.729136822392437489e-01
-1.883600796897080931e+00
3.095632363824607491e-02
4.574982100063744173e-01
9.623794641810183847e-01
-3.707718509475899649e-01
2.630503448707122716e-01
-1.781521077281173621e-02
3.644219906307288870e-01
-7.352502466661011704e-01
-1.134721513886715716e+00
-1.069455379121372118e+00
3.590308156698387432e+00
-7.340854860751307998e-01
-7.244850765857759889e-01
-8.818987046009231223e-01
5.943434833963334718e-02
-3.263069023813266467e-01
-8.019750491904188427e-01
-3.707718509475899649e-01
-2.786437124011472699e-01
-6.506154457733935859e-01
9.900147688023891446e-01
-1.531150149219987933e+00
-6.661447004690018714e-01
-1.134721513886715716e+00
3.428614851603342673e-01
5.774275990433526129e-01
2.413459614938144426e+00
5.849106862493452796e-01
3.644219906307288870e-01
-7.328097839056657570e-01
-1.653937291424280476e+00
1.112409946883561762e+00
6.579624615952176514e-01
3.831487988452798810e+00
-9.922770485090715020e-01
4.239995730455348166e+00
-1.489737589009853813e-01
-7.698936659181385700e-01
1.931600334243978034e+00
-1.002835500839341920e+00
2.567846248614702453e+00
-9.444223118037928799e-01
-1.190562587880387602e+00
-9.497882677162158283e-01
1.614353451689215291e+00
2.744423892651543184e+00
9.004094209155060202e-01
9.844437440458350119e-01
1.516763152730170372e+00
3.526362394347424267e+00
-8.709686397331713181e-02
7.862247256037977472e-01
1.235708083983896088e+00
1.665155596082754375e-01
1.451869790290247986e+00
2.605673352782154506e+00
-1.300466501895808591e+00
3.644219906307288870e-01
3.095632363824607491e-02
1.457020411483841427e+00
-6.750347688993174611e-01
-9.724019346892185389e-01
-5.421233079410961997e-01
1.560442673679240499e+00
7.144565840720128458e-01
3.074713917550707387e-02
-2.424600504252761302e-01
8.145662456552212882e-01
7.641158412162563085e-02
1.298544022357269512e+00
-8.945065793520489139e-01
-5.868331657878843588e-01
2.567846248614702453e+00
5.943434833963334718e-02
2.482066712802810382e-01
5.502139509645069815e+00
-2.785215178273334757e-01
1.298544022357269512e+00
-2.424600504252761302e-01
-1.068913568110851919e+00
6.997063228496164244e-02
-8.467303029864255981e-01
6.729136822392437489e-01
-1.469126021807007243e+00
7.144565840720128458e-01
3.795771452362562970e-01
-8.467303029864255981e-01
-5.421233079410961997e-01
-1.350550148451186816e+00
-1.682635211380419937e-01
6.077169013974447198e-01
6.084308162838735212e-01
-1.069455379121372118e+00
1.891510200535419628e+00
9.454304884872820613e-01
-1.300466501895808591e+00
-5.868331657878843588e-01
1.126916413607116363e+00
6.966472537143544308e-01
-1.232852200953151733e+00
1.516763152730170372e+00
2.683779752899709270e-01
-1.053294448246538673e-01
-9.331889434373317194e-01
-1.916191832031626463e+00
-1.393272005380628453e+00
1.235708083983896088e+00
-1.770679470200224648e+00
1.147519547509101789e+00
-6.192299236374991800e-01
8.301205593800258242e-01
-2.127113446007285358e+00
-8.516165487070840312e-01
-5.059880447043608731e-01
-7.629241286079582185e-01
-3.287369098585448124e-01
7.338212956883484184e-01
-1.199325706917877543e+00
-2.786437124011472699e-01
-4.198099817980976978e-01
-9.128077144953133937e-02
