1.742141150908654290e-01
5.869349564822824439e-01
-8.138895221464789165e-01
2.428473394184436918e-01
5.812084479219440381e-01
-6.598408304072578279e-01
-3.063161722190422265e-01
1.343395080519729223e+00
-1.033785535332900407e+00
-2.533482668624896430e-03
-9.795274532603753803e-01
6.856242204186888678e-01
4.173604975718059884e-01
3.121628501100998099e-01
-8.700238642278301793e-01
-6.498668379919347871e-01
-5.905903473435983875e-01
2.189094628371978768e+00
-7.055370819984853048e-01
-2.657572830924319063e-01
2.049964885308642515e+00
-1.097632895080115634e-01
-3.580125351401821088e-01
1.146270191326431931e+00
-8.991773431310990938e-01
2.008568451102103469e-01
2.794653145147169560e-01
4.700550426486392874e-01
4.668570072794587800e-01
-4.174172165131551648e-01
-1.337122643028675617e-01
-1.161838831687194373e+00
-8.983945799869484938e-01
-2.014762904604537608e-01
7.469984130211470008e-01
-5.789391059593193001e-01
1.803461542892978109e+00
2.384717860157578695e+00
-1.551029473038550321e+00
7.787733193488267647e-01
6.039009338115509939e-02
-8.841047255310024999e-01
-8.516033677428657134e-01
5.502840772362639354e-01
-8.731800741684659917e-01
-8.603329096120944097e-01
1.035428172882816078e+00
9.257498808071175089e-01
1.020350063406395336e+00
1.488086251542019012e+00
-8.447514353851713897e-01
6.408998790111066768e-01
-1.008179718992364277e-01
-4.065573881742007956e+00
1.306454158572892377e+00
-4.888998301852127137e-01
-5.407301986717315545e-01
-1.222629523451014139e-01
-1.202232510862820680e-01
-1.133714766274588337e+00
4.349634333240168793e-01
1.905936258841973929e+00
6.673909559147457315e-01
-8.594869103602805760e-01
6.429671074523413132e-01
-5.925434074980007182e-02
5.877489813984601019e-01
-1.278351319040127443e+00
6.767440933514936585e-01
5.864014592849264851e-01
-9.339663145902780128e-01
-2.503724367307265108e-01
-4.525750086415851192e-01
-9.576631329582074859e-01
-9.166849183389852440e-01
1.057047890794959644e+00
1.871548360052651544e-02
1.368128729419420264e-01
-4.513999361699252283e-02
1.040807557628620872e+00
-4.727057394716307481e-01
1.740224209704510416e+00
-6.849504631291369883e-01
4.137845063345367280e-01
4.857661450035979933e-01
3.857631163579969824e-01
-3.835241629199296481e-02
-1.467350934658284478e+00
2.043879054640452275e-01
7.317630060875773834e-02
-4.332768839784832682e-02
-6.684982205117260268e-01
-5.749666450515678040e-02
3.694713652239352553e-01
-8.318117299880707360e-01
-1.299190431345497609e+00
1.272002354191472673e+00
-7.213783322575909041e-02
3.393557967798540576e-01
5.666256300261775930e-02
1.182308397593688776e+00
-3.122295263809225507e-01
1.951597938339569016e-01
1.062912413151685165e+00
-9.664115795303063194e-02
-6.867182649727999744e-01
-7.978965622662224089e-01
-5.768264202388668771e-01
-2.718978933046705682e-01
-4.499853702342907491e-01
7.288055458073721127e-01
-4.191290853909181435e-01
4.064248541551778171e-01
2.997993300277442263e-01
9.503215563276252997e-02
4.757048693586591881e-01
1.034338209385761376e+00
-1.452697036815207232e+00
-1.737333582184059921e-01
-1.056496029478551257e+00
-9.512371365339733487e-02
-4.404192492418263494e-01
1.195675779850167819e+00
3.942332601408907733e-01
3.909188092844326917e-02
-1.417016476221234278e+00
-9.636782263386981517e-01
-2.095502103382935299e+00
-1.654803960676974606e-01
-1.514016967221665511e-01
1.719484397990368008e+00
6.836565764523088173e-01
-1.450433218138646563e+00
1.298039880109912891e+00
1.810563775367173833e-01
3.124507239467411157e-01
1.114415135849020189e+00
-5.107511895578994432e-01
-2.817178842125063642e+00
2.592870238056783558e-02
6.964092952720062346e-01
-1.109728238877746076e+00
-8.267134996903056088e-01
-7.957157369258270885e-01
-5.714986573350939736e-01
3.836813117423277242e-01
-4.601443305582386123e-01
-4.906123305052159655e-01
-5.317162969429501951e-01
1.383367454404128005e-01
9.347124800620691953e-01
-5.875879452679948906e-02
-5.086546050932093666e-01
9.484562991385490083e-01
-4.558329088839546683e-01
3.456955341337428766e-01
-1.039703121489810922e+00
5.374168696872606843e-02
-2.097486469756601746e-01
-1.845596804510599986e-01
-1.515830402438168578e+00
-1.985573958745657341e+00
-2.707370272748086393e-01
1.205093329328061763e-01
-8.675023010590835471e-01
7.533627708927344013e-01
-7.035800741609842257e-01
-4.348260134023078094e-01
1.096981396072318898e-01
-9.434141162522047264e-02
-6.817602917708557309e-01
-1.880021681272472100e-01
1.803903443819012908e+00
1.714947136934410477e+00
-1.292081706011071474e-01
-1.346225671758171982e+00
-1.390554795531225851e+00
-3.601803157504201991e-01
-2.875823490802647750e-02
-1.915799080832246259e+00
-6.737637397129360162e-01
-2.011255208329687516e+00
-7.466371909080439240e-01
-2.516503819792050289e-01
7.712119521963540780e-01
-7.000091740243757910e-01
-8.785087631642948258e-01
8.616471579891747667e-02
1.251369098935520396e+00
-9.643878729836628805e-02
-4.297808358904896542e-01
-3.665615030390771412e-01
-1.382153876180267360e-01
-3.304941088260917037e-01
5.955040257431332140e-01
4.205399758961513718e-02
5.978463802375227204e-02
-7.421885381806636595e-02
4.108414438112100719e-01
2.147756251204379352e-01
-1.185847025280893696e+00
1.956330516566076483e+00
1.409050045732824774e-01
-1.491457289667725172e+00
1.385283959305196655e+00
-3.995712691269271422e-01
-7.609173879233620541e-01
-1.218705706538674827e+00
1.869663386003366234e+00
5.955587365418912871e-01
-3.200829166064634856e-01
1.116973790469446420e-01
3.425181835189332058e-01
-3.239694123736422404e-01
-1.369714254286393373e+00
7.446469166964818642e-01
-3.322703254623516345e-01
8.952593081847045609e-01
1.344241119162739029e+00
1.431410718444493628e-02
-7.126222371303309044e-01
-1.519641855142678910e+00
-3.482105641605195423e-01
-1.623798595469849726e+00
-4.517366810889983930e-01
-5.019386152759697239e-01
3.117187829119722267e-02
7.084550411511554291e-01
-6.784261293371227630e-01
1.475196207032978712e+00
3.343357429882717891e-01
5.870898424674007021e-01
1.038984555351044392e+00
-6.948212640126275597e-01
-1.432147878027388410e+00
-1.678537023654382621e+00
-1.772401324180737370e-01
1.164369787084517771e+00
7.881782718953420641e-01
3.479129748787129772e-01
-8.852939915786232072e-01
-2.823008593070144845e-01
-2.292803635754518121e-01
1.679497409081848636e+00
-1.013656050785590734e+00
1.118705782978122842e+00
1.349158457400560174e+00
1.083024196729304611e+00
1.726260110892317456e+00
4.355962077932303833e-01
1.491355321410665624e+00
-9.717126534004440208e-02
7.184921738710815520e-01
-6.226335376607874394e-01
1.147108257567774681e+00
-4.774952914065988541e-02
-1.120836079453150225e-01
-3.174447596112810882e-02
-1.384796250855524491e+00
2.602345634024574750e+00
-1.173811121146109970e+00
4.218294186523557365e-01
-5.608866871652431474e-01
-1.484115844963944442e+00
-2.322251670209119212e-01
-1.799150748093468477e-01
-7.528086839820551379e-01
2.198272156902732810e+00
-1.100989664864878259e+00
-6.174544722515867834e-01
4.685400674704646162e-01
-1.404683026648970712e-01
-1.236161916147521245e+00
-6.363269198992621556e-01
2.348576227633513813e+00
9.159073500622827435e-01
9.347947960677400747e-01
-1.029898604987595501e-01
-7.601911483295209493e-01
2.582964911901567628e+00
-2.243377458133940294e+00
-7.914853524149749742e-01
-7.970581453594517418e-01
-3.742569180342799617e-01
-9.937419199515709067e-01
-1.192060713826949142e-01
1.791483710297136211e-01
9.448677689675744062e-02
1.372903612343355229e-01
8.857189444993812666e-01
-7.388930141482764613e-01
4.124021902703876030e-01
-4.303765990702115296e-01
9.528227364662952281e-01
-1.242895021398248701e-01
-6.690228203814501118e-01
-3.239362512735972643e-01
2.191861683966527696e+00
1.147501328995575998e+00
1.642155159215317850e+00
-9.918195096373569886e-01
-6.903365912883990818e-01
-9.150041470298522217e-01
-9.077559987826772092e-01
6.062470716351482380e-01
1.174082499096684544e-02
1.030118758669117118e-01
-1.811764420558414079e-01
5.363022881028731703e-01
-2.915072975896938756e-02
-1.035125986556994393e+00
2.493928558365318959e-01
-3.349409595520079774e-01
-1.796090599236929986e-01
-3.711314729721791883e-01
6.791105920732043444e-01
7.035301906239314063e-01
-4.477466411480268138e-01
-9.518576563205372043e-02
4.547122471892139361e-01
6.140512940894822247e-01
-1.372654608078047733e+00
-9.390361950204509922e-01
4.845092512529504680e-01
-7.357240025312702381e-01
6.562188744219171754e-01
9.350485620627750905e-01
-2.666819029861970392e-01
-7.763826037659636858e-01
1.964287180291959256e+00
-8.210528936665706379e-02
1.203252399864194633e+00
4.743484209829068043e-01
3.421393603280222795e-01
-9.041835104899206277e-01
2.252112500114001117e-02
1.328583897262140212e+00
6.423684016405102337e-01
2.684635255630209993e-01
-9.835231836329465516e-01
-9.924587189542065369e-02
1.297164172629113321e-01
-5.286504405625396252e-01
-5.932544765424384581e-01
8.606615258348411235e-01
-1.492424584881178573e+00
-3.016021118768449222e-02
-6.699157396747343896e-01
-9.300281445436038297e-01
5.240093803322461857e-02
8.523265431712273577e-01
-1.233973407552082791e-01
2.517694964602537611e-01
5.055373309003357019e-01
-6.829480553148573607e-01
9.239131983031245721e-01
-1.089772707317899700e-03
1.103990148363227064e+00
3.760937406663777960e-01
9.340412503568089608e-01
-3.836287002661143752e+00
-1.199288639434802128e+00
-5.384610906105991024e-01
1.870480490475636470e+00
-2.238478541490935420e-02
-1.694174134147925948e+00
6.267815683149581540e-02
1.628558078596207492e+00
-6.746098584106055007e-01
-3.048750988946516971e-01
-5.235688253887152976e-01
-3.333132596464123965e-01
6.327843759084030850e-01
3.300599131505054240e-01
2.733095668535645562e-02
-7.007014644221472820e-03
-9.072191782413540073e-01
6.798707405273781701e-01
-4.593302350826043434e-01
5.128646197546707919e-01
9.263808355918081716e-01
-1.390253789900041337e+00
-1.803942021125520823e-01
1.750286595082610197e-01
-4.614994903564344497e-01
1.104757489170096474e-01
3.303045369763582539e-01
1.224477299849014544e+00
-4.846201026188864391e-01
1.073967163372612221e+00
-5.879760880481629259e-01
-3.930810778886387746e-01
-2.007234267246181258e-01
-2.539505194692391332e-01
-6.630467875344859818e-01
-3.502687708944664524e-01
6.153987818316415392e-01
1.638438320345229959e+00
-9.252525789513130761e-01
4.288310216788491780e-01
-2.128661568177610430e+00
5.779464819226763916e-01
-7.008621175996180286e-01
-7.996310608744403581e-01
1.605421126134217502e+00
-1.382482360980488885e-02
1.877180112257294808e-01
2.497385207260102435e-01
-5.389432132762015382e-01
-1.223363060195124946e-01
1.073148268005901906e+00
5.153570414507392394e-01
2.263243956859312123e-01
9.502665499110672931e-01
1.018515590116689795e+00
2.201770001854257419e+00
-5.348882338394334024e-01
1.969631438184288319e+00
2.872966331366060694e-02
-7.867394607629637493e-01
9.133344753208650912e-01
-7.626351965478153083e-01
1.165739557774179813e+00
6.772079819399936529e-01
1.412796378155528387e+00
-1.281885899900094383e+00
-1.240269392923082359e+00
1.108650288104533477e+00
-2.551440406081645611e-03
-2.518074859089197148e-01
4.022535621968150177e-01
-8.432851944287007573e-01
9.359040294348360822e-01
5.331938092614307845e-01
-4.919840383617853918e-01
6.532229025209171924e-01
