1.309909613405080009e+01
1.378310679424299501e+01
1.561087011320911522e+01
1.299472436889500848e+01
1.550180492722836156e+01
1.362249204997980279e+01
1.398845825156842082e+01
1.456258994290431552e+01
1.351137615637862410e+01
1.335407742779790752e+01
1.426101996969518027e+01
1.378310679424299501e+01
1.402522904270639081e+01
1.352320904887769082e+01
1.339764922890790899e+01
1.333462136843788670e+01
1.331973330460347782e+01
1.353512059685640345e+01
1.356884614728653560e+01
1.282218532940322753e+01
1.315103515782206856e+01
1.353512059685640345e+01
1.551597611868668558e+01
1.397512647506262162e+01
1.445049105271159817e+01
1.328402420244296600e+01
1.337410943285882503e+01
1.556744869533696196e+01
1.321729485772618951e+01
1.561087011320911522e+01
1.267847533357475776e+01
1.349959601810312115e+01
1.362249204997980279e+01
1.545356031539921027e+01
1.546764498728923520e+01
1.426101996969518027e+01
1.356884614728653560e+01
1.563090211827003451e+01
1.564546233058662317e+01
1.434993107750143793e+01
1.376263915731930609e+01
1.347956401304220186e+01
1.282218532940322753e+01
1.561087011320911522e+01
1.338083107642992786e+01
1.341323281477637863e+01
1.563090211827003451e+01
1.349959601810312115e+01
1.427512889477554836e+01
1.337410943285882503e+01
1.362249204997980279e+01
1.347956401304220186e+01
1.313144248631559208e+01
1.552441624065051329e+01
1.427512889477554836e+01
1.398845825156842082e+01
1.403999224606451435e+01
1.459459714133958741e+01
1.445049105271159817e+01
1.368049307421371452e+01
1.329371335680838584e+01
1.408580309313650680e+01
1.340260536552286652e+01
1.399515848012354091e+01
1.352870775861674346e+01
1.410924237524793057e+01
1.368945657989217501e+01
1.379723617476391162e+01
1.380313879930391430e+01
1.351137615637862410e+01
1.335407742779790752e+01
1.354881414222561808e+01
1.378558549340528572e+01
1.361578028440623100e+01
1.372036879204213200e+01
1.414773439312772751e+01
1.558748070039788125e+01
1.449201109320412684e+01
1.352870775861674346e+01
1.391441675176655579e+01
1.445049105271159817e+01
1.472167642818543598e+01
1.326897629808337342e+01
1.378670315892279596e+01
1.341000545042076197e+01
1.550180492722836156e+01
1.556744869533696196e+01
1.321770288868728471e+01
1.543159794679973018e+01
1.358793444795251304e+01
1.552441624065051329e+01
1.295470584384122859e+01
1.407548213428922779e+01
1.380539718649365710e+01
1.400080946488247768e+01
1.454181762785040455e+01
1.335407742779790752e+01
1.362249204997980279e+01
1.403952473116195243e+01
1.462224024075058182e+01
1.347956401304220186e+01
1.295603529960228073e+01
1.400471752315266905e+01
1.320560587892555304e+01
1.381710489334348857e+01
1.571369841763252673e+01
1.356884614728653560e+01
1.385960694430936080e+01
1.434353502726530749e+01
1.362249204997980279e+01
1.545356031539921027e+01
1.421714382629970075e+01
1.341469824204030914e+01
1.361837920275583258e+01
1.347956401304220186e+01
1.566006573540270885e+01
1.418292028300211527e+01
1.351137615637862410e+01
1.303595447884209513e+01
1.368523594627056639e+01
1.313234353161124091e+01
1.567471232631022993e+01
1.391450566082022000e+01
1.338675295216021510e+01
1.322228813650662538e+01
1.338489217797667408e+01
1.290997694555489694e+01
1.452091923358540271e+01
1.347956401304220186e+01
1.563090211827003451e+01
1.312941469698719388e+01
1.435208986981602841e+01
1.307386935060078414e+01
1.362249204997980279e+01
1.317106716288298607e+01
1.397293679675942535e+01
1.362249204997980279e+01
1.445049105271159817e+01
1.442520377373216611e+01
1.354881414222561808e+01
1.483324528325269220e+01
1.442465935004037902e+01
1.366981092494858885e+01
1.319811944706968454e+01
1.352499638235863877e+01
1.564546233058662317e+01
1.452178562278948526e+01
1.326212558602251868e+01
1.345879396856503263e+01
1.353140816143954339e+01
1.449268760399246148e+01
1.372062374173378529e+01
1.382669858663658680e+01
1.545955091796633774e+01
1.391293109972262165e+01
1.282942111511718331e+01
1.287499386353058561e+01
1.336124838035089901e+01
1.395241049010009959e+01
1.349959601810312115e+01
1.364252405504072030e+01
1.329755114128493609e+01
1.566937009184020546e+01
1.426101996969518027e+01
1.372062374173378529e+01
1.560191129676760191e+01
1.366980672072754999e+01
1.343003745548167949e+01
1.358793444795251304e+01
1.364855526219491644e+01
1.292400765334340740e+01
1.559635309980008877e+01
1.349959601810312115e+01
1.343473024710122843e+01
1.422207800365435482e+01
1.292400765334340740e+01
1.374272577789748162e+01
1.363893931782866886e+01
1.560191129676760191e+01
1.564546233058662317e+01
1.549594411362576807e+01
1.423764325557056232e+01
1.553019056031706313e+01
1.426101996969518027e+01
1.428105197475609778e+01
1.307107260860963649e+01
1.383631706507349080e+01
1.295603529960228073e+01
1.547359232046012778e+01
1.321621244038799148e+01
1.305539752906458340e+01
1.341469824204030914e+01
1.382855702444389223e+01
1.418292028300211527e+01
1.375660866834938645e+01
1.570413504076733524e+01
1.287366526101789255e+01
1.452178562278948526e+01
1.391441675176655579e+01
1.341469824204030914e+01
1.481559614005661984e+01
1.573373042269344602e+01
1.344334099079751610e+01
1.309812571068487941e+01
1.423244352133905721e+01
1.350976741264206638e+01
1.393453766588113751e+01
1.341469824204030914e+01
1.445049105271159817e+01
1.362249204997980279e+01
1.403486706552582142e+01
1.370059173667286778e+01
1.368496411983079497e+01
1.353512059685640345e+01
1.559635309980008877e+01
1.289502586859150490e+01
1.356884614728653560e+01
1.394679769256827839e+01
1.564003373034178956e+01
1.329733218383447735e+01
1.358793444795251304e+01
1.325473301859342001e+01
1.272000689077902891e+01
1.478082644218960340e+01
1.341469824204030914e+01
1.391050836507883304e+01
1.356884614728653560e+01
1.267847533357475776e+01
1.426101996969518027e+01
1.364252405504072030e+01
1.351137615637862410e+01
1.310938269192627637e+01
1.343473024710122843e+01
1.343473024710122843e+01
1.456459500591378742e+01
1.424288152821488040e+01
1.328762826522194374e+01
1.362249204997980279e+01
1.443045904765067888e+01
1.376263915731930609e+01
1.403590353146094571e+01
1.436356703232622678e+01
1.343003745548167949e+01
1.435597170849833404e+01
1.290997694555489694e+01
1.372062374173378529e+01
1.566006573540270885e+01
1.347956401304220186e+01
1.370059173667286778e+01
1.348346472709924626e+01
1.362249204997980279e+01
1.321248116976503617e+01
1.343003745548167949e+01
1.351137615637862410e+01
1.544555279127685488e+01
1.296619999087858588e+01
1.384720658958393003e+01
1.549594411362576807e+01
1.414373064236132116e+01
1.385777159741076936e+01
1.545356031539921027e+01
1.389006281968928569e+01
1.370059173667286778e+01
1.325536060420083295e+01
1.334323971208088189e+01
1.464880301651582784e+01
1.564546233058662317e+01
1.555874916846173228e+01
1.332721966910813727e+01
1.570413504076733524e+01
1.412314024918185318e+01
1.341469824204030914e+01
1.547359232046012778e+01
1.321900389217689664e+01
1.358793444795251304e+01
1.464533876645652555e+01
1.391450566082022000e+01
1.337637892007712104e+01
1.362249204997980279e+01
1.554444824571143080e+01
1.415436624768910079e+01
1.442520377373216611e+01
1.315391793071810511e+01
1.327462334662843979e+01
1.368984293000950636e+01
1.391450566082022000e+01
1.289502586859150490e+01
1.445049105271159817e+01
1.459724025835757288e+01
1.434621452421860965e+01
1.282218532940322753e+01
1.452808786167880939e+01
1.443045904765067888e+01
1.558748070039788125e+01
1.285363325595697326e+01
1.324496895347134462e+01
1.330492962876424201e+01
1.555306131709898487e+01
1.391785307270082228e+01
1.347956401304220186e+01
1.349782388890572804e+01
1.387801137936816787e+01
1.447883760857726898e+01
1.560191129676760191e+01
1.311062488493691447e+01
1.413188506602515560e+01
1.383631706507349080e+01
1.347956401304220186e+01
1.411028460871501622e+01
1.289370705450692611e+01
1.567471232631022993e+01
1.430622514877522633e+01
1.421714382629970075e+01
1.341469824204030914e+01
1.449330795150800100e+01
1.418292028300211527e+01
1.337184488710230923e+01
1.292400765334340740e+01
1.412927438030884808e+01
1.399515848012354091e+01
1.343473024710122843e+01
1.347956401304220186e+01
1.376543434179503222e+01
1.376263915731930609e+01
1.369338902813588987e+01
1.359638271186440761e+01
1.341000545042076197e+01
1.444498721702026423e+01
1.343003745548167949e+01
1.354881414222561808e+01
1.349959601810312115e+01
1.345879396856503263e+01
1.412927438030884808e+01
1.426101996969518027e+01
1.430067315338332179e+01
1.290997694555489694e+01
1.380313879930391430e+01
1.430622514877522633e+01
1.376263915731930609e+01
1.410924237524793057e+01
1.333991609605187278e+01
1.539765438588211310e+01
1.393453766588113751e+01
1.347956401304220186e+01
1.554444824571143080e+01
1.566006573540270885e+01
1.282942111511718331e+01
1.403999224606451435e+01
1.297469236383409097e+01
1.428105197475609778e+01
1.353512059685640345e+01
1.355441219195581404e+01
1.377891713348019032e+01
1.319618043532707397e+01
1.387232718227371819e+01
1.310938269192627637e+01
1.384846223654642650e+01
1.560191129676760191e+01
1.347882597362595014e+01
1.324496895347134462e+01
1.535617951411519044e+01
1.289502586859150490e+01
1.335407742779790752e+01
1.551015855525614384e+01
1.355515260191732096e+01
1.412610055451703239e+01
1.398216218463500304e+01
1.382542919155457461e+01
1.543159794679973018e+01
1.314204819333658492e+01
1.371146339084438104e+01
1.436356703232622678e+01
1.347956401304220186e+01
1.418292028300211527e+01
1.387107978830734822e+01
1.374225881915521086e+01
1.385985733323222746e+01
1.370059173667286778e+01
1.385777159741076936e+01
1.561087011320911522e+01
1.349647928793515206e+01
1.362249204997980279e+01
1.294403965840432491e+01
1.363453759268296217e+01
1.391450566082022000e+01
1.443045904765067888e+01
1.434353502726530749e+01
1.310938269192627637e+01
1.354881414222561808e+01
1.566937009184020546e+01
1.344428093210712305e+01
1.426965623264472072e+01
1.391450566082022000e+01
1.362249204997980279e+01
1.460986354142106869e+01
1.408580309313650680e+01
1.555874916846173228e+01
1.341469824204030914e+01
1.466095875505963519e+01
1.561087011320911522e+01
1.407356318974536258e+01
1.555874916846173228e+01
1.370059173667286778e+01
1.459953961747657836e+01
1.547359232046012778e+01
1.331758314634585538e+01
1.537621151917610796e+01
1.369338902813588987e+01
1.382119917173347190e+01
1.558187929170668262e+01
1.436356703232622678e+01
1.434353502726530749e+01
1.331096924855489050e+01
1.330941954304722685e+01
1.372062374173378529e+01
1.551015855525614384e+01
1.342487762811238028e+01
1.571369841763252673e+01
1.364252405504072030e+01
1.454181762785040455e+01
1.478945277707056150e+01
1.382542919155457461e+01
1.567471232631022993e+01
1.280215332434230824e+01
1.553019056031706313e+01
1.559635309980008877e+01
1.398138939482809207e+01
1.437600371355925333e+01
1.551597611868668558e+01
1.396849344769312218e+01
1.361558210778794908e+01
1.297473784890214787e+01
1.383631706507349080e+01
1.426101996969518027e+01
1.364778430509769258e+01
1.420701766135768906e+01
