5.728623308585797380e-01
6.491553529824523050e-01
-6.496602054629598832e-01
-1.171118372505859373e+00
-1.498075003291468921e+00
2.329252824886645090e-01
-8.587397268602220413e-01
-6.668789009076224739e-01
-4.360516824932801350e-01
1.544608494884986694e-01
-3.108545581753204279e-01
-1.126144448873055648e+00
3.046387267075415295e+00
1.541120555852848739e-01
-2.148908393419981078e+00
-2.295998625035403085e-01
1.503908882203570663e-01
3.946242823573267167e+00
4.156417681498615346e-01
-8.475605774353879296e-01
1.027254358295149606e-01
3.565344502423309914e-01
4.468178452358105845e-01
7.661446119181625214e-01
1.449525651101181589e+00
-4.043606714078766540e-02
2.880855029995613936e+00
-2.919785062829541311e-01
4.478218469720394168e-01
5.487895598298678790e-01
-8.343149847153777943e-01
-5.000718627870476274e-01
5.634491719131559107e-01
6.130909212839769085e-01
6.742498768226383721e-01
-1.162675316284865534e+00
-5.685508231354508002e-01
2.449507744841654122e-01
-3.497597557895418263e-01
1.050844532832928113e+00
5.515353334203153268e-02
3.743956109754207340e-01
7.413883870469171189e-01
6.157057128906916477e-01
1.261654232170154932e+00
7.574140094833833325e-01
-6.144821157212053686e-01
-3.580298804501788057e-01
-1.987976185346498781e+00
-6.759702820972476878e-02
-3.195271972630923663e-01
2.659874856491651673e+00
-5.063017086090997321e-01
1.094961381379797816e+00
9.973689216561824056e-01
-8.015796731552896626e-01
-1.281818845367094506e-01
-8.545226444652741504e-01
-2.705590357478497410e+00
-1.910110387553554778e+00
1.503610750300816701e-01
2.760325203559926832e-02
-8.283899412424534925e-02
1.185821495047433505e+00
3.087988989690816366e-01
-8.142462298467023629e-02
5.654494837680024144e-01
-5.497557338140768302e-02
4.624919807380097891e-01
-5.929407099217687271e-01
1.889944503427751221e-01
-1.399616840035662786e-02
6.016912839076785785e-02
-1.229502470931402192e+00
-7.256168855295740405e-01
1.270818957875661015e+00
-3.082153217530263944e+00
-5.122330460898614213e-01
8.013321522654204276e-01
3.177017292573089402e-01
6.970865368267367135e-01
-1.541949059692455937e-01
6.335687914374761309e-01
-1.722429882610193141e+00
8.026463995718230438e-01
-7.948457158437431946e-01
-7.289457688503805377e-01
-1.226269204718725137e+00
-1.212472494171389803e+00
1.849127228722595717e-01
1.078754573257184823e+00
1.450247564483202467e+00
4.408279518241694506e-01
-2.565681262502278681e+00
-1.316512383816145215e-01
-3.634108991375211151e-01
-6.392622292252467808e-01
1.114401738752915039e+00
-5.999150730258172581e-01
-2.230690010443707738e+00
1.793560533123097211e-01
-5.652937265085041796e-01
-3.821677616607156991e-01
4.329521962447999139e-01
-5.026904636436426710e-01
8.070500392750061536e-02
1.323842144010966893e+00
9.540783349060246721e-01
4.116220617407488014e+00
-3.433084465711395972e-03
2.828097095405075478e-01
-3.334215841395181679e-01
8.064666554709437607e-01
-7.718780582367661125e-02
8.474300650572734739e-01
-1.206233337559170060e+00
-3.572651406076536862e-01
9.471787717585784527e-01
-8.286381919857664924e-01
6.364905801031416344e-01
-3.160307571545840077e-01
7.044194169163321417e-01
1.947357851651597416e-02
-7.825220661207853146e-02
-7.212475482426453643e-01
-1.086220371198248769e+00
-2.028054636577204251e-01
1.781417445975338021e+00
1.054933054252542135e+00
9.867011930154927501e-01
-2.060782253818948251e-01
-3.360509379733404578e-01
-1.100870348901465068e+00
-9.985861140967668970e-01
-9.750799040394757533e-01
6.087317374932199598e-01
8.267315481145431910e-01
4.366838260501945679e-02
-3.210059453019514564e+00
-5.189231604976957124e-01
-4.274504875217600142e-01
-3.833675645970007761e-01
-1.933665091955131698e+00
-9.444784271936705888e-01
5.957688841500529131e-01
-1.556795863323727547e+00
-1.138542505623731271e+00
1.214846151374290306e+00
7.013287341139612385e-01
-9.657908162253956569e-03
-4.685963729697439351e-01
-4.675443389661766702e-02
-9.938910963096013740e-01
2.803610133603607890e-01
-9.235736701114314329e-01
-5.137521525481257845e-01
-9.509944018576481639e-01
-7.673945200005973799e-01
-8.071195221183156132e-01
-1.138013336152255084e+00
1.333318552258642709e-01
-1.016799106108287054e+00
-5.794259006165696224e-01
1.204993417277432366e+00
-6.621200579351564919e-01
2.221703202090942464e-01
4.023227320834092957e-01
3.734375553039575024e-01
-2.914544039601707492e-01
-5.530896582013523632e-01
-6.696594412502684945e-02
-9.184732652096928573e-01
1.357019753545232632e+00
1.227388879674870426e+00
-1.450763156161789524e+00
-1.641397356783175443e+00
-4.772019160771671653e-01
6.421694735804397980e-02
-1.282089138711090204e+00
8.040250489109722620e-01
4.511143977788995008e-01
2.889386885798963522e-01
-4.130467208184802064e-01
7.797066891961983437e-01
7.402528460921389275e-01
-1.587451835066301165e+00
-1.236746831677920211e+00
3.218532869156397885e-02
-5.501807542670956730e-01
-3.423376523625848433e-01
1.861237583808652563e-01
-6.139615278786122454e-01
-1.461611933103983629e+00
-2.050573717281018241e-02
-1.002490320959275483e+00
-7.130117022582317388e-01
-3.524209647471682749e-01
-8.514851751763929943e-01
-4.096442087518166741e-01
-5.536874929387319844e-01
7.150657911211022455e-01
7.799339899682973254e-01
-7.879260286025758786e-01
-3.263182054728663295e-01
1.353211610546109977e-03
-2.377020869752265453e-01
-1.987039363494404354e+00
3.212311394823983424e-01
-4.865086106535639748e-02
1.980219334682884746e-01
1.052211181373269966e+00
-1.238632501722461088e+00
8.258443528798568023e-01
-1.301853636700785799e+00
-1.473952816113675846e-01
5.896992066070209093e-01
9.337873308725991306e-01
-1.038359810576169995e+00
-1.802218943182918032e-01
1.655122153907482435e-02
3.159025242044146697e-01
-9.545640720351475927e-01
-4.491531493867484404e-01
-1.321937405098067009e+00
-2.445410392251435097e-02
1.194867644988660160e+00
6.840442079387225593e-01
4.967622339195239434e+00
-6.633915521582157693e-01
1.214442085513447234e+00
5.387612150172987890e-02
5.080633690809855940e-01
-6.899803811299888290e-01
-3.471885569171078711e-01
-1.348568018942586599e+00
-1.928593481635657858e-01
8.652410778134441566e-04
-3.058723618399799005e-01
2.554061521811716862e+00
6.238902675470876513e-01
8.216236829865669611e-01
-1.374422027093032961e+00
-3.263006986159963652e-01
1.641360081374512614e+00
-1.712076747618451522e+00
1.480055925509102532e-01
-1.329776161540729307e+00
6.345219933027210768e-01
1.504475401735658524e+00
2.514596477605652303e-01
-2.374774950128419049e-01
-1.025480715420264310e+00
1.851081479131282403e+00
-8.883403815225386913e-01
6.320833169512849459e-01
-5.754148686738171092e-02
1.460344100003227730e-01
-5.085369498585590176e-01
5.123499698832107985e-01
-8.560566341103270638e-01
-8.902783997308576225e-02
-8.505956856068430660e-01
-1.763732532323853075e+00
-7.630670289502339276e-01
-2.925912069148844386e-01
-6.067638572252685991e-01
-3.199630618103564694e-02
8.514586695031554076e-01
-1.123732204276338242e+00
3.699067117402109472e-01
1.388634872484027172e+00
-7.929863899901390401e-02
2.823102126385300115e-01
-8.802994006415333361e-01
1.717092487095944087e+00
3.783449280551697685e-02
-9.198217711160588950e-01
-2.257327386540815620e-02
1.736126722101471120e+00
-8.158291572389537727e-01
-1.948486295205118957e+00
-1.181792030895608470e+00
-7.405180197425808020e-01
-1.359297424302409629e+00
-1.188751378882794141e-01
1.562579825284541757e+00
7.843907663244441553e-01
7.631175044684900266e-01
-3.589387431536916195e-01
-4.179957288966677786e-02
-1.385085291513470818e+00
1.965463644488143757e-01
-9.459225505729274008e-01
5.740693984803884042e-01
-1.534103489957425182e-01
1.133709245815865518e+00
-1.313089848538040727e-01
-1.034598527549107222e-01
-6.707843405788004310e-01
1.990541009042520848e+00
-1.267669134003794329e-01
-4.254062694366215425e+00
-5.526711324731620190e-01
-1.799567601122639138e+00
9.831973675323556483e-01
-8.501023872549593463e-01
9.812529541460627280e-01
-1.272152050714697280e+00
-1.776928818157822165e-01
-9.087797222119222695e-01
-5.634252273004961564e-01
-1.050934691450973874e-01
-8.496787298563909241e-01
1.185590641962196212e+00
-2.371547696292011231e-01
1.976743118064832494e+00
-7.845728197223975631e-01
5.061582310496671733e-01
-2.533803149352430228e+00
2.491659088649005760e+00
-6.432426252694857238e-01
1.687366575595545370e+00
-3.234664921334362009e-01
-2.932546241208041637e-01
-7.661852432668994073e-01
-7.496630070646151944e-01
1.143414441201593551e-01
-1.248359471900089224e+00
1.744114682998613303e-02
6.715656137679464344e-01
-1.443475349807468389e+00
1.887921805908094663e+00
-1.317099424180032896e+00
-7.364097222588071590e-02
-1.816344536221263350e+00
-1.109181133507499029e+00
1.145046947981454899e+00
-8.354838785527570573e-04
4.898669184047660385e-01
-1.208735379819627420e+00
-4.474572199702764319e-01
1.130569272376599432e+00
1.371173948457556024e+00
-1.395285891241531573e+00
9.294242502605225553e-01
2.060880407030323269e-01
-2.275306345804614105e-01
1.092441201152632546e+00
4.557639908670982343e-01
-1.421143083776231553e+00
-1.292783405904561755e-01
-6.842511441941762085e-01
4.974339778529877631e-01
3.952972843481770276e-02
-2.222614672076199227e+00
-9.911547915881202542e-01
6.017377442409879151e-01
-5.990114241975944553e-01
1.609869545724736062e+00
3.656686816010723540e-01
1.163729193133496098e+00
1.880358012652945665e-01
9.970248954740078551e-01
3.087446001339421570e-02
-2.050044057837656641e+00
-9.383487010355400226e-01
-1.535640171755229044e+00
-7.573466246132177782e-01
-1.729950956582938737e+00
3.401051905373846940e-01
4.843195729380239123e-01
-5.012481012712750178e-03
-4.369143464567659119e-01
-1.020117569453917739e+00
3.744968705813492976e-02
7.647921050281714095e-02
-7.565930948252011512e-02
2.076396163677283635e+00
3.972775618370262274e-01
2.185083480863985739e-01
8.761940251076463237e-01
-3.536290608749015352e-01
-7.555177709089385685e-01
2.059368661393860545e-01
-1.426297613105509177e+00
-2.558163997111710497e+00
-9.009761777996569965e-01
1.820033128427608560e+00
1.441811346541328476e+00
7.145515477291852768e-01
2.784783231005363291e-01
-2.003972694705028701e+00
-8.316050220371189461e-01
-7.321233084502813959e-01
-1.879870115802324826e-01
-4.937487336708580310e-01
4.839214968782885040e-01
1.606816939319592574e+00
-9.828866862100531510e-01
4.782488515323201628e-01
-2.112239946220338727e+00
-4.466913732102500978e-01
-4.292815609566445478e-01
-2.540377536939674719e-01
-1.253553989605231678e+00
8.268504680901076487e-01
8.304072217037583581e-01
-2.740936111324309143e-01
-6.828994126351971561e-01
-4.524866446810002496e-01
6.081915229772502096e-01
1.540654813979432713e+00
-3.864349635338605315e-01
3.616579438200878127e-01
1.410229283082130858e-01
-2.796637565840461859e-01
-1.129182724331213139e+00
-1.691212699593828139e-01
1.040706449271431966e+00
-1.168142150957564684e+00
1.564424208716703069e+00
-7.926438111689066979e-01
3.897197184424863736e-01
-4.266150126831833034e-01
4.682769891914004279e-01
-1.570334584652560359e-02
1.784944571655317988e-02
6.283485206904956266e-01
7.732775695349946021e-01
9.513632123165180476e-02
1.572054678640252057e+00
-1.018873452376764188e+00
2.282386621396245152e-01
5.176929565193498783e-01
-8.068482176347183676e-01
-5.880342908223694653e-01
