2.071772169941823449e-01
8.326517256964134361e-01
7.045506708951094765e-01
2.676370797680007740e-01
5.722867501795203538e-01
6.928424208174313037e-01
4.418834806242308844e-01
8.852634507910277506e-01
9.460129336534777167e-01
4.772505308252981138e-01
6.929253310109650954e-01
8.326517256964134361e-01
4.633850722882133510e-01
5.562026468481366948e-01
4.546867044321416529e-01
4.055719097250385374e-01
3.941695433252068170e-01
1.584689872915632236e-01
6.737734883932127161e-01
1.822716257373215853e-01
3.318386217152635709e-01
1.584689872915632236e-01
5.912356586065339314e-01
4.570969109991480650e-01
8.872712425012654336e-01
3.671536029019915048e-01
5.195612839630712187e-01
6.453449648137645767e-01
3.180295749229102853e-01
7.045506708951094765e-01
-1.060981333468902221e-02
6.175864622504363410e-01
6.928424208174313037e-01
4.924103376949506838e-01
5.111379305310919108e-01
6.929253310109650954e-01
6.737734883932127161e-01
7.468614240328825815e-01
7.668244805901220928e-01
6.890311736309566726e-01
1.142549839517966959e+00
5.752757091126632361e-01
1.822716257373215853e-01
7.045506708951094765e-01
4.414523759026884875e-01
4.406943506896627838e-01
7.468614240328825815e-01
6.175864622504363410e-01
6.326060528309671582e-01
5.195612839630712187e-01
6.928424208174313037e-01
5.752757091126632361e-01
2.292206248861443640e-01
5.871567210392409919e-01
6.326060528309671582e-01
4.418834806242308844e-01
5.084183697739987906e-01
8.864804263737813272e-01
8.872712425012654336e-01
6.902400714729104436e-01
3.744363460755906203e-01
5.306184868510772645e-01
4.586039022304095880e-01
4.994076641369211700e-01
1.871237484109933291e-01
5.646053959167751657e-01
6.981183847224325945e-01
3.512194157338761613e-01
8.749624788341865411e-01
9.460129336534777167e-01
4.772505308252981138e-01
6.314627352554396111e-01
7.842564499003934486e-01
6.090467928202532022e-01
7.010813249982774664e-01
1.114059017618352243e+00
6.876557179515376816e-01
8.275570561107752354e-01
1.871237484109933291e-01
1.270869774612156888e+00
8.872712425012654336e-01
9.964070849382586914e-01
3.285845720133853121e-01
3.464179874631110323e-01
8.735457002826283457e-01
5.722867501795203538e-01
6.453449648137645767e-01
7.522999503317624459e-01
4.791974719529434878e-01
1.030648388225598566e+00
5.871567210392409919e-01
4.603032614305142545e-01
1.040123618692470941e+00
3.298840855119440363e-01
9.654509973567879655e-01
9.731026350103491040e-01
4.772505308252981138e-01
6.928424208174313037e-01
4.720353215247303780e-01
9.352289030956821847e-01
5.752757091126632361e-01
4.450326792953926969e-01
4.512531231240792806e-01
3.096218347526580317e-01
7.893827456704443080e-01
8.467099662911881097e-01
6.737734883932127161e-01
3.769059736751749767e-01
7.657943863577489907e-01
6.928424208174313037e-01
4.924103376949506838e-01
6.185222313136602423e-01
5.239542503378125105e-01
6.112907545591461655e-01
5.752757091126632361e-01
7.869020614821629067e-01
6.259850814787668583e-01
9.460129336534777167e-01
2.595686141130784108e-01
6.697685019177708199e-01
2.298426888742071128e-01
8.070945349508509281e-01
4.103931914866336683e-01
4.461019800956727011e-01
3.216399090667003691e-01
8.852364791155640233e-01
3.373637833868201596e-01
8.251007408117896347e-01
5.752757091126632361e-01
7.468614240328825815e-01
3.469535338896942989e-01
7.176686667576124279e-01
2.196516167083633064e-01
6.928424208174313037e-01
3.741493748530366759e-01
4.331550223940077160e-01
6.928424208174313037e-01
8.872712425012654336e-01
7.478157242918044290e-01
6.314627352554396111e-01
1.097245361920714757e+00
1.432375668148207382e+00
2.377854414132567484e-01
2.763373833488707021e-01
5.576818994101859772e-01
7.668244805901220928e-01
9.307918818725759991e-01
3.508295093394071529e-01
9.078285291131358292e-01
9.883236867912508217e-01
8.020233383255099824e-01
8.020934234874026458e-01
7.983065125847002008e-01
5.161036034292525443e-01
4.016108065927266324e-01
1.833268148977555967e-01
2.642312680046821072e-01
4.261587971586759949e-01
4.219555548028335323e-01
6.175864622504363410e-01
7.351531739552044087e-01
4.349258293909503692e-01
7.850915161002589571e-01
6.929253310109650954e-01
8.020934234874026458e-01
7.072774109554345046e-01
6.808816164898114920e-01
9.158564534204014507e-01
1.030648388225598566e+00
1.077352107738112963e+00
3.710148035290465884e-01
6.847017704308271391e-01
6.175864622504363410e-01
5.662650034755856154e-01
6.220065312599256657e-01
3.710148035290465884e-01
7.454784764811783759e-01
6.291197277144249256e-01
7.072774109554345046e-01
7.668244805901220928e-01
5.489249054687608265e-01
6.051716347516027383e-01
6.102957771917516538e-01
6.929253310109650954e-01
7.352360841487382004e-01
2.806323519459166249e-01
1.203929525079958651e+00
4.450326792953926969e-01
5.347210908327237888e-01
4.047693491578741032e-01
1.783484969199999881e-01
5.239542503378125105e-01
8.237381932368137427e-01
6.259850814787668583e-01
2.956012566814365528e-01
8.478256325855468845e-01
2.670611346241802408e-01
9.307918818725759991e-01
1.270869774612156888e+00
5.239542503378125105e-01
1.081022902962851973e+00
8.890207194289612147e-01
4.649298626516706889e-01
2.065248005799400488e-01
6.014142245056479652e-01
5.451093955371302258e-01
4.527039446244067733e-01
5.239542503378125105e-01
8.872712425012654336e-01
6.928424208174313037e-01
4.995058437127539719e-01
7.597826703496295409e-01
6.941665509235530607e-01
1.584689872915632236e-01
6.847017704308271391e-01
3.065420211424552122e-01
6.737734883932127161e-01
9.354819783925787391e-01
7.445913083443898017e-01
3.771656299118113509e-01
1.030648388225598566e+00
3.179174339650696623e-01
4.052258819355181174e-02
1.049361617146375991e+00
5.239542503378125105e-01
4.004170174934298387e-01
6.737734883932127161e-01
-1.060981333468902221e-02
6.929253310109650954e-01
7.351531739552044087e-01
9.460129336534777167e-01
3.046427807519211939e-01
5.662650034755856154e-01
5.662650034755856154e-01
8.612819060158436457e-01
6.089690156393903209e-01
3.426714150152054827e-01
6.928424208174313037e-01
8.449604893634923286e-01
1.142549839517966959e+00
4.698295137357391127e-01
8.081051394955220957e-01
9.158564534204014507e-01
6.936780988041224560e-01
3.373637833868201596e-01
8.020934234874026458e-01
7.869020614821629067e-01
5.752757091126632361e-01
7.597826703496295409e-01
4.976424157457337571e-01
6.928424208174313037e-01
3.145596525355855988e-01
9.158564534204014507e-01
9.460129336534777167e-01
4.975958532166089299e-01
4.747956000494877316e-01
3.716312344453474026e-01
5.489249054687608265e-01
1.109918979781179260e+00
3.761146476613337342e-01
4.924103376949506838e-01
9.541285818399298790e-01
7.597826703496295409e-01
3.458256714526157793e-01
8.580406381522216464e-01
9.327328314397078657e-01
7.668244805901220928e-01
6.487511178041724946e-01
3.729958748933732693e-01
8.478256325855468845e-01
5.254766272716135944e-01
5.239542503378125105e-01
5.347210908327237888e-01
3.192640234480244033e-01
1.030648388225598566e+00
9.548793901047236687e-01
4.103931914866336683e-01
4.113984392997611650e-01
6.928424208174313037e-01
6.294674741770140969e-01
5.465368713736840078e-01
7.478157242918044290e-01
2.732192605256962281e-01
3.328355561296465481e-01
2.800961945510298534e-01
4.103931914866336683e-01
3.065420211424552122e-01
8.872712425012654336e-01
1.628991446634330487e+00
7.131992895194212423e-01
1.822716257373215853e-01
8.309989788818938905e-01
8.449604893634923286e-01
6.876557179515376816e-01
2.247503814864071359e-01
3.967414248506084817e-01
8.340302093462170774e-01
6.258363231772907653e-01
4.040562292089475704e-01
5.752757091126632361e-01
5.094673426641342928e-01
4.103792431900590287e-01
7.907888115730337120e-01
7.072774109554345046e-01
2.149684125311406291e-01
5.313190523873654314e-01
1.203929525079958651e+00
5.752757091126632361e-01
5.169692027956322988e-01
3.017691700917612962e-01
8.070945349508509281e-01
6.831264055276289326e-01
6.185222313136602423e-01
5.239542503378125105e-01
1.489993691765453931e+00
6.259850814787668583e-01
4.344186408722094939e-01
3.710148035290465884e-01
6.069161490545482707e-01
4.994076641369211700e-01
5.662650034755856154e-01
5.752757091126632361e-01
7.659496200691453538e-01
1.142549839517966959e+00
1.086362813375190584e+00
1.927112747744139654e-01
8.735457002826283457e-01
7.635669669709717056e-01
9.158564534204014507e-01
6.314627352554396111e-01
6.175864622504363410e-01
9.078285291131358292e-01
6.069161490545482707e-01
6.929253310109650954e-01
6.790006655425298021e-01
3.373637833868201596e-01
8.749624788341865411e-01
6.831264055276289326e-01
1.142549839517966959e+00
5.646053959167751657e-01
4.096459948295319009e-01
4.185973382586425373e-01
4.527039446244067733e-01
5.752757091126632361e-01
6.294674741770140969e-01
7.869020614821629067e-01
1.833268148977555967e-01
5.084183697739987906e-01
2.253263266302276691e-01
7.352360841487382004e-01
1.584689872915632236e-01
5.821697249112229855e-01
7.781837153714921129e-01
3.624585960201009982e-01
8.645732683226938775e-01
3.046427807519211939e-01
8.422311881728727911e-01
7.072774109554345046e-01
9.501392822509071578e-01
3.967414248506084817e-01
3.643795184134379639e-01
3.065420211424552122e-01
4.772505308252981138e-01
5.679850240539785489e-01
2.007797404293363286e-01
5.565115164093832334e-01
4.383168262680765537e-01
3.721948386497153649e-01
4.791974719529434878e-01
2.650492076174497669e-01
2.649812823765991254e-01
8.081051394955220957e-01
5.752757091126632361e-01
6.259850814787668583e-01
3.819401962530406536e-01
7.450592939257987268e-01
8.528759940122334626e-01
7.597826703496295409e-01
3.761146476613337342e-01
7.045506708951094765e-01
5.341970643998728008e-01
6.928424208174313037e-01
4.133255566668196934e-01
6.252912087395010587e-01
4.103931914866336683e-01
8.449604893634923286e-01
7.657943863577489907e-01
3.046427807519211939e-01
6.314627352554396111e-01
7.850915161002589571e-01
1.148409719005023533e-01
6.285638349473003927e-01
4.103931914866336683e-01
6.928424208174313037e-01
8.994118474235843763e-01
5.306184868510772645e-01
6.487511178041724946e-01
5.239542503378125105e-01
9.682644940764078001e-01
7.045506708951094765e-01
4.932315066523784708e-01
6.487511178041724946e-01
7.597826703496295409e-01
9.160821810205579396e-01
5.347210908327237888e-01
4.772365825287234742e-01
4.066902715512110689e-01
1.086362813375190584e+00
3.610176385208934136e-01
6.649666578176613996e-01
8.081051394955220957e-01
7.657943863577489907e-01
3.604813172863359227e-01
3.863176016797655876e-01
8.020934234874026458e-01
5.679850240539785489e-01
4.763014746472311600e-01
8.467099662911881097e-01
7.351531739552044087e-01
9.731026350103491040e-01
1.057179905192699110e+00
3.721948386497153649e-01
8.070945349508509281e-01
1.399608725995484804e-01
6.102957771917516538e-01
6.847017704308271391e-01
1.039959974349013549e+00
7.359888519418955610e-01
5.912356586065339314e-01
9.336878594091260197e-01
6.339647555192211570e-01
5.026140145682873595e-01
1.203929525079958651e+00
6.929253310109650954e-01
6.617125570851065675e-01
5.832183776619643822e-01
