1.302638840366963091e+00
-1.200296567210083820e+00
-6.253654854483174930e-01
2.280852999761898037e+00
6.144280034551270475e-01
-3.389080976450188909e-01
9.599598765224726105e-01
-1.212140376140768305e+00
-7.610941226710881136e-01
9.893895312696746602e-01
-2.909902499771068740e-01
-1.200296567210083820e+00
8.546244625920045301e-01
2.469194508634716956e-01
5.539811706846632378e-01
7.025418102502927198e-01
7.370312722346601397e-01
2.532053461576402320e+00
-2.214212212789908318e-01
1.125087560316128998e+00
1.885296580898794483e+00
2.532053461576402320e+00
4.368078848125219737e-01
9.546754548900642234e-01
-1.317541828503931756e+00
8.187481034191212981e-01
7.287059170922132179e-01
-7.039290858495114711e-02
9.673366714490461149e-01
-6.253654854483174930e-01
1.601439217081275901e+00
1.247564276295143326e-01
-3.389080976450188909e-01
1.363160201771573821e+00
1.187614614316853334e+00
-2.909902499771068740e-01
-2.214212212789908318e-01
-1.021970969143383368e+00
-1.209097340449867941e+00
-2.508065147132301220e-01
-1.246473541107989913e+00
3.854400418069757195e-01
1.125087560316128998e+00
-6.253654854483174930e-01
5.940118848978058752e-01
5.963047319131612456e-01
-1.021970969143383368e+00
1.247564276295143326e-01
2.561783323398182655e-02
7.287059170922132179e-01
-3.389080976450188909e-01
3.854400418069757195e-01
1.235962744209682107e+00
4.750423497385068972e-01
2.561783323398182655e-02
9.599598765224726105e-01
6.835911592976056106e-01
-1.218102289507738023e+00
-1.317541828503931756e+00
-1.585120621202609770e-01
7.967195275060138249e-01
5.252507276791020807e-01
5.421325736644337923e-01
7.311864702792016946e-01
2.380696584377942848e+00
3.868065244303381389e-01
-1.823420966755742167e-01
1.404119404481598776e+00
-1.460980181387545151e+00
-7.610941226710881136e-01
9.893895312696746602e-01
3.926239289847052033e-02
-4.428893743359457735e-01
8.707840561969015791e-02
-1.913042903485657475e-01
-1.440464151605266085e+00
-4.669983922800171050e-01
-9.294391201094966970e-01
2.380696584377942848e+00
-1.563380206530020855e+00
-1.317541828503931756e+00
-1.756628472259075702e+00
9.354103012437858800e-01
1.427641404260140856e+00
-5.821246643163993095e-01
6.144280034551270475e-01
-7.039290858495114711e-02
-2.826888339809300321e-01
1.487012759809082318e+00
-9.701149553674337511e-01
4.750423497385068972e-01
4.384438327870611718e-01
-1.216827053731367014e+00
1.626624382507532829e+00
-9.909600324025213958e-01
-1.770910519369100156e+00
9.893895312696746602e-01
-3.389080976450188909e-01
8.122472470737431838e-01
-1.456919073596462333e+00
3.854400418069757195e-01
4.761569851506624040e-01
9.140583829714024056e-01
9.927680972433122752e-01
-4.583952067993194990e-01
-1.957914587770417603e+00
-2.214212212789908318e-01
1.278282012744315743e+00
-6.758907771782308727e-01
-3.389080976450188909e-01
1.363160201771573821e+00
9.461389605724832008e-02
7.016401178189485277e-01
8.029095200049528314e-02
3.854400418069757195e-01
-1.397297220872364409e+00
6.259382234688071200e-02
-7.610941226710881136e-01
2.330564163752362195e+00
-9.659040523132410294e-02
1.234081147748402607e+00
-1.586574062174894273e+00
1.201368460268973815e+00
5.799479317293959602e-01
9.564162644180153050e-01
-6.109969181358283485e-01
7.420625963638526335e-01
-9.174057324047250050e-01
3.854400418069757195e-01
-1.021970969143383368e+00
1.792171083444865198e+00
-3.911004166516740543e-01
1.264906731115816862e+00
-3.389080976450188909e-01
1.624612966721332930e+00
1.002720234686816481e+00
-3.389080976450188909e-01
-1.317541828503931756e+00
-5.387896125854407803e-01
3.926239289847052033e-02
-2.250631047137053642e+00
-2.403296745513372912e+00
2.113097227522367838e+00
1.093445691797578778e+00
2.424450616695908722e-01
-1.209097340449867941e+00
-1.547421534758237405e+00
8.681246262051561802e-01
-6.667916099311677058e-01
-8.655873152412386640e-01
-8.043504860154889746e-01
-1.012021765364018222e+00
-4.853874914667484219e-01
1.141068217583294020e+00
1.157254051553308294e+00
1.122481601405869389e+00
9.226750753731888244e-01
6.402713440487005636e-01
1.057585966161632030e+00
1.247564276295143326e-01
-5.995917118224802778e-01
1.250159083231104473e+00
-1.380325832426413379e+00
-2.909902499771068740e-01
-1.012021765364018222e+00
-6.509249468224630464e-01
-1.302049488374630304e-01
-6.866178568865498599e-01
-9.701149553674337511e-01
-1.085457283140999873e+00
6.589560036626113115e-01
-4.393091714938397452e-01
1.247564276295143326e-01
4.409565036414871964e-01
7.754445381160399164e-02
6.589560036626113115e-01
-3.255951747658838991e-01
2.636252431303124852e-02
-6.509249468224630464e-01
-1.209097340449867941e+00
8.334133685075879594e-01
1.600179199574279232e-01
2.581453229299505714e-01
-2.909902499771068740e-01
-5.144792345879695139e-01
2.200786958216195188e+00
-1.398060521430459557e+00
4.761569851506624040e-01
9.665547180765079460e-01
1.435958192796263244e+00
1.389838901318447340e+00
7.016401178189485277e-01
-5.623123114815296031e-01
6.259382234688071200e-02
1.807709190427862378e+00
-1.968372434476091559e+00
9.156862657753972456e-01
-1.547421534758237405e+00
-1.563380206530020855e+00
7.016401178189485277e-01
-2.171157887382144214e+00
-2.354520071465483699e+00
5.229980393219031409e-01
1.304612245739844134e+00
1.784253183374844565e-01
2.804739128021477290e-01
9.778794756581111747e-01
7.016401178189485277e-01
-1.317541828503931756e+00
-3.389080976450188909e-01
6.776702878057134782e-01
-7.513381511865567797e-01
-1.703887339440446069e-01
2.532053461576402320e+00
-4.393091714938397452e-01
8.181818828030382740e-01
-2.214212212789908318e-01
-9.003108369609387207e-01
-1.000691737177298313e+00
7.884640893089679414e-01
-9.701149553674337511e-01
9.676758713279757229e-01
1.475159548599205062e+00
-2.016050549322332408e+00
7.016401178189485277e-01
1.163102375290697044e+00
-2.214212212789908318e-01
1.601439217081275901e+00
-2.909902499771068740e-01
-5.995917118224802778e-01
-7.610941226710881136e-01
2.052854697622326530e+00
4.409565036414871964e-01
4.409565036414871964e-01
-1.094655773834903645e+00
1.414147070456696076e-01
8.928009323501323591e-01
-3.389080976450188909e-01
-1.094052843893069227e+00
-1.246473541107989913e+00
8.230534087819322275e-01
-8.993797617890934015e-01
-6.866178568865498599e-01
-2.735716101661064270e-01
7.420625963638526335e-01
-1.012021765364018222e+00
-1.397297220872364409e+00
3.854400418069757195e-01
-7.513381511865567797e-01
4.240503019148732511e-01
-3.389080976450188909e-01
9.778323661206457240e-01
-6.866178568865498599e-01
-7.610941226710881136e-01
1.314553080906133653e+00
4.026526776361905036e-01
1.304122743460073952e+00
8.334133685075879594e-01
-1.427941516163457436e+00
1.282158686365717504e+00
1.363160201771573821e+00
-1.948735759376969412e+00
-7.513381511865567797e-01
8.832600525299036942e-01
-5.438324259880221723e-01
-1.444690921132633754e+00
-1.209097340449867941e+00
-1.023209376110784802e-01
8.010766121967316522e-01
-1.968372434476091559e+00
5.504404864485620275e-01
7.016401178189485277e-01
9.665547180765079460e-01
9.636027565768481296e-01
-9.701149553674337511e-01
-1.553186001895541235e+00
1.201368460268973815e+00
6.849179361156082502e-01
-3.389080976450188909e-01
7.843686604344095314e-02
4.472672160862411483e-01
-5.387896125854407803e-01
1.102877275979442073e+00
9.225520795437618382e-01
1.889608242911505087e+00
1.201368460268973815e+00
8.181818828030382740e-01
-1.317541828503931756e+00
-2.998012980708554043e+00
-3.692051212357120860e-01
1.125087560316128998e+00
-9.463009583156333226e-01
-1.094052843893069227e+00
-4.669983922800171050e-01
1.020179458345547685e+00
1.485419574775133977e+00
-4.845348201820440237e-01
1.124739438975198014e-01
1.145274026653753996e+00
3.854400418069757195e-01
3.882826942868534137e-01
1.201442136353830126e+00
-7.493130011502489030e-01
-6.509249468224630464e-01
1.279072316290990274e+00
5.218186859073318251e-01
-1.398060521430459557e+00
3.854400418069757195e-01
5.921180093344982076e-01
8.299692041566627543e-01
-1.586574062174894273e+00
-2.218792984379187871e-01
9.461389605724832008e-02
7.016401178189485277e-01
-2.577577641730735003e+00
6.259382234688071200e-02
6.152872700621871971e-01
6.589560036626113115e-01
1.633175398194756101e-01
7.311864702792016946e-01
4.409565036414871964e-01
3.854400418069757195e-01
-3.875155432048540960e-01
-1.246473541107989913e+00
-1.107710666252904597e+00
2.351182796490946636e+00
-5.821246643163993095e-01
-6.159543031561682813e-01
-6.866178568865498599e-01
3.926239289847052033e-02
1.247564276295143326e-01
-6.667916099311677058e-01
1.633175398194756101e-01
-2.909902499771068740e-01
-2.016674678027067513e-01
7.420625963638526335e-01
-1.460980181387545151e+00
-2.218792984379187871e-01
-1.246473541107989913e+00
3.868065244303381389e-01
6.902186662286643459e-01
2.055056189751177431e+00
9.778794756581111747e-01
3.854400418069757195e-01
7.843686604344095314e-02
-1.397297220872364409e+00
1.122481601405869389e+00
6.835911592976056106e-01
2.541536613939359590e+00
-5.144792345879695139e-01
2.532053461576402320e+00
1.683751802886256088e-01
-4.245207884361987261e-01
1.696641806973724576e+00
-6.858287571400412119e-01
2.052854697622326530e+00
-6.182492480312725691e-01
-6.509249468224630464e-01
-7.712848025013138153e-01
1.485419574775133977e+00
2.563274150196847678e+00
8.181818828030382740e-01
9.893895312696746602e-01
6.547508066250165015e-01
2.308564476965540013e+00
3.984018399752773942e-01
9.774327696377183017e-01
1.403135397896679626e+00
1.487012759809082318e+00
1.127589754013247125e+00
1.969446490256011817e+00
-8.993797617890934015e-01
3.854400418069757195e-01
6.259382234688071200e-02
1.253619563222224231e+00
-3.243272466620746863e-01
-6.504472684643838321e-01
-7.513381511865567797e-01
1.282158686365717504e+00
-6.253654854483174930e-01
3.134811339983393785e-01
-3.389080976450188909e-01
5.544628110924607611e-01
3.794288886297369351e-02
1.201368460268973815e+00
-1.094052843893069227e+00
-6.758907771782308727e-01
2.052854697622326530e+00
3.926239289847052033e-02
-1.380325832426413379e+00
2.762500337068925393e+00
4.542049252670862791e-02
1.201368460268973815e+00
-3.389080976450188909e-01
-1.281452789799858216e+00
5.252507276791020807e-01
-1.023209376110784802e-01
7.016401178189485277e-01
-1.618759076177361811e+00
-6.253654854483174930e-01
7.084080072137620698e-01
-1.023209376110784802e-01
-7.513381511865567797e-01
-1.363120069005874235e+00
9.665547180765079460e-01
9.894754690536430308e-01
2.166668666501781804e+00
-1.107710666252904597e+00
1.356118313716663026e+00
-2.543194631273971162e-01
-8.993797617890934015e-01
-6.758907771782308727e-01
8.389301895774288198e-01
7.607815389238549164e-01
-1.012021765364018222e+00
6.547508066250165015e-01
4.886016021378070673e-01
-1.957914587770417603e+00
-5.995917118224802778e-01
-1.770910519369100156e+00
-2.054352021160187114e+00
1.403135397896679626e+00
-1.586574062174894273e+00
1.229580752886279438e+00
2.581453229299505714e-01
-4.393091714938397452e-01
-2.477557298816241982e+00
-4.808502509814674419e-01
4.368078848125219737e-01
-8.948840513003640806e-01
1.170746093169761429e-02
3.339506402169106214e-01
-1.398060521430459557e+00
-2.909902499771068740e-01
-7.222307714244287358e-02
2.675660242465005001e-01
