1.155701724203415992e+01
1.264612720032568305e+01
1.393383863721598459e+01
1.150604206067905011e+01
1.379120046892994900e+01
1.248134142019022974e+01
1.221387437034779211e+01
1.268717155383203199e+01
1.314258203186773599e+01
1.218048643055074720e+01
1.255871902030151510e+01
1.264612720032568305e+01
1.226480829197337918e+01
1.183342221137252004e+01
1.169290643161405008e+01
1.162102074851162392e+01
1.160388947330366527e+01
1.169345515174940253e+01
1.220860573989651954e+01
1.118848389355567186e+01
1.193739267418989058e+01
1.169345515174940253e+01
1.378645843723248632e+01
1.224519416066846311e+01
1.253060416306996139e+01
1.156252987117003883e+01
1.198823730890846662e+01
1.395212931698677217e+01
1.148404486961006832e+01
1.393383863721598459e+01
1.097107322563042509e+01
1.213121075068251997e+01
1.248134142019022974e+01
1.399237098571312998e+01
1.398800361000059667e+01
1.255871902030151510e+01
1.220860573989651954e+01
1.374158951557370401e+01
1.373509378855753837e+01
1.266253233153794788e+01
1.342879719902816227e+01
1.232345987232480056e+01
1.118848389355567186e+01
1.393383863721598459e+01
1.167381857000712841e+01
1.192537645445001182e+01
1.374158951557370401e+01
1.213121075068251997e+01
1.257574600324739933e+01
1.198823730890846662e+01
1.248134142019022974e+01
1.232345987232480056e+01
1.159693169050358286e+01
1.396865398445948792e+01
1.257574600324739933e+01
1.221387437034779211e+01
1.231862384175287062e+01
1.293602403801278555e+01
1.253060416306996139e+01
1.200020080680378065e+01
1.157379191518821671e+01
1.212648082554606077e+01
1.169851939631983306e+01
1.205294503902618253e+01
1.146013220010276257e+01
1.239601883096687196e+01
1.200925227574209764e+01
1.185801833512612902e+01
1.245387807868340246e+01
1.314258203186773599e+01
1.218048643055074720e+01
1.240085486153880012e+01
1.210270178162837951e+01
1.214653542079061488e+01
1.225187291456226646e+01
1.259165209598825896e+01
1.375988019534449336e+01
1.260870823479420721e+01
1.146013220010276257e+01
1.359149738836280541e+01
1.253060416306996139e+01
1.306782552352387938e+01
1.176057603060263368e+01
1.182302941653972006e+01
1.302122404956480572e+01
1.379120046892994900e+01
1.395212931698677217e+01
1.276930431143483524e+01
1.381211781444606856e+01
1.301617964639782699e+01
1.396865398445948792e+01
1.182303421729287507e+01
1.254532042839382910e+01
1.204746505627384323e+01
1.249254475082927662e+01
1.260978769027192747e+01
1.218048643055074720e+01
1.248134142019022974e+01
1.228405725570168094e+01
1.275194114232623122e+01
1.232345987232480056e+01
1.153898274806502755e+01
1.223667182885743365e+01
1.147010886794963369e+01
1.234216569838241995e+01
1.388408499490236636e+01
1.220860573989651954e+01
1.200590920023533137e+01
1.264129116975375489e+01
1.248134142019022974e+01
1.399237098571312998e+01
1.229073910335558395e+01
1.225003019124039128e+01
1.214924120414723063e+01
1.232345987232480056e+01
1.372839636373964112e+01
1.247650538961829980e+01
1.314258203186773599e+01
1.178661862306690722e+01
1.221733263926604174e+01
1.159803400252655159e+01
1.372149587256675929e+01
1.217565039997881726e+01
1.168054696361746814e+01
1.148997942018110408e+01
1.277308589003697392e+01
1.163549469724008034e+01
1.285553747936135771e+01
1.232345987232480056e+01
1.374158951557370401e+01
1.169219595566933378e+01
1.244970481991473044e+01
1.130762768265382512e+01
1.248134142019022974e+01
1.174514355254761355e+01
1.219164226580021726e+01
1.248134142019022974e+01
1.253060416306996139e+01
1.274829221793005907e+01
1.240085486153880012e+01
1.317430017693108546e+01
1.252581985152234623e+01
1.187960904673968621e+01
1.167731283720846314e+01
1.183538898166696995e+01
1.373509378855753837e+01
1.280203681191420806e+01
1.153695882446226584e+01
1.308024342433513354e+01
1.295033291022545541e+01
1.282413299200055157e+01
1.237130592923116268e+01
1.235071807577985759e+01
1.380430396462081077e+01
1.209993898872039431e+01
1.143331064824088195e+01
1.153609639253624941e+01
1.165150969107101986e+01
1.216142215687105299e+01
1.213121075068251997e+01
1.228909229854794916e+01
1.211463969437837562e+01
1.390664006812790277e+01
1.255871902030151510e+01
1.237130592923116268e+01
1.375398135041392322e+01
1.198933845641679063e+01
1.282897492792252514e+01
1.301617964639782699e+01
1.308572340708747284e+01
1.168383803079358607e+01
1.394013403498369463e+01
1.213121075068251997e+01
1.205778106959811069e+01
1.229668884591733757e+01
1.168383803079358607e+01
1.206187783089317378e+01
1.217049614990751216e+01
1.375398135041392322e+01
1.373509378855753837e+01
1.397870755887476513e+01
1.253151026158075609e+01
1.378152702471265911e+01
1.255871902030151510e+01
1.236646989865923452e+01
1.183425002556312222e+01
1.350928375767959011e+01
1.153898274806502755e+01
1.380012186407084940e+01
1.180103259043316299e+01
1.150187543874477925e+01
1.225003019124039128e+01
1.214220503610996182e+01
1.247650538961829980e+01
1.198844568150351542e+01
1.370708021694297329e+01
1.129286072290491028e+01
1.280203681191420806e+01
1.359149738836280541e+01
1.225003019124039128e+01
1.315809078116016018e+01
1.369183587326008755e+01
1.195918224782848505e+01
1.155580882660400732e+01
1.252532817272564536e+01
1.181859082447405207e+01
1.198340127833653668e+01
1.225003019124039128e+01
1.253060416306996139e+01
1.248134142019022974e+01
1.205838237480836206e+01
1.256355505087344326e+01
1.200472259107207584e+01
1.169345515174940253e+01
1.394013403498369463e+01
1.134384727089396883e+01
1.220860573989651954e+01
1.224313694198155389e+01
1.392064548538192170e+01
1.157799039874356062e+01
1.301617964639782699e+01
1.174398742502044080e+01
1.102642248981350015e+01
1.312544677543108484e+01
1.225003019124039128e+01
1.209598727471476387e+01
1.220860573989651954e+01
1.097107322563042509e+01
1.255871902030151510e+01
1.228909229854794916e+01
1.314258203186773599e+01
1.188444507731161437e+01
1.205778106959811069e+01
1.205778106959811069e+01
1.290354552692568468e+01
1.253772629834700147e+01
1.178219929989258574e+01
1.248134142019022974e+01
1.272285328471224197e+01
1.342879719902816227e+01
1.227920731561433243e+01
1.244904204811147430e+01
1.282897492792252514e+01
1.266946699466112314e+01
1.163549469724008034e+01
1.237130592923116268e+01
1.372839636373964112e+01
1.232345987232480056e+01
1.256355505087344326e+01
1.200389777173344008e+01
1.248134142019022974e+01
1.147831332688898165e+01
1.282897492792252514e+01
1.314258203186773599e+01
1.380830215856146381e+01
1.158539288075833440e+01
1.198114045364872382e+01
1.397870755887476513e+01
1.258920752126149090e+01
1.200233394431427847e+01
1.399237098571312998e+01
1.253544019364188955e+01
1.256355505087344326e+01
1.152902465543725619e+01
1.272013829315869593e+01
1.299347366584683350e+01
1.373509378855753837e+01
1.377109058299287092e+01
1.182775523953420027e+01
1.370708021694297329e+01
1.239207529201244817e+01
1.225003019124039128e+01
1.380012186407084940e+01
1.148607729932267318e+01
1.301617964639782699e+01
1.277652975898269005e+01
1.217565039997881726e+01
1.188375229924195331e+01
1.248134142019022974e+01
1.377640486281720733e+01
1.243087752792185974e+01
1.274829221793005907e+01
1.140767066853717360e+01
1.176713432161917261e+01
1.168735992509740562e+01
1.217565039997881726e+01
1.134384727089396883e+01
1.253060416306996139e+01
1.257694575333250953e+01
1.244291992673102243e+01
1.118848389355567186e+01
1.286346941321708037e+01
1.272285328471224197e+01
1.375988019534449336e+01
1.148510984454719086e+01
1.205230108684577317e+01
1.266994324141020201e+01
1.395783193832866864e+01
1.210789514753689922e+01
1.232345987232480056e+01
1.201977309713389985e+01
1.191755454216416510e+01
1.280864385690307294e+01
1.375398135041392322e+01
1.157132281565941234e+01
1.240301173964089720e+01
1.350928375767959011e+01
1.232345987232480056e+01
1.237589075640562797e+01
1.158623608062742250e+01
1.372149587256675929e+01
1.239645026314075871e+01
1.229073910335558395e+01
1.225003019124039128e+01
1.274773192607594474e+01
1.247650538961829980e+01
1.166359285466947604e+01
1.168383803079358607e+01
1.220376970932459137e+01
1.205294503902618253e+01
1.205778106959811069e+01
1.232345987232480056e+01
1.208368133032057834e+01
1.342879719902816227e+01
1.335140220981416093e+01
1.178178259249497728e+01
1.302122404956480572e+01
1.277061927208864311e+01
1.282897492792252514e+01
1.240085486153880012e+01
1.213121075068251997e+01
1.308024342433513354e+01
1.220376970932459137e+01
1.255871902030151510e+01
1.238995584283386187e+01
1.163549469724008034e+01
1.245387807868340246e+01
1.239645026314075871e+01
1.342879719902816227e+01
1.239601883096687196e+01
1.162709836164393273e+01
1.400800142247016922e+01
1.198340127833653668e+01
1.232345987232480056e+01
1.377640486281720733e+01
1.372839636373964112e+01
1.143331064824088195e+01
1.231862384175287062e+01
1.169829118232133069e+01
1.236646989865923452e+01
1.169345515174940253e+01
1.186756034488851341e+01
1.209644210753703142e+01
1.199328171207544358e+01
1.218092009160003286e+01
1.188444507731161437e+01
1.216000469078764290e+01
1.375398135041392322e+01
1.288799430269285295e+01
1.205230108684577317e+01
1.401783155013155735e+01
1.134384727089396883e+01
1.218048643055074720e+01
1.397377614635493792e+01
1.150120603010712195e+01
1.217830473686712445e+01
1.220491500832445553e+01
1.185521593463156265e+01
1.381211781444606856e+01
1.139312089937408778e+01
1.193255664361796242e+01
1.244904204811147430e+01
1.232345987232480056e+01
1.247650538961829980e+01
1.202763597014727992e+01
1.206142544155083129e+01
1.217004965309189934e+01
1.256355505087344326e+01
1.200233394431427847e+01
1.393383863721598459e+01
1.180386341915838599e+01
1.248134142019022974e+01
1.149158890915130549e+01
1.216596846309702151e+01
1.217565039997881726e+01
1.272285328471224197e+01
1.264129116975375489e+01
1.188444507731161437e+01
1.240085486153880012e+01
1.390664006812790277e+01
1.153925264267571116e+01
1.256932231220093144e+01
1.217565039997881726e+01
1.248134142019022974e+01
1.295237239209129143e+01
1.212648082554606077e+01
1.377109058299287092e+01
1.225003019124039128e+01
1.279298343354543732e+01
1.393383863721598459e+01
1.232887452584217236e+01
1.377109058299287092e+01
1.256355505087344326e+01
1.272749564517326526e+01
1.380012186407084940e+01
1.192239057273609504e+01
1.382558242848927677e+01
1.335140220981416093e+01
1.192319907171919269e+01
1.394623047205620381e+01
1.244904204811147430e+01
1.264129116975375489e+01
1.180911004910781692e+01
1.159198411647967220e+01
1.237130592923116268e+01
1.397377614635493792e+01
1.172367903789446864e+01
1.388408499490236636e+01
1.228909229854794916e+01
1.260978769027192747e+01
1.313363250725359954e+01
1.185521593463156265e+01
1.372149587256675929e+01
1.138073301519795244e+01
1.378152702471265911e+01
1.394013403498369463e+01
1.261462372084385564e+01
1.247721787301884255e+01
1.378645843723248632e+01
1.246818326396035737e+01
1.193308297511426197e+01
1.163078509565059449e+01
1.350928375767959011e+01
1.255871902030151510e+01
1.196671539148623964e+01
1.249492033576136052e+01
