2.337357166109744089e+00
1.032054325465773692e+00
1.331292135270125687e-01
9.104599473340632132e-01
-8.551770716777631343e-01
-2.921374314302342401e-01
1.302031863703047243e+00
1.719889882966201711e+00
2.678880192311285380e-01
9.660480923795407016e-01
-3.022127215872488434e-02
1.101159672973998527e+00
7.669115846388632196e-01
1.109681241913528904e+00
-4.397749355465955245e-01
9.224318543377661994e-01
6.691785910955653227e-01
1.389449795751296124e+00
-2.322984156764592578e-01
-1.302285455174454265e+00
-3.492358972826943575e-02
-1.720225678335790542e-01
7.280931067793702249e-01
-1.384977100423660512e-01
1.402049127468046441e+00
5.481438017501466531e-01
4.876112779246827289e-01
1.002995833584401364e+00
1.799116155183609900e+00
8.713124911636258574e-01
-8.273816963157691884e-01
-1.507195163105991886e+00
-1.655493190066235520e+00
8.425807074031411714e-01
4.251387582351651706e-01
-7.850101171353064400e-01
1.048405410823700201e+00
-1.985401342400844038e-01
-6.336841726589026447e-01
1.545849380549224383e+00
-4.973217305068422522e-01
-6.054672243027224843e-01
-1.277044892187645608e+00
4.517267275444080687e-01
5.677561811915848855e-01
1.116322752061587931e+00
5.108708019877655770e-01
2.120205069222226069e+00
-6.355452512400008303e-01
8.961594784127645541e-01
-7.789477182174119330e-01
-8.555859604543959718e-02
6.141775815453573983e-01
-1.227856353836987102e+00
1.416615477733156103e+00
-4.292095923561459192e-01
2.559605366259163794e+00
4.159188143387497483e-02
9.572662121761046361e-01
-2.114635055637370975e+00
1.696468187768420455e+00
1.430105913356198855e+00
1.359969874922941413e+00
3.862564506159721356e-02
1.356149664787464459e+00
8.883854140638223207e-01
5.986330980357840170e-01
7.956958245239831307e-01
-9.836006339095436646e-01
1.022868914335376189e+00
1.968092737335430109e-01
5.773367676349734356e-01
-7.910856917524394794e-02
-1.249937702567348319e-01
4.320698184698557043e-01
1.313270929319885427e+00
4.448140468803108982e-01
3.393435775988394298e-01
-1.650768275267612828e-01
1.049968351102100961e+00
1.345916031290590231e+00
9.602135170868623115e-01
6.460422400338856619e-01
5.556416274672956179e-01
1.328782520621983210e+00
-1.423673584992033225e+00
-2.345343108185710679e-01
-1.676194174048432739e+00
-2.019552331255148658e+00
1.692757300662028619e-01
7.910688644551502335e-01
4.216960841266423343e-01
8.222657312520554873e-01
8.955728057822547328e-01
8.929595151035203682e-03
-2.387423222255125876e-01
-4.709716936614168903e-01
2.240417044652462941e+00
-2.526709034422159661e+00
2.672959646999610306e-01
3.111182011389909685e-01
-3.048548826791373512e-01
3.704574161411496314e-01
1.022776797120681147e+00
4.717450818451752181e-01
6.489623623883074011e-01
-1.313690037128418142e+00
-2.324374704553704984e-01
1.331686786835089564e-01
-9.391981756482490340e-01
-6.319358183226862768e-02
-4.873641636051154746e-01
-1.479110592020943749e+00
1.141066482915725100e+00
2.202195549272406350e+00
8.775139494544897945e-01
1.891278307289365745e-01
-9.669279903570585644e-01
7.383194465053077860e-01
3.736349767024428892e-01
-4.004730259286169436e-01
-6.960549466788783744e-03
5.957991974764706433e-02
5.436194855637435097e-01
2.405851491607773895e-01
1.890050816257245470e-01
6.170670058134691827e-01
9.254501689686253085e-01
1.665946602025069723e+00
-2.027394092653423963e-01
1.957200643074644919e+00
8.918555318701233414e-01
5.302352211026061246e-01
-1.303921174447151277e+00
6.308236978114930560e-01
6.998639527866800103e-01
2.383423432023926480e+00
-7.357255608903020931e-03
-2.202149060290543581e-01
2.256365859800860130e-01
5.560181385452875880e-01
1.873554751164076271e-01
-3.338375738792577208e-01
5.202985716061881982e-01
8.561951659935428116e-02
-8.276359760380187502e-01
4.111805457291530796e-01
3.104907813380667347e-01
-6.509568563345505821e-01
-6.174572375229239185e-01
-2.740260850296812323e-01
9.970099864503584319e-01
-2.221252473262997906e-01
-2.319552885296152223e+00
7.213279727050097012e-01
-1.091526547706131445e-01
6.767741624651741894e-01
3.271239242787516432e-01
7.713395318805388312e-01
3.367987438130241595e-01
7.140474042211241157e-01
2.542097078746846095e-01
-1.095036362624482784e+00
-6.149495702865624691e-02
1.057115960135131399e-01
-2.294851015188803078e+00
-1.911810135634437191e-01
-5.841280160147628298e-01
-1.043636198917223368e+00
-6.495971809091028240e-03
1.012849766028844245e+00
1.909844850053665999e+00
-8.206970040340989536e-01
1.383206584342664691e-01
2.394028140447005681e-01
-2.784255904817652394e-01
1.811740522045228174e-01
5.610272120052326450e-01
-1.991014875368644299e+00
-8.956439607505747302e-01
2.087852381006435554e+00
4.813121274810282513e-01
-6.634519236241233353e-03
-2.193088868281996007e+00
-7.785097020876254881e-01
-6.981235668945904305e-01
2.626800507426608686e-02
-8.082272570488659505e-03
4.821390182272808911e-01
1.685341240911570670e+00
1.226242424071879888e+00
9.136725501350613232e-01
6.429428865153203887e-01
-3.092793764345150853e-01
1.253612485024322210e+00
-5.995664511160715415e-01
7.319229519900916081e-02
1.203599381284985226e+00
2.340114636380882795e-01
3.510475793010577328e-01
5.929666057677629443e-01
-1.232335033089358989e+00
1.474290815447862668e+00
-4.791882797715198428e-01
1.036684285591817634e-01
9.400074376737507231e-01
-5.086401627016987753e-02
2.649877145019185143e+00
4.472327503234176937e-01
8.105524102080691184e-01
1.562692397040956749e+00
-2.805256854632689922e+00
3.249310519075724879e-01
1.107323278359491903e-01
4.486365045823667574e-01
4.380486758635370736e-01
-1.427862582521478851e-01
1.351461508573881698e+00
1.224643042184279551e+00
-7.578391558660737548e-01
3.639620117593699300e-01
1.114955642400926372e+00
8.997573874046547182e-01
-4.351876933596089403e-01
-2.654715739482848558e-01
2.707289544972347195e-01
5.006391681884216904e-01
1.045062259217038880e+00
1.533352957873390099e-01
1.132859404856393359e-01
5.367831343366660235e-01
8.822968970870357364e-01
1.309578121277591656e+00
-1.302917235391737760e+00
4.206435541143706547e-01
1.868883695761247854e-01
8.553649529405811247e-01
-1.616685649796275825e+00
-2.324012267074359456e-03
5.441292812735011308e-01
9.689698724873558877e-01
4.556504130527378460e-01
-8.909982661822430927e-01
4.719253850235170522e-01
6.776753401613920813e-01
1.383791535269985218e+00
-6.791510904664310733e-01
2.446056413520406592e-01
-1.314948744021634974e+00
1.407601768606624004e+00
-1.406018305646350885e+00
1.155881057814058366e+00
8.257767515917722664e-03
1.111476730512157562e+00
7.978881782572180281e-01
-3.407434816986246728e-01
9.975649015268605035e-01
-1.130412143939674152e+00
-2.392452434962296648e-01
2.807303646620799564e-01
4.229949437839233828e-01
1.831497643878390313e-01
8.651861973846660669e-01
3.714632018495337973e-01
-1.217066514113024578e+00
1.198675914526497327e-01
-1.869493809341224166e-01
-1.271238805798109439e+00
9.526474866383880524e-01
7.670575071358950447e-01
1.461515945855997423e+00
1.323579347436153242e+00
-1.837964184000349555e+00
9.722569635471874916e-01
1.794627242844262005e+00
1.338383095670701906e+00
-1.868219637142902734e-01
6.946209597689336768e-01
1.092973967428755078e+00
3.187998796922237865e-01
-6.345059385286415665e-01
4.435986172150029327e-01
2.854002585851339591e-01
2.168008127932265217e-01
-3.374248940733403646e-01
1.174554521870756707e+00
1.249832326392382509e+00
6.061693365336318778e-02
2.920776640512373623e-01
-1.679723651050796018e+00
7.562694624859497283e-01
1.262722857963322953e+00
-9.724928462315474142e-01
8.216570754931795673e-01
-1.515689451289758516e+00
4.891382256929291752e-03
5.111607286711274817e-02
9.456128602062973121e-01
4.935818114454814665e-01
3.861355144994455535e-01
-1.144044963377044699e-01
-6.443809209050190834e-01
-4.673411060546034945e-01
1.438386775194763767e-01
1.559552577675653307e-01
5.041989915520117549e-01
1.144197252158513534e+00
1.963721256717661401e+00
2.689429900408319418e-01
5.777138410539213176e-01
-7.906960147080918655e-02
-1.203549862623509936e+00
2.560407865945582562e-01
6.183730545437137183e-01
6.914913657714817363e-01
-6.083559680744912157e-01
3.007126879241500683e-01
1.674860267111551559e+00
8.460861394840558658e-01
7.980666952788147139e-02
1.592731116431492122e+00
2.317648094005291259e+00
-3.053851558196016835e-01
-2.950346761710713125e-02
-1.328004713240568124e+00
4.209408019600185402e-01
6.761396300238022850e-01
1.138405608937279823e+00
-4.843778009959222031e-01
2.293913285006023095e+00
1.134073129665347901e+00
-7.998786225328029520e-01
1.102013316077604221e+00
-1.978413040025291808e-02
5.753982805709801918e-01
8.741829107831666779e-01
2.144140820355115162e-01
7.475300112378479023e-01
1.390220560028473606e+00
-2.996391729286400074e-01
5.784166982071373697e-01
7.717543809348604844e-01
4.093074627044931413e-01
-4.450707732348124779e-02
2.883748555878606901e-01
-1.802756275578063061e+00
2.565515735948552256e-02
2.146344604440824366e-01
1.387213482695854316e-01
-6.535807352390948788e-02
1.668597031582399470e-01
1.223320095879768393e-01
5.977151934604184591e-01
9.634593180643338806e-02
-7.353399658561523555e-01
-7.403067150942501673e-01
9.478851864270733119e-01
5.885724613730033417e-01
1.736986793641461524e-01
-7.024286974353337598e-01
-1.251996153777285681e+00
3.496905116943085923e-01
5.203274502955909098e-01
-3.696139225143754009e-02
2.568857318478539598e-01
-2.456071913702638110e+00
-2.829861117116484470e-01
4.531172627243141848e-01
1.153012216329718787e-01
5.700897308698257282e-01
-5.555366077629959598e-01
-1.120137799162952558e-01
9.764709597786250805e-01
6.532808276427645167e-01
9.123038124428120010e-01
3.217030134921944895e-01
9.101307323068911137e-04
-4.476993644694772789e-01
6.044805703483296933e-01
-3.446179807178396254e-02
1.338563401815062504e+00
1.032842218128492195e+00
-1.796608875710281605e-01
-1.993460325246495524e+00
1.945670308880360078e-01
-3.200314058213626356e-01
2.444205568086489644e-01
-3.484661433112130169e+00
3.423824764778059526e-01
8.982264669873363250e-01
2.432124205008464046e-01
-2.782824731268297991e-01
2.676930154533270212e-01
-2.260110738196790869e+00
9.452629479390136646e-01
-2.022055665604930719e-01
4.963896080573302894e-01
-7.245621061953239073e-01
3.782287834776748570e-01
-5.179279070800141271e-01
-7.021785448798310014e-01
1.784905898678080804e-01
2.806349427792687590e-01
1.027314823609775996e+00
-7.143589988887174558e-01
6.776874016464179418e-01
-5.595477827214812017e-01
-2.903493573720102860e-01
2.697717540033236494e-01
-9.513162079993168208e-01
-6.111942876578427830e-01
3.991849340291888648e-01
5.215640302430736286e-01
8.518691748757338811e-01
-5.160730866013711893e-01
-3.125136247793757760e-01
3.282130230705184726e-01
9.818130347409744774e-01
1.250260677293886458e+00
-7.871417613321082252e-01
5.730612393680233341e-01
4.269890477539619589e-01
1.336230066099592717e+00
1.159682447897831592e+00
9.460777180341948256e-01
-9.923015517415135767e-01
-1.334268575855102723e+00
1.123036007641922351e+00
-5.403429825468901715e-01
4.857003318727827201e-01
6.490394839772793967e-01
-5.235417876436513351e-01
1.201087011886385225e+00
3.921532704248402723e-01
-1.979932093084657910e-02
5.791178741536834318e-01
