7.705710446995553298e+00
8.922671246394100919e+00
1.009000301057714211e+01
8.113877160298192948e+00
9.965048429963337284e+00
8.773729028918818784e+00
7.786463118075853451e+00
8.236650646277595911e+00
8.943360753361933035e+00
8.522777831198125043e+00
8.874806660304329853e+00
8.922671246394100919e+00
7.820121195941900361e+00
8.018939963020079276e+00
7.901239735429488320e+00
7.842607359424901503e+00
7.828806424857281954e+00
8.203265804566695962e+00
8.643393976972561177e+00
7.884021250567188943e+00
8.336424939253824107e+00
8.203265804566695962e+00
9.972282107859856026e+00
8.607254986782372441e+00
8.968533078079714116e+00
7.795780254425508815e+00
8.461605098503353517e+00
1.006907991723216433e+01
7.734342042251260096e+00
1.009000301057714211e+01
7.792131717598984153e+00
8.578409891482174032e+00
8.773729028918818784e+00
1.001164898928573699e+01
1.001895238536090993e+01
8.874806660304329853e+00
8.643393976972561177e+00
1.002883027788237058e+01
1.003572643315085600e+01
8.117706678936512432e+00
9.177335119157874033e+00
8.639582624176945558e+00
7.884021250567188943e+00
1.009000301057714211e+01
7.885561701601382367e+00
7.995692056444092088e+00
1.002883027788237058e+01
8.578409891482174032e+00
8.048558377818682885e+00
8.461605098503353517e+00
8.773729028918818784e+00
8.639582624176945558e+00
7.735236749270198331e+00
1.004781497565477544e+01
8.048558377818682885e+00
7.786463118075853451e+00
8.667798535750677047e+00
8.346654036558398104e+00
8.968533078079714116e+00
8.165825895063420603e+00
7.804730972160989211e+00
7.795913704525497145e+00
7.905864431278173399e+00
8.546082254087600916e+00
8.117294722368962212e+00
8.732782621241064192e+00
8.174109746833604362e+00
7.591370624426370561e+00
8.861498513699331170e+00
8.943360753361933035e+00
8.522777831198125043e+00
8.704566709667332702e+00
8.262088521555902787e+00
8.185533451450204723e+00
8.282114696930722886e+00
8.652564567593319822e+00
1.000790718453739281e+01
8.170363877929915475e+00
8.117294722368962212e+00
9.319359158221139694e+00
8.968533078079714116e+00
8.464808561479422622e+00
7.861556268831186856e+00
7.575538895233809633e+00
8.850390855663787804e+00
9.965048429963337284e+00
1.006907991723216433e+01
8.674833474204195483e+00
9.928363161924686153e+00
8.934373507993894847e+00
1.004781497565477544e+01
8.179241043986483106e+00
8.593152766703463286e+00
8.450491976528164528e+00
8.530289758179332438e+00
9.049609263320943953e+00
8.522777831198125043e+00
8.773729028918818784e+00
7.833165996475742965e+00
8.292608933094282264e+00
8.639582624176945558e+00
8.066017690351774405e+00
7.801369822046480884e+00
7.723615373017704400e+00
8.369706507884940194e+00
1.013742125747859113e+01
8.643393976972561177e+00
7.663776527811260841e+00
8.950887157967832408e+00
8.773729028918818784e+00
1.001164898928573699e+01
7.915738939873819824e+00
8.579039075208640952e+00
8.187952610130523112e+00
8.639582624176945558e+00
1.004258268279157029e+01
8.801944940492550273e+00
8.943360753361933035e+00
8.231503606926080963e+00
8.249864169007668835e+00
7.736060033591300567e+00
1.004939854618181094e+01
8.550993742771856532e+00
7.891079410690512219e+00
7.738927345650917999e+00
8.748020616049593912e+00
8.074324835886134366e+00
8.277491717306912022e+00
8.639582624176945558e+00
1.002883027788237058e+01
8.237304263227388290e+00
8.039969413446693025e+00
7.603293014966315155e+00
8.773729028918818784e+00
8.275252206559052581e+00
7.772182911555559848e+00
8.773729028918818784e+00
8.968533078079714116e+00
8.187763116544733322e+00
8.704566709667332702e+00
8.566423522325418816e+00
8.790882654702823373e+00
8.326692907495889528e+00
7.796301248129209327e+00
8.020619145154839202e+00
1.003572643315085600e+01
9.110781996015715478e+00
7.775578921830081924e+00
8.895044474444974369e+00
8.882188020667161510e+00
8.250970281249919935e+00
8.785418016035826838e+00
8.378287634862761735e+00
9.943138722360526316e+00
7.716138447644186549e+00
7.970170762136760345e+00
8.021649782313465593e+00
7.867336575237832363e+00
7.753193979654494861e+00
8.578409891482174032e+00
8.712556296224047259e+00
8.470592343871391705e+00
1.011734627539363451e+01
8.874806660304329853e+00
8.785418016035826838e+00
1.001492017295293202e+01
8.155934017806242053e+00
8.789218122969016278e+00
8.934373507993894847e+00
8.990634752004410757e+00
8.100796656505885096e+00
1.008306743030359875e+01
8.578409891482174032e+00
8.517866342513869427e+00
7.920257072897096684e+00
8.100796656505885096e+00
8.223068529329568221e+00
8.207060046393443997e+00
1.001492017295293202e+01
1.003572643315085600e+01
1.003345484055462755e+01
8.014076498241159641e+00
9.979480205732981446e+00
8.874806660304329853e+00
8.813633927609558327e+00
8.263572067904245699e+00
9.246497438409360115e+00
8.066017690351774405e+00
9.950476256590965463e+00
8.316449713478474948e+00
7.665886819995902712e+00
8.579039075208640952e+00
8.300842545228238833e+00
8.801944940492550273e+00
8.405838357746977962e+00
1.006290719172002035e+01
7.934525191617832540e+00
9.110781996015715478e+00
9.319359158221139694e+00
8.579039075208640952e+00
8.550510401759467527e+00
1.007624852478382138e+01
8.023907590427599601e+00
7.704825399337009273e+00
8.009301979008377259e+00
8.006310177715064924e+00
8.489821010077085006e+00
8.579039075208640952e+00
8.968533078079714116e+00
8.773729028918818784e+00
7.749452571020495562e+00
8.846590748730598364e+00
8.169959467066014724e+00
8.203265804566695962e+00
1.008306743030359875e+01
7.960477049618694956e+00
8.643393976972561177e+00
8.405370826109704652e+00
1.010375541548634182e+01
7.808075988565704506e+00
8.934373507993894847e+00
7.848406686376881325e+00
7.813650088509331404e+00
8.518976211918886321e+00
8.579039075208640952e+00
7.713831654735980869e+00
8.643393976972561177e+00
7.792131717598984153e+00
8.874806660304329853e+00
8.712556296224047259e+00
8.943360753361933035e+00
8.298476995922158039e+00
8.517866342513869427e+00
8.517866342513869427e+00
8.318518265918887877e+00
8.018888470268395352e+00
7.878801335894781488e+00
8.773729028918818784e+00
9.029705810774485641e+00
9.177335119157874033e+00
7.829863075529782002e+00
8.889714425273062659e+00
8.789218122969016278e+00
8.123311081990364002e+00
8.074324835886134366e+00
8.785418016035826838e+00
1.004258268279157029e+01
8.639582624176945558e+00
8.846590748730598364e+00
8.061590610900125853e+00
8.773729028918818784e+00
7.729923423969523810e+00
8.789218122969016278e+00
8.943360753361933035e+00
9.935767530597530595e+00
8.092207715337314866e+00
7.650857762127858841e+00
1.003345484055462755e+01
8.649309437405976908e+00
7.661889684079384644e+00
1.001164898928573699e+01
8.940317166505982627e+00
8.846590748730598364e+00
7.769346119332649181e+00
8.710072672717929620e+00
8.397297400418974433e+00
1.003572643315085600e+01
9.993767738918220900e+00
7.915502744268470892e+00
1.006290719172002035e+01
7.909349946893404315e+00
8.579039075208640952e+00
9.950476256590965463e+00
7.735911228991437127e+00
8.934373507993894847e+00
8.314208978592784405e+00
8.550993742771856532e+00
7.961257298167156549e+00
8.773729028918818784e+00
9.986642242960003912e+00
7.937834707937981626e+00
8.187763116544733322e+00
7.676296694207891846e+00
7.866774321328239949e+00
8.265520174801119779e+00
8.550993742771856532e+00
7.960477049618694956e+00
8.968533078079714116e+00
8.914299132598120678e+00
8.034530106142932837e+00
7.884021250567188943e+00
8.284227778459653635e+00
9.029705810774485641e+00
1.000790718453739281e+01
7.995697924312604066e+00
8.422276064954433039e+00
8.675167744700015504e+00
1.006202894567969075e+01
7.720810689292709306e+00
8.639582624176945558e+00
8.075083116585680898e+00
8.437635522750351669e+00
8.237969977071728067e+00
1.001492017295293202e+01
7.716228111882394103e+00
7.917322873645500358e+00
9.246497438409360115e+00
8.639582624176945558e+00
7.897633757663656162e+00
8.047900648663317114e+00
1.004939854618181094e+01
7.997584600184725723e+00
7.915738939873819824e+00
8.579039075208640952e+00
8.916549821466084325e+00
8.801944940492550273e+00
7.877194463966619153e+00
8.100796656505885096e+00
8.671609888546292666e+00
8.546082254087600916e+00
8.517866342513869427e+00
8.639582624176945558e+00
8.243786479323333083e+00
9.177335119157874033e+00
9.112351033667486888e+00
8.259719518499812452e+00
8.850390855663787804e+00
8.206254686570783718e+00
8.789218122969016278e+00
8.704566709667332702e+00
8.578409891482174032e+00
8.895044474444974369e+00
8.671609888546292666e+00
8.874806660304329853e+00
7.992465570063996161e+00
8.074324835886134366e+00
8.861498513699331170e+00
7.997584600184725723e+00
9.177335119157874033e+00
8.732782621241064192e+00
7.847519955949822545e+00
9.982098829659470596e+00
8.489821010077085006e+00
8.639582624176945558e+00
9.986642242960003912e+00
1.004258268279157029e+01
7.970170762136760345e+00
8.667798535750677047e+00
8.175049892992964473e+00
8.813633927609558327e+00
8.203265804566695962e+00
8.048240332473007186e+00
8.256040885748500813e+00
8.377622446173246473e+00
8.339910246842972441e+00
8.298476995922158039e+00
8.318661633204550654e+00
1.001492017295293202e+01
8.833871741750202844e+00
8.422276064954433039e+00
9.959596263283762241e+00
7.960477049618694956e+00
8.522777831198125043e+00
1.004065293842775297e+01
8.142093071871924437e+00
7.832619655938779069e+00
7.780677301611613750e+00
8.389319243833393003e+00
9.928363161924686153e+00
7.665453960870779682e+00
8.364640850827555596e+00
8.889714425273062659e+00
8.639582624176945558e+00
8.801944940492550273e+00
7.675405526535162615e+00
8.222641500118532676e+00
8.328823361229900968e+00
8.846590748730598364e+00
7.661889684079384644e+00
1.009000301057714211e+01
7.993824140886236052e+00
8.773729028918818784e+00
8.039623923811113571e+00
8.202974043672362825e+00
8.550993742771856532e+00
9.029705810774485641e+00
8.950887157967832408e+00
8.298476995922158039e+00
8.704566709667332702e+00
1.011734627539363451e+01
8.115307857121152324e+00
8.043517351510971025e+00
8.550993742771856532e+00
8.773729028918818784e+00
8.360945808402604484e+00
7.795913704525497145e+00
9.993767738918220900e+00
8.579039075208640952e+00
8.328785167536809197e+00
1.009000301057714211e+01
7.864184186277824118e+00
9.993767738918220900e+00
8.846590748730598364e+00
8.271337508041831654e+00
9.950476256590965463e+00
8.409419611176620180e+00
9.898423530588992492e+00
9.112351033667486888e+00
7.621969368239207121e+00
1.007609290564770355e+01
8.889714425273062659e+00
8.950887157967832408e+00
7.900422605697515976e+00
7.819256668377510877e+00
8.785418016035826838e+00
1.004065293842775297e+01
7.926672684369393096e+00
1.013742125747859113e+01
8.712556296224047259e+00
9.049609263320943953e+00
8.526822051410842818e+00
8.389319243833393003e+00
1.004939854618181094e+01
7.945193983261960469e+00
9.979480205732981446e+00
1.008306743030359875e+01
9.021393351747212463e+00
8.062138349295592477e+00
9.972282107859856026e+00
8.502637310680619009e+00
8.105502441103871192e+00
8.118068311291711581e+00
9.246497438409360115e+00
8.874806660304329853e+00
8.135497594251907216e+00
7.985983945571683229e+00
