8.448953163509074216e+00
8.942483444024388106e+00
1.018907816222138862e+01
8.341620409140899639e+00
1.021942215054601277e+01
8.816896032283681350e+00
9.033939292038246194e+00
9.566477947833533335e+00
8.891533639564922709e+00
8.599358066549903867e+00
8.148771631134833271e+00
8.942483444024388106e+00
9.067276735132846710e+00
8.850000561675711808e+00
8.748259807419957568e+00
8.696871408891245991e+00
8.684694013609389529e+00
7.542664029821892768e+00
8.826827364804566756e+00
7.837503645460281554e+00
8.430323628642479861e+00
7.542664029821892768e+00
1.022391876962220891e+01
7.919020308223638338e+00
8.347173998390941208e+00
8.655411774771808453e+00
8.668447833217159726e+00
1.017660106293894984e+01
8.600336333564905900e+00
1.018907816222138862e+01
7.705003461993247704e+00
8.770731830272175955e+00
8.816896032283681350e+00
1.014120078495594690e+01
1.014578948428288285e+01
8.148771631134833271e+00
8.826827364804566756e+00
1.025816792888864271e+01
1.026222638779973373e+01
9.340995592096961175e+00
9.096374832306066693e+00
8.701642063604921873e+00
7.837503645460281554e+00
1.018907816222138862e+01
8.734570551884027978e+00
8.708113813413717708e+00
1.025816792888864271e+01
8.770731830272175955e+00
9.279612038363413973e+00
8.668447833217159726e+00
8.816896032283681350e+00
8.701642063604921873e+00
8.476285600232946749e+00
1.016368147639381192e+01
9.279612038363413973e+00
9.033939292038246194e+00
7.971775450953169084e+00
9.539098988614162167e+00
8.347173998390941208e+00
8.974714486083312792e+00
8.663368348186574863e+00
9.172163964630506428e+00
8.752291086606284409e+00
7.988110074890892420e+00
7.585737588427811318e+00
8.027870985485558109e+00
8.981676761014636412e+00
8.815273240625401741e+00
9.011573210691642188e+00
8.891533639564922709e+00
8.599358066549903867e+00
8.757737598137310897e+00
9.055152804614884587e+00
8.870661302333775922e+00
8.951805719255739646e+00
9.253087926638798422e+00
1.024569082960620570e+01
9.509414227066619318e+00
7.585737588427811318e+00
9.217275477955341856e+00
8.347173998390941208e+00
9.638926732083344717e+00
8.590415978607074621e+00
8.794817030199107322e+00
8.807175515843505664e+00
1.021942215054601277e+01
1.017660106293894984e+01
8.638819420784818348e+00
1.019625446314225670e+01
9.007085067385915522e+00
1.016368147639381192e+01
8.053272979434886736e+00
9.205911809262785184e+00
7.779476229530128961e+00
9.155491909219708901e+00
8.413782810233598752e+00
8.599358066549903867e+00
8.816896032283681350e+00
9.079998227294987956e+00
9.614254639462920693e+00
8.701642063604921873e+00
8.062243613247284557e+00
9.048801237233538686e+00
8.590629325870398958e+00
9.024504641984666620e+00
1.021639769047340884e+01
8.826827364804566756e+00
8.903217777505100017e+00
8.212616831372635318e+00
8.816896032283681350e+00
1.014120078495594690e+01
9.283992769984914517e+00
8.648886920875391127e+00
8.872706336231699353e+00
8.701642063604921873e+00
1.026623375830492790e+01
8.087029419631928562e+00
8.891533639564922709e+00
8.329628162071857744e+00
8.924824038653927261e+00
8.477043506573597398e+00
1.027018955961559854e+01
7.869491453898151079e+00
8.739392433096725199e+00
8.604476884585361418e+00
8.838050629478489739e+00
7.930801512565625266e+00
9.479940554467791713e+00
8.701642063604921873e+00
1.025816792888864271e+01
8.463629554520025522e+00
9.395463026216127389e+00
8.479312584936469221e+00
8.816896032283681350e+00
8.499413395309733943e+00
9.019541864194531300e+00
8.816896032283681350e+00
8.347173998390941208e+00
9.402345626140236945e+00
8.757737598137310897e+00
9.723547764141434513e+00
9.476827076222742008e+00
7.664673175201018651e+00
8.531957128167887205e+00
8.851439987466955372e+00
1.026222638779973373e+01
8.344693043566344670e+00
8.637394512967832227e+00
8.847980076350637546e+00
8.960623406232176791e+00
9.457108335120324227e+00
8.947728010453841918e+00
9.031580372485565888e+00
1.020565653335382805e+01
8.961207634122970944e+00
7.801386395396570528e+00
7.866713265976271963e+00
8.718611014697678741e+00
9.000127989698688324e+00
8.770731830272175955e+00
8.885985798950935433e+00
8.552896405396166912e+00
1.020500354427587553e+01
8.148771631134833271e+00
8.947728010453841918e+00
1.024989966900325733e+01
8.966390840534208095e+00
8.876265282510761523e+00
9.007085067385915522e+00
9.056613921711401005e+00
7.962225749181235379e+00
1.018496909569302389e+01
8.770731830272175955e+00
8.717976687542645209e+00
9.288112790576295907e+00
7.962225749181235379e+00
9.022670595665951865e+00
8.888836133074919488e+00
1.024989966900325733e+01
1.026222638779973373e+01
1.015482900295495305e+01
9.248628434140208299e+00
1.022836862739010044e+01
8.148771631134833271e+00
8.217861397802089130e+00
8.361027664073329646e+00
9.155533266452437147e+00
8.062243613247284557e+00
1.021029055162320098e+01
8.537628048342005727e+00
8.411569174779103264e+00
8.648886920875391127e+00
9.087245358436030429e+00
8.087029419631928562e+00
7.738671669022997079e+00
1.027794453149889975e+01
7.903263344815932179e+00
8.344693043566344670e+00
9.217275477955341856e+00
8.648886920875391127e+00
9.710371856511700983e+00
1.028548745714066470e+01
8.732540187356025996e+00
8.448129125457464639e+00
9.244315983359326694e+00
8.839163625429657500e+00
7.938581220565406937e+00
8.648886920875391127e+00
8.347173998390941208e+00
8.816896032283681350e+00
9.127039412298801224e+00
8.878638243786586060e+00
8.978189545535949279e+00
7.542664029821892768e+00
1.018496909569302389e+01
7.935803032643526045e+00
8.826827364804566756e+00
9.172950333971744641e+00
1.019714399163767204e+01
8.666337826673249367e+00
9.007085067385915522e+00
8.578709992246611904e+00
7.738095703271786086e+00
9.684178165330576959e+00
8.648886920875391127e+00
8.958733164288924300e+00
8.826827364804566756e+00
7.705003461993247704e+00
8.148771631134833271e+00
8.885985798950935433e+00
8.891533639564922709e+00
8.394539787852771440e+00
8.717976687542645209e+00
8.717976687542645209e+00
9.515098637510016388e+00
9.252969011329092552e+00
8.605716502875827345e+00
8.816896032283681350e+00
8.278084231723685349e+00
9.096374832306066693e+00
9.076786801308712072e+00
8.281706598039889400e+00
8.876265282510761523e+00
9.345932107444641090e+00
7.930801512565625266e+00
8.947728010453841918e+00
1.026623375830492790e+01
8.701642063604921873e+00
8.878638243786586060e+00
8.765011649111434267e+00
8.816896032283681350e+00
8.596341309767529637e+00
8.876265282510761523e+00
8.891533639564922709e+00
1.020097767693064128e+01
8.092613410356195303e+00
8.888241996750359419e+00
1.015482900295495305e+01
9.250515572631156758e+00
8.901048729790330682e+00
1.014120078495594690e+01
9.077040611042693996e+00
8.878638243786586060e+00
8.631818164448986863e+00
8.802266788688781318e+00
9.582075846966747079e+00
1.026222638779973373e+01
1.023712613584648778e+01
8.638099626615307614e+00
1.027794453149889975e+01
9.152526584972960677e+00
8.648886920875391127e+00
1.021029055162320098e+01
8.601753905753655616e+00
9.007085067385915522e+00
9.632602510762605874e+00
7.869491453898151079e+00
8.678162621724515802e+00
8.816896032283681350e+00
1.023277124306106600e+01
9.179012140643759921e+00
9.402345626140236945e+00
8.547430240035483351e+00
8.595051663461299896e+00
7.733762941868272733e+00
7.869491453898151079e+00
7.935803032643526045e+00
8.347173998390941208e+00
9.569132710165650479e+00
9.390650789547640542e+00
7.837503645460281554e+00
9.485726425425667685e+00
8.278084231723685349e+00
1.024569082960620570e+01
7.834173578148678097e+00
8.509342842181881750e+00
8.768754664909341301e+00
1.017234305829048679e+01
8.966199588254673003e+00
8.701642063604921873e+00
8.776597399593557114e+00
7.892119559411668206e+00
9.445885715177713138e+00
1.024989966900325733e+01
8.458724018948887036e+00
9.159969959552574537e+00
9.155533266452437147e+00
8.701642063604921873e+00
9.141543436283647850e+00
7.898943297806281016e+00
1.027018955961559854e+01
9.357815037623311127e+00
9.283992769984914517e+00
8.648886920875391127e+00
9.456333796946429615e+00
8.087029419631928562e+00
8.727249786673043630e+00
7.962225749181235379e+00
8.096960752152813967e+00
7.988110074890892420e+00
8.717976687542645209e+00
8.701642063604921873e+00
9.039938314537170783e+00
9.096374832306066693e+00
9.040279297773677669e+00
7.599761549420104956e+00
8.807175515843505664e+00
9.418419788470146159e+00
8.876265282510761523e+00
8.757737598137310897e+00
8.770731830272175955e+00
8.847980076350637546e+00
8.096960752152813967e+00
8.148771631134833271e+00
9.353243721742060757e+00
7.930801512565625266e+00
9.011573210691642188e+00
9.357815037623311127e+00
9.096374832306066693e+00
8.027870985485558109e+00
8.701198160136193849e+00
1.012239760611004513e+01
7.938581220565406937e+00
8.701642063604921873e+00
1.023277124306106600e+01
1.026623375830492790e+01
7.801386395396570528e+00
7.971775450953169084e+00
8.272530642473645557e+00
8.217861397802089130e+00
7.542664029821892768e+00
8.875071029083615670e+00
9.050129530344229067e+00
8.468538281674749868e+00
9.119425661672993400e+00
8.394539787852771440e+00
9.101944634446544669e+00
1.024989966900325733e+01
8.917069843017891628e+00
8.509342842181881750e+00
1.010783788344195244e+01
7.935803032643526045e+00
8.599358066549903867e+00
1.015927886072284458e+01
7.611753796489146850e+00
9.207020027188232092e+00
9.028125692485200915e+00
7.848565996197383043e+00
1.019625446314225670e+01
8.537435801959077253e+00
7.700457015990727072e+00
8.281706598039889400e+00
8.701642063604921873e+00
8.087029419631928562e+00
8.916454094708504030e+00
9.022314181270521871e+00
9.110311038170509690e+00
8.878638243786586060e+00
8.901048729790330682e+00
1.018907816222138862e+01
8.828431763859189374e+00
8.816896032283681350e+00
8.031315515848490350e+00
8.885390258410643227e+00
7.869491453898151079e+00
8.278084231723685349e+00
8.212616831372635318e+00
8.394539787852771440e+00
8.757737598137310897e+00
1.020500354427587553e+01
7.446820261740079161e+00
9.275099361726647729e+00
7.869491453898151079e+00
8.816896032283681350e+00
9.551256113962111272e+00
9.172163964630506428e+00
1.023712613584648778e+01
8.648886920875391127e+00
9.644954799372161602e+00
1.018907816222138862e+01
9.109863673113975935e+00
1.023712613584648778e+01
8.878638243786586060e+00
9.596134981027725885e+00
1.021029055162320098e+01
8.621986172063420995e+00
1.017692765010920830e+01
9.040279297773677669e+00
8.853639650103810155e+00
1.018080990233600325e+01
8.281706598039889400e+00
8.212616831372635318e+00
8.624822180865569621e+00
8.676247854558974737e+00
8.947728010453841918e+00
1.015927886072284458e+01
8.770392683988195159e+00
1.021639769047340884e+01
8.885985798950935433e+00
8.413782810233598752e+00
9.690705620644509466e+00
7.848565996197383043e+00
1.027018955961559854e+01
7.768413878793027472e+00
1.022836862739010044e+01
1.018496909569302389e+01
9.143649422885351541e+00
9.415021874111896949e+00
1.022391876962220891e+01
9.133155616753269257e+00
8.923787087145498731e+00
8.122362746102140818e+00
9.155533266452437147e+00
8.148771631134833271e+00
8.949160267109590450e+00
9.223170057241796727e+00
