-4.567179527992175081e-01
3.240237731880181715e-01
-6.266493256284294544e-01
6.739248004839317741e-01
-1.611666197410322132e+00
6.423766852065361244e-01
-6.646337503882957520e-01
3.416025294640504528e-01
1.217312759945026607e-01
-3.386564475913236838e-01
-5.438247160876459319e-01
8.117436882744947235e-01
-5.434970101475702364e-01
-7.896825448622922794e-01
-1.026062632697697374e+00
8.233628830108671304e-01
-1.063346625088354286e-01
2.081701585584563752e+00
-2.239870282934585788e+00
4.328069618056828993e-01
1.105891487608369417e+00
2.653505939715257167e+00
2.659855120326460654e+00
1.328213794738604570e+00
-3.446912267387840512e-01
2.204302683686612876e-02
5.479135460590939255e-01
-6.461013782321989307e-01
-3.204607254967075658e-01
-3.241390245830685357e-01
-4.307950716237564648e-01
-4.308897478607146558e-01
-5.708013056173251165e-01
-2.869062100210492128e-01
-3.200948097166586015e-01
2.416362646481759469e-01
-1.214379487242100542e+00
-3.524436993678097818e-01
-6.585082250821994165e-01
2.421359499706299545e-01
3.665290670280528795e-01
-1.880391587539078868e+00
-4.193346542973923619e-01
-3.537591290753287487e-01
5.598053849577045993e-01
-3.502983816922776161e-01
1.000659707634947715e+00
1.705038120117529643e-01
-7.473410865399752190e-01
-1.197975151265627813e+00
-1.462209194743866680e+00
-4.448521348827320643e-01
1.649746293135503639e-01
-7.604032603502896670e+00
1.808720120409253118e+00
-1.447146995935561176e+00
1.265166284174187750e+00
-1.555472097459094927e-01
1.601575445005996468e+00
-1.925828104445821864e+00
6.376982619266422514e-01
5.267274453437150727e-01
1.172085577978587145e-01
-2.660266108334653490e-01
2.798577164282965768e+00
-9.718808461641825769e-02
1.022364184966271905e+00
6.434389173958571240e-02
-1.993753415249476690e+00
-1.585302102192151508e-01
-5.552123801909703005e-01
-1.689990439036172853e+00
-1.431599731468452985e+00
1.003366344586131692e-01
-1.035456432808446126e+00
1.771611593964158349e+00
4.703967435919715889e-01
-7.375081611179804542e-01
1.171818494531623012e+00
8.993052289227287943e-01
1.433079653270216802e+00
6.803273794829552967e-01
-4.935372709863287688e-01
-1.458451019129812787e-01
-1.397959357787887491e+00
-8.533744413995738576e-01
-5.752172064136329421e-01
7.577046729694420814e-03
2.470487380427434765e+00
4.277340237710557935e-01
-6.277288085273958762e-01
-4.974608886678842379e-01
9.059962301933252027e-01
-4.009195161029035503e-01
1.628376245821137047e-01
-2.097140376210495094e-01
-2.772024959887846585e-01
-3.070175875020390577e-01
-1.049877918673219002e+00
-9.050019736967490624e-01
-1.916822736975769770e+00
9.607225759913742280e-01
-5.533810728609812601e-01
1.369855491577214091e+00
-2.045937734887188220e-01
4.921085498305173556e-03
-9.524951726575850985e-01
-1.267838395744507185e+00
9.886650429524690420e-01
-1.067525982643762861e+00
-1.078819667109151448e+00
-5.269356619184538681e-01
-1.047022775389028437e+00
4.615701766812695117e-02
-1.017843867240439737e+00
-3.841406404918421558e-01
-1.110647920591844168e-01
-4.929664650593474362e-01
-2.569976062759529167e+00
2.627218382538332730e-01
6.938893440976660054e-01
1.327815058709965523e+00
7.140036693502047616e-01
6.645746255991132889e-01
3.094955747732127116e-01
5.398900009531149013e-01
-4.799732456560680260e-01
-4.324743030639462138e-02
-9.361187876335445024e-01
-1.383442245293925676e+00
5.348420508548360486e-01
-1.170991244419248067e+00
9.359926745856715913e-01
2.929787629884528233e-01
-4.072769357207933205e-01
-5.463181201136801945e-01
5.436019703438479608e-03
7.809509756627676103e-01
-9.036791022135756135e-01
-1.354670972897064063e+00
1.138256289128261461e-01
4.305161421704343794e-01
9.176343412577530056e-01
1.094170266497021426e+00
-2.439883782948331081e-01
-1.644953781634089562e+00
2.127339440051534414e+00
7.181179552182678227e-01
-1.022196474251656495e+00
-5.019933467949607708e-01
-3.928706758174435043e-01
-1.902888644490667192e+00
4.196990624183149360e-02
2.690831296653550253e-01
-9.061614678218444796e-01
-4.902890659290655151e-01
-7.047991839870088038e-01
1.503840217844436555e+00
-1.196438867804189510e+00
-9.186222159581984847e-01
1.087798302551415741e+00
6.974181439637753277e-01
-2.610669766414065229e+00
6.380067734742560503e-01
-1.106560219731023587e+00
2.346765568878921571e-01
-4.985175250781695433e-01
-1.836274224619882656e-01
1.220938927142833474e+00
5.017583641646413684e-01
-5.445230481504790276e-01
1.366628689218016834e+00
1.532770072977372722e-01
-9.594272370424853369e-01
6.319786885847924474e-01
-3.919287908791904002e-02
-5.022438155396292681e-01
8.784575703821025927e-01
2.428769096844559883e+00
-2.535732742296853970e-01
-9.672942900565946189e-01
8.150238697348739514e-01
-5.485162052831870083e-01
4.466395313148068813e-01
8.463258230140403571e-01
-1.561862120368640861e-01
-1.513466681346614440e+00
-4.568753921221833103e-01
1.037892522196967038e+00
5.981619284221125765e-01
-1.346665172749616501e-01
8.905432603581782125e-01
-8.840454394187317877e-02
-3.248543816562530218e-01
7.618675096918184897e-01
-3.069331028718311760e+00
1.314763563389773848e+00
2.757535032044112100e+00
-9.543245191630023161e-01
2.520109435106224205e-01
-1.135094972697792803e+00
1.736159358148200660e+00
-1.101340472873534093e+00
3.835495473191417592e-01
-7.148201946224896908e-01
2.080050466621553795e+00
3.115807801058229742e+00
5.788129611446305584e-02
-1.990197542228464012e-01
-1.322488794320251904e+00
6.642776068983707871e-01
-2.329666307804387770e-01
-3.087627201777133346e-01
-3.390876691876994475e-01
-3.547914064455646166e-01
1.296198990064008960e+00
-8.810213071546575403e-01
-2.846083688926119293e-01
-5.200409312145995999e-01
6.798577367793853625e-03
-3.406377628986467232e-01
4.149901895856017986e-01
5.823456214070994452e-01
-1.426690327518626566e-01
-1.198116914013242607e+00
8.482984813123594092e-01
-3.122257214895242661e-01
3.029684640298322962e-01
-1.156332619044269538e+00
-2.353176841812875397e-01
6.111804441320365378e-01
4.041714826216750156e-01
-1.593770515314610337e-01
-1.391565578480950416e+00
-5.240830955236206457e-01
1.609956362195499591e-01
9.119699768365913117e-01
-1.467564140716106857e+00
-4.156533491511198997e-01
-1.091945836008137993e+00
1.863255498176541458e-01
5.474378688577038465e-01
3.659174701871569790e-01
1.078327104405661790e-01
-2.694188911540217335e-01
8.238082101025719917e-01
-9.103796325610503670e-01
-1.791623413009183263e+00
-5.768041294356657245e-01
6.230148523762832902e-01
2.747230988040499255e+00
7.978798815271948008e-01
1.252530244660003733e+00
-1.290030366962975572e+00
2.596029556001555161e+00
-7.096232974261388327e-01
-4.571340633695438194e-01
-2.571650515581277219e+00
1.611181083602631459e+00
-1.510428202488399707e+00
-3.207540909023279263e-01
-1.642294502700943626e-01
-1.077346404551061537e-01
-4.729140893373230958e-01
7.247271835168787035e-01
-1.642741501070623666e-01
-2.833853291818312359e-01
1.773768521610461502e+00
1.601929404996738304e+00
2.617840889630941970e+00
2.173858609770129569e+00
-8.183387092709735189e-01
-6.774895043504862435e-02
-2.378455966005835198e-01
1.871343263163202764e+00
-7.321541627254015694e-01
3.464214101266889223e+00
3.704846908618240064e-01
-4.420885826651161365e-01
-6.230761640717719096e-01
-1.045217690824867152e+00
-1.614593709801161792e+00
4.981933575944172965e-01
5.788192721299341148e-01
1.380261957626275793e+00
5.141971547763898309e-01
-5.988528585771287771e-01
-7.459803300048982733e-01
1.528978563809884061e+00
-8.160739303968643776e-01
-6.523258865054609723e-01
-6.139728298049500488e-01
2.307108071274754924e-01
2.561257464940205342e+00
-6.922120694187808843e-01
-4.181278037103022260e-01
1.986425169011621361e-01
-2.559968355653084449e-01
-7.770558221110193120e-01
-7.552302976509880361e-01
-1.646483739983723160e-01
-2.788496871287566847e-01
-6.195977630456709351e-01
2.958347105410990552e-01
8.574673302252022733e-01
-5.270244599117556161e-01
9.531563495915540418e-01
-1.255767566350336706e+00
-1.135152393639364127e-01
-8.822821254494880860e-02
-6.229162933773674249e-01
2.242442706544606201e-01
-1.032762676795727419e+00
1.780503178571938738e+00
-1.019686474208484211e-01
8.244089773320111281e-01
-1.149189015024752791e+00
3.791126386631901157e-01
1.833982843787003603e+00
3.015482344197465192e+00
1.469313148366604427e+00
1.349075694188047514e+00
1.918842842198333065e-01
6.283145184531754301e-01
1.691110215741113976e-01
-6.673010315030343254e-01
7.836614451321968766e-02
-1.149026524540422978e+00
-1.266861046380467204e-01
8.657877026340572435e-01
-6.982365018832161763e-01
-3.723434343877168318e-01
5.342268004463506248e-01
2.671543378025088011e-01
-1.527900545091433138e+00
-1.679269508185906035e-01
1.961775886543412617e-01
-3.890899656629532299e-01
1.555370551560026904e+00
-6.720858063604702171e-01
7.268036300073287270e-01
-5.956235685482742515e-01
6.968467006528838992e-01
-1.072154010004303215e+00
-1.019735823776963590e+00
-1.112543210161754531e-01
-1.061073902064662899e+00
6.638449418239801281e-01
1.307701718527316315e+00
-4.648148288118528204e-01
1.402212564730582978e+00
-1.609895172599743185e-01
3.341771943187714644e+00
1.448527043726661745e+00
-5.641000946018464024e-01
5.471636074557164608e-01
-9.626850260805074333e-01
-2.141304564955710255e-01
-6.662016072264143052e-01
-1.753415315321809942e+00
-7.560604699561419118e+00
1.435152628980838285e+00
-1.522191076792558828e+00
-1.169781845102479512e+00
-1.499280451428801397e+00
-1.741233274345117765e+00
-1.597289004053454642e+00
1.696939972383088469e+00
3.375529941239740483e-01
-8.231616556713506894e-01
2.321004396145626814e+00
-4.440889284506833179e-01
1.142380910849181697e-01
-3.890300707336451502e-01
1.474282408902665820e+00
1.016622653072241506e-01
-1.612534974582805203e-01
-1.113157286354799602e+00
-8.577556331704403458e-01
-1.116052481671170771e+00
2.255501287989742032e+00
3.976613749630930617e-02
-5.904853287560480474e-02
-4.588319566661171467e-01
1.983948408849473433e+00
3.438397791735420261e-01
-6.023947978292054639e-01
-1.408860735106850948e+00
-1.509719695306379839e+00
-1.788606636924346738e+00
-7.503733088792881312e-02
-1.189816222648240433e-02
-3.249238077717226392e-01
-6.487968093886448129e-01
-2.270679751603264795e-02
-1.763026686830915513e-01
-1.562217717436918507e+00
2.946288597381635510e-02
-1.115306600920038527e+00
1.253903288426984508e+00
-8.277116417877345977e-01
-7.720755482455143870e-01
-1.276420239452310978e+00
1.826357090676390849e+00
-8.668742619799234550e-01
1.888891838178804017e+00
-1.515403142696452932e+00
1.874177745106828108e-01
-4.785883844306408341e-01
-1.691668184617393322e+00
5.370317888232700732e-01
5.537632189913821446e-01
-2.286554915975035421e-02
-9.606864720672391167e-01
1.387258649697666879e+00
1.482851483651282720e+00
-1.475327461852456556e+00
-2.902568147945523425e-01
2.985814489072840527e-01
-6.447677119675651047e-01
1.534484190348671118e-01
-6.336148928242596456e-01
2.000745675692469305e+00
-2.621525432399656186e-01
-4.771130896987508252e-01
-1.862383498227716760e+00
-6.188966625836909152e-01
2.237858829417345596e+00
-1.551946740922167001e+00
-2.300107921201245964e-01
9.633745913129505845e-02
-4.343825512856646087e-01
1.267425341378170811e-01
-6.465342331150147892e-01
-1.395483192877940148e-01
8.355085177900249960e-01
