1.807872499731467963e-01
1.712726443684516653e+00
2.156858981052638680e-01
-1.451188715893554804e+00
-2.066368615335590686e+00
-2.703453263408648777e+00
4.208244368223955090e-01
3.311518882473539205e-01
6.553689637086781428e-01
1.228665594860790966e+00
-1.213986429954655444e+00
1.183312995043211302e+00
-1.333233971682355745e-01
-5.461740331125268799e-01
-1.480567039638868598e+00
6.126224567436484580e-01
5.645387852114903959e-02
2.100646700217518870e+00
-5.503660527186511088e-03
-1.130057738458909888e+00
2.165055879160419749e+00
-9.039925116754841117e-01
2.460181695376182157e-02
7.480238984767524357e-01
6.309115389546794406e-01
-1.534131355642492645e-01
1.801981448946402775e+00
-4.538122782784250742e-01
1.322494402009809278e+00
-8.158950954950474621e-01
-8.459289561266927215e-01
-1.614191256598342283e+00
-3.814092651532347000e-01
-6.929503082048121820e-01
2.575349835296343315e-01
9.995311975006442029e-02
2.959915305818075826e+00
-3.648264229553795368e-01
-1.364647905716998011e+00
9.544639745222166516e-01
2.206096216988071568e-01
-1.930761082760257541e-01
-3.953502443820546275e-01
1.457852915525343629e-01
-5.043414802904953032e-01
-2.880187239978701519e-01
2.186829106850175786e-01
-5.614253895909708802e-01
-9.868500022930394300e-01
-2.367460972839810218e-01
-1.248609754365715085e+00
2.218548037221851066e-01
1.966617362030660329e-02
-2.468962421914754124e+00
1.003746322269109870e+00
-6.026230350050438833e-01
5.652787486334853728e-01
4.403716609608965826e-01
2.829591696066147688e-01
-1.290632811633131816e+00
1.284375956464294477e+00
9.067097327880704327e-01
-2.223030067398384657e-01
1.426453147172768166e-01
9.648601637947037402e-01
2.270056156812238213e-01
7.725405028972879284e-01
7.770398621351807256e-01
-1.488014143397492939e+00
1.349261462468920980e+00
-3.146316409797574876e-01
-7.514315522093346633e-01
-9.203199266988351113e-01
1.348564857471802769e+00
-2.133047899790750102e-01
1.468329513602715908e+00
8.651335850450566634e-01
2.415404309699554553e+00
9.649902533960395823e-02
8.598364439631317468e-01
-1.029552490153622601e+00
1.623178724619407598e+00
-2.731772376663835766e-01
1.629075068244166535e-02
5.656241443544776093e-01
2.032563408132430194e+00
-1.233791614734036868e+00
2.328582580835488192e-01
-5.238833169587266969e-01
3.564021364683340742e-01
2.077497447910323647e+00
9.250650234611347278e-01
1.890906189550603800e-01
-6.316876653024796617e-01
-2.165839089499851378e-01
-1.062664936289224427e+00
2.075509289873020968e+00
1.839980457898496624e+00
7.421196587479622631e-01
-2.444714267598802504e+00
-1.445054088146498772e-01
2.724926450968075398e-01
1.584045499756512876e-01
1.207675065881889775e+00
8.236111014040201628e-01
-3.379163285843610198e-02
-1.774688615941211633e+00
-1.569307445216600039e+00
-1.110777096710613643e+00
-1.033800658190650035e+00
8.793373433917001103e-01
-7.939876954413814525e-02
-2.346339902889693185e+00
-5.459116467256729388e-01
1.153750383852846895e+00
-3.662187092429753932e-01
5.676991726410172134e-01
-5.517986451922596985e-02
-2.053395769816254823e+00
-1.711609575849276366e-01
-2.043535440291440741e-01
-9.379286383837934782e-01
1.125146736652928192e+00
3.967543895333600634e-01
-2.001172251927182399e-01
8.145956199155534039e-01
5.743549496192757592e-02
3.916312974371486400e-01
-7.349869882617785510e-01
-1.314102000685601013e+00
7.152329844208732412e-01
-7.802287641969778420e-01
3.568137612276580106e-01
-1.591888617830789832e+00
-1.379498795926989430e-01
-5.673909975953351781e-01
-2.225735297729183049e-01
2.161267546235270606e-02
-2.756232148065380194e+00
-7.154023510274006847e-01
6.844378261608411451e-01
3.962781089055697481e-01
-6.898983092561453700e-01
-4.415469256529184205e-01
-3.580274914648798323e-01
-2.178072558332888153e+00
1.696778511353346786e-01
7.437915774840608840e-01
2.503868056144986087e-01
8.521704768154918508e-01
6.479442159976518401e-01
-4.653029766804306355e-01
-2.483873276715827805e-01
9.593417567809588153e-02
-1.160859529756050001e+00
2.021390560303875372e-01
-7.176642409852989068e-01
-7.126746466051360196e-01
-4.535329813149632794e-02
-1.485843044678099023e+00
8.015592335590320250e-01
-9.555785230885788240e-01
-3.843291416477108591e+00
-8.510407455192016135e-01
-1.727163513528699124e+00
-1.589602700741137367e-02
2.233824188965541913e-01
-2.198440588336080248e-01
-4.984106656999000018e-01
3.578709130910635028e-01
1.051397384974694926e+00
1.881350459208594339e+00
8.843694202158671747e-01
3.157722729527763228e+00
-9.691142711193794224e-01
-6.845838211295178777e-01
-1.241312304442002912e+00
4.876530431505111673e-01
-6.581132169381155306e-01
-2.326063339130133745e+00
-1.466943817298536512e+00
-6.501701238966427487e-01
-7.655105140568905231e-01
-7.521908722628078969e-01
1.036565590581407931e-01
-1.544436279397016554e+00
-2.647054517445475708e-01
8.962493153957830083e-01
3.416276979752528309e-01
1.951380090208267859e+00
5.850471178967697750e-02
-4.218870756871784811e-01
-1.074619387199372278e-01
3.222392784059716075e-01
2.053027184638128499e+00
9.377858144778192795e-01
8.332243772943173643e-02
-1.364706986594956539e-01
-5.147076785729612913e-01
1.399288247661057749e+00
-7.228018041521716563e-01
-2.748590948405729151e-01
-2.889171199798225564e-01
-4.130039307710517971e-01
1.893830624571473109e+00
6.201692286536958365e-01
-1.049052091141091658e+00
-8.276370491717459643e-01
4.185111568131363313e-01
-1.367372844037916924e+00
-4.549951378507668953e-01
1.653028978262893744e+00
2.758714828314822176e-01
2.099158749946558600e-01
1.354820459504613717e-01
1.184181625055790582e-01
2.404464228334259046e-01
4.463481632646121300e-01
7.175034409203940866e-01
-6.752804451316014589e-01
-1.338932149831429108e-01
-8.852058535711249121e-01
1.534667736295311391e+00
-2.268666671299701676e-01
-3.858578745052445025e-01
-1.409021614455988614e+00
8.039383746937966979e-02
-1.369954587583439798e+00
-1.624485103039698508e+00
-6.920353413297014589e-02
-4.200846516231906413e-01
2.096528480254524762e+00
-1.351816522248787900e+00
-3.648332111371130448e+00
-1.720027995096407247e+00
-5.905726987795902883e-01
-3.654861555546363161e-01
-1.296164341970897693e+00
1.294602778363499185e-01
2.430996381940752349e-01
6.499265829203380029e-01
5.819363428185441167e-01
-5.053063587935497925e-01
9.173490558004457895e-01
-7.569854772214014149e-01
-9.392642490166849267e-01
-2.857520067468902539e-02
-4.228940717751128453e-01
5.449982181278676396e-01
5.532955270123082192e-01
1.110820012427180759e+00
-1.342417681908788796e-01
4.231952466825853465e-01
-2.548198410620445831e-01
-1.410037063178369576e-01
-6.424962860976332069e-01
-5.906681295927380670e-01
-3.709377724450857450e+00
-5.882587444775189134e-01
-9.786078215520278567e-01
2.472738244902973337e-01
1.691186384541173870e+00
-3.979361900516730222e-01
-2.174424379036177593e-02
1.469317201496594116e-01
-6.485103533024131339e-01
-3.707518341855577937e-01
-1.411628379473547634e-01
1.318255143379491179e-01
-1.204301064775231550e-01
-1.637732417611150182e-01
3.424535791594321421e-01
-1.396884613947842579e+00
3.694858352753149222e-01
-3.065245936528757098e-01
-8.787523107051630200e-01
-7.026886036601845964e-01
6.705161882209281776e-01
2.634708701323932534e+00
1.859163749076542471e+00
-1.833193054847880865e-01
7.105854920251590823e-01
4.928819370347171103e-01
-1.114429761876141317e-01
3.911141369467324158e-01
2.315600122793812499e-01
6.709650524973093111e-01
-7.948144272656029186e-01
6.896897161859295577e-01
2.075423193443700853e+00
-7.762583153911933875e-02
7.575926006236471943e-01
-6.259759448150764571e-01
-2.528686707319453553e-01
-1.606993781413445510e-01
-1.671888447162791946e+00
-1.742434632690031959e-01
6.301357531560167757e-01
-1.694414852336856847e-01
1.380790371977993924e+00
-5.925562585954736727e-01
-1.671255028316592783e+00
-1.477594086338847257e+00
1.646638304672874309e+00
1.333459230295150899e+00
-9.023942492245771163e-01
1.969047543431639846e-01
1.393441996326761689e+00
1.478806563728172208e+00
2.305505670337859303e-01
-8.262611508769649449e-01
1.888216184863143798e+00
5.053330224754412070e-01
4.038089370940372014e-01
3.604876523360363294e-02
1.086995416749335641e-01
1.302164453463339644e+00
1.068127284756463791e+00
5.333676566336073011e-01
7.815764923453925039e-01
1.330158401949713021e+00
1.317592682893859557e+00
-5.714957884080457129e-01
-2.665768432354022055e-01
-1.109987403352260538e-01
-3.891171244558163100e-01
8.312419369419417059e-01
8.029894552721329459e-01
-3.368148310492660169e-01
-1.062138147870056892e+00
-1.869384610754426301e+00
-4.033925229167645288e-01
-1.330429023535875999e+00
8.104557994998223824e-01
-8.846030976094448883e-02
3.139084343629473112e-02
2.150689526930216200e+00
1.235337512386731618e+00
1.568030306083783243e+00
-8.730980144144694366e-01
-3.480958915211352922e-01
2.178242318477347172e+00
-6.994340326401650154e-01
-1.566542081840968659e-01
-8.728831891845533208e-01
-1.542116383540191649e+00
-2.648743113351538780e-01
-1.046883323652211040e+00
-1.793846226120882292e+00
-1.745463243217608984e-01
-9.639694240584033569e-01
-9.785191970243554138e-01
1.690752984536095793e-01
1.593093154321921778e+00
-4.834050777430400903e-01
5.031128931981388996e-01
9.176149599615877547e-03
5.013802271321146087e-01
5.707322135743205793e-01
9.539318962004919022e-01
-2.334609614642855213e+00
1.328313211908450642e+00
-1.987240337514084798e+00
-4.142902716487580905e-01
-1.067144094201653459e+00
-4.334750642641694296e-01
-5.866936369174604593e-01
1.051029065526954742e+00
1.780868204652263032e+00
-6.341437081844263357e-01
1.236605097307855589e-01
-6.401457004421183816e-01
-1.315613546814095480e+00
5.746000387219579730e-02
1.828996886998598970e-01
-3.846676450843050654e-01
-7.692408101719068192e-01
-1.173755503916953158e+00
7.319496526814235349e-01
7.563925561014648302e-01
-6.091623254878126836e-01
-2.268030182291532526e+00
1.841966909978718508e-02
1.916784849558733905e-01
-1.628888448337325046e-01
-9.834083480280118028e-01
-1.439233922906867358e-01
2.273510171622460163e+00
-2.801792122716713074e-01
4.205366229224418717e-01
-6.199139055114335495e-01
-2.739447524158156733e-01
2.532871071865966939e-01
7.574211524309113486e-01
-4.390817545218621554e-01
-2.420836117408400046e-01
3.446795289375065297e-01
-3.618179203095723273e-01
-1.095468445519899969e+00
-5.648720072151094396e-01
-1.200256841617921788e+00
-2.724246630858301321e-01
7.843833393932954090e-01
-3.366150151933729462e-01
1.166565689176598947e-01
1.346316839275401613e-02
2.391937859902031338e+00
-2.038827859644245233e-01
-1.263788446613349770e-01
-4.234573374103050014e-01
3.561603905443839757e-01
-1.026636931778988959e+00
-7.144557658631118802e-01
2.564350010769267940e-01
4.384864868844519092e-01
1.390008717846271447e+00
-4.932842444477278931e-01
5.076137345387706779e-01
1.130029757546938685e+00
-6.389543973936822052e-01
-4.377466965423846834e-01
-6.835100246693872617e-01
1.869382359871649024e+00
1.412725807392852806e-01
2.518247598578855495e+00
8.563185890865682159e-01
-1.886347558121945100e+00
5.629419642967885551e-01
2.279954023100887017e+00
-5.615514283490653513e-01
-7.000382809155991648e-01
-6.255973598848222350e-01
2.183403850997911899e+00
5.611929687694874325e-01
-1.374410245718880486e+00
-3.693385202210189115e-03
