3.328762390773952751e-01
-6.551243162449094104e-01
-1.471469069358871395e-01
-2.778766778842212126e-01
-3.451427832370043358e+00
9.988261818009812609e-01
3.476304200583015813e-01
-9.885098362668310878e-01
-3.746439651745526178e-01
8.890380635614545390e-01
2.861267587043559990e-01
5.761296229827681525e-01
9.818593898665789466e-01
9.320919421521997039e-01
-2.119338985339782044e-01
7.954311884029244828e-01
-8.489092756099992920e-01
1.263766097487771134e+00
-4.170921531384635256e-02
-1.125691200951088877e+00
2.735674494325533779e+00
-9.176804641040112731e-01
3.708784098506391902e-01
2.647581899205186384e-01
9.623195664580837597e-03
-2.997315377789964708e-01
-4.294145977015403903e-01
-2.753371147067978919e-01
1.267050035010465647e+00
-1.565308803958134876e+00
2.272066131468687133e-01
-6.987470038139603767e-01
2.606782173342057085e-01
-1.464304855104311853e+00
-2.878967754483653940e-01
1.833990279112594768e-01
-8.814019946377406045e-01
-5.488924560741926806e-01
-2.441776337051136281e+00
4.847090466416022481e-01
-2.976786492324625666e-01
-3.568638339172153229e-01
-1.869333055360765383e-02
-3.794485754748245232e-01
-4.686633320679622905e-02
8.357089662476980818e-01
1.013640969564430616e+00
-1.310758879104114927e+00
-3.458101751152636294e-01
-1.169085617948666611e+00
-3.504579264281084683e+00
-5.134084491365276115e-01
-2.482129924843870517e-01
-1.753881125674467079e+00
-3.558808476283666367e-01
-8.154785506071502432e-01
1.579661686834447520e+00
-2.920501733420868273e-01
2.580656608461050494e-01
-9.984782579905870925e-01
2.919029784566549157e+00
2.034810727458892021e+00
-2.417911071435769055e-01
-1.318336035180449173e+00
1.154208810964149512e+00
1.588237487049924290e+00
1.497088292924508623e+00
-2.298869096127808265e-01
4.655933928072079619e-01
1.273234293903311443e+00
7.558699970162777726e-01
-6.957760686701536246e-01
-1.430359098309110122e+00
-3.083975286144055583e-01
-5.446832464932677142e-01
-2.560929618046650091e-01
8.621662439959894009e-01
7.926940221824005928e-01
1.188272374290757771e-01
2.778477979272551135e-01
1.785165759862554102e+00
-4.535016954950805146e-01
-1.435899147958240585e-01
4.178691830571867327e-01
8.204333316546760235e-01
-2.935648646183473431e+00
-4.622145427150029739e+00
-5.721009126151338497e-01
1.568703769864343123e+00
9.252294498477880991e-01
-8.601158228557186369e-01
-4.033815655269287759e-01
3.179168305997448485e-01
6.143562902364871903e-01
-6.950858008288326451e-01
2.024604724791561061e-01
1.725196915698083699e-01
-4.799359396831808233e-01
5.541330360127044719e-01
-1.251200700956356826e+00
-1.257370629332428491e+00
6.027704927694693682e-01
-4.243100210936813776e-01
4.350234704633932914e-01
-1.070903013765228534e-01
-2.543891554243452591e-01
-2.583953456716387431e-01
1.295262021673210251e+00
3.394328843607862245e-01
-4.428450182138810587e-01
-8.498635791083029856e-02
-1.585725755201059517e+00
-5.128271368503448668e-01
3.336364740799779294e-01
3.327782077004685923e-02
-1.681346156247172097e+00
1.312226146702960561e+00
2.260830713398891412e-01
-3.171251379206345145e-01
3.845218478373407245e-01
-4.252737870338924586e-01
-8.753008626011030691e-01
1.141296353431871413e+00
5.406966345031209986e-01
1.222823556837393966e+00
-6.134072873330496112e-01
-1.734753665017244317e-01
-3.594233268600490194e-01
-3.014241109113283135e-01
6.659399092271944820e-01
1.701472845252818833e-02
-4.017236492929477376e-01
9.098222628273522350e-01
-1.239690722427307268e+00
1.170851263228943839e+00
-1.365602303577564403e+00
2.133011085360317916e-01
1.473683945745284163e+00
-3.603051412040668922e+00
-3.732871896897617114e-01
5.307443582972974638e-02
-4.047475432763222858e-01
-8.887726445802140995e-01
9.902377701650445785e-02
5.283582785334325349e-01
-3.542423067038074080e+00
-1.542864677504084847e+00
1.235354137754911097e+00
4.815633986157235452e-03
9.066558081713123329e-02
-1.103374095047616299e+00
-1.656371573883725634e-01
-4.722410684051581153e-01
-5.464523643239281858e-01
-1.130674848845386604e+00
2.656358495190757479e-02
5.493462539028178826e-01
4.133096399172037638e-01
-1.238842637730248386e+00
-1.364964557386043609e+00
8.307893876156670077e-01
1.272539990118628506e+00
-2.735563699670364723e+00
-3.709337909054505888e-01
-1.467611179434876068e+00
-6.390973486183371133e-01
-4.171411281400742854e-03
-6.435382861293253987e-01
6.608824597565039760e-02
-3.122507286841970653e-01
-2.588578202162682418e-01
-5.799249000724255101e-03
7.929713747352509223e-01
-8.594064754256457161e-02
-8.945085098294919268e-01
1.491412243735897314e-01
-4.540185021957122147e-01
1.117499331781051986e+00
1.456900473415502661e+00
-3.631848374864731888e+00
-3.836732521788477901e-01
-1.032466965405187231e+00
2.742449772558251397e-01
1.064589787788937869e+00
-1.265440411317631630e+00
-4.236050863293299718e-01
-1.339848242587618810e+00
-2.081828626201173982e-01
1.114644918418253861e+00
-7.549170620206995252e-01
9.298445282891324437e-01
-1.723152676319836540e-01
2.236395874830189590e-02
5.682757601275253284e-02
1.566076797915872953e-01
9.583819763065618003e-02
2.844394677021264695e-01
4.709559860725283653e-01
4.336027940400558611e-01
2.750005086713028235e-01
3.262707388714430889e-01
-2.673071202903976040e-01
2.896518182718275658e-01
-5.663076732940652835e-01
3.642942578985925439e-01
1.461163104449031858e+00
-1.276113506703273892e-01
6.240846619081485969e-01
1.055393131604455692e-01
-1.445468620012549388e-01
9.060925708616957008e-01
4.820242330218214577e-01
-6.270832686324225858e-01
6.543414981029114230e-01
-3.396780588041304894e-01
5.995073325938157227e-01
-1.360971380807185216e-01
-1.269761712415865829e-01
-8.693638182981090756e-02
3.183360007196141539e-01
5.889055104192066903e-01
9.780190587255690460e-01
-8.155563958680172032e-01
2.056568926163568345e-02
-4.761957151585796688e-01
1.303037402189719807e-01
-1.925995349581930416e-01
-3.834047244419041545e-01
6.927978851436469299e-01
5.882979828490539909e-01
8.230117021477753037e-01
1.614102243884222077e+00
6.822220254611018886e-01
-2.326278510068970906e+00
1.540753156983195815e+00
-1.258087254356392126e+00
1.258136815923507790e+00
-1.203509580876818363e+00
1.359146142866358042e+00
3.735672496318510061e-01
2.051118770810537839e+00
1.267394313517145876e-01
4.554561333956179126e-01
-3.657616912450210589e-01
-2.188191511150111013e-01
5.440520078434222251e-01
-1.509826788078477033e+00
1.077797214307697482e+00
1.208283121976744701e+00
5.483768636811046093e-01
-3.685321814763528048e-01
-7.910270247515243103e-01
1.886850982386176490e-01
-3.887952331107640824e-01
1.805104129797734103e-01
-4.391943659584936488e-01
-2.249858203253359348e-02
-2.627743738063537116e+00
1.710393086487195236e+00
6.046646359041487617e-01
-2.475763422355435617e-01
-1.351136598198082073e+00
5.395669208228922598e-01
2.263826696254392715e-02
-2.187108434200462637e-01
-2.384929666197405762e+00
-1.528723402091169692e-01
-1.615865369287150244e-01
1.886700230616153995e-01
2.544561072907817745e-01
1.284385413723556413e+00
4.066491918481527357e-01
-1.525519708917871586e+00
2.288513506711578327e-01
1.509448191606135303e+00
7.410422429284343471e-01
1.037227116591807441e+00
5.578691671552419296e-01
7.574122802397547094e-01
1.345446574037101550e+00
7.239659657949853999e-02
-2.151340987340019328e+00
-2.413126708260709408e-01
2.423476720951617813e-01
1.132297636692903842e+00
8.680085092328390650e-02
-4.110349616258839323e-01
-1.336457910159042084e-01
-6.492451652394234385e-01
-2.067982007082122542e-01
-1.516379674529975963e-01
-3.217643778182130432e-01
-1.422796412940874555e+00
8.732880977584825399e-02
-7.624722980018986407e-01
1.661530077571776953e+00
3.378311908078738268e-01
-3.335435630678212221e-02
-5.973087687858338324e-01
3.715090150063808938e-01
4.073057467844455326e-01
-1.017033131253086004e-01
-1.434303462772625437e+00
-6.775965678901532119e-01
4.962786201468499248e-01
-1.074192761063886975e-01
-9.512603910491350678e-01
-1.400375479881531549e+00
4.095940731768096810e-01
8.223942882792459330e-02
-6.138856602193406564e-01
9.409921886253247436e-02
-2.611595852415333208e-01
2.176206075220520564e+00
-6.522662017413999314e-01
-5.538946719942187125e-01
4.137337933463711703e-01
-8.650410039534881523e-01
9.602910300977606228e-01
9.720783047131061894e-01
1.282179611603273983e+00
-3.660942215839469438e-01
5.593963007462282588e-01
-6.400591477003908514e-01
-1.011292742356571100e-02
1.141547191843005349e+00
1.299438153315603861e+00
-5.221114128319169767e-01
-5.734509345133982361e-01
2.533710317886959107e-01
-9.327394621997715796e-02
-5.863751988432804874e-01
-9.391097334510621897e-01
5.725836992091444255e-01
2.019457071921004321e+00
-1.279907830386065870e-01
-5.292725239488013100e-01
-6.506834648519607134e-01
6.300176817664449036e-01
-8.058837922732203785e-02
-2.851863839692760361e-01
-7.750664298583527234e-01
-2.972137610145924036e-01
-1.328961405039649879e+00
5.997878979460269377e-01
-1.644151511951001288e+00
-7.956618987450172487e-01
-4.129594736198052840e-01
-3.249127067429053994e-01
5.724303089999729227e-02
-2.413978696840623495e-01
1.750839065114737358e-01
-3.279564778207355036e-01
1.265496930052099345e-01
-7.392908321748276057e-01
5.818854707095015844e-01
-3.018846780396735457e-02
2.682669676744543485e-01
-4.322568249331780743e-01
7.243240565654973651e-01
-1.639581844255605381e+00
-1.382130699284397357e-01
2.518268500541294586e+00
7.277499447855102499e-01
1.034803732330292991e+00
-2.925127064314711478e-01
-6.858349404812309480e-01
2.130268414068273053e+00
-5.657932714413127506e-01
2.370319261704459390e-01
-5.722265792298519838e-01
2.707345182755735991e-01
-8.150293120920957257e-01
1.116749312026824148e+00
-1.611611934537601418e-02
-6.599558361076570678e-01
-6.106027694053558358e-02
-2.678653749884807755e+00
1.126754622588092974e-01
-1.859903067646534180e-01
2.695370644032314633e+00
1.057016077553015299e+00
5.887141180783429101e-02
1.788104019949048884e-01
-3.640138857312910647e-02
5.104677514191972021e-01
6.034606184087070169e-01
2.572925747223572812e-01
-5.026847783115947488e-01
-7.975788610429537240e-01
2.592747905483219206e+00
-8.254999265004790976e-01
1.189455873663957552e+00
1.093101862426358040e-01
1.327696447607724650e+00
4.054557122166670413e-01
-1.615865369287150244e-01
-2.706131493941872357e+00
-4.956475480929386501e-01
1.009276724661308355e+00
1.117489754884872788e+00
-6.888231899508741041e-01
-3.413870375274756785e-01
1.093702264584179407e+00
-1.391194985045347332e+00
5.667949346894628482e-01
9.634549250397388409e-01
-1.457449312944703257e+00
2.390015534120759066e-01
6.980685153517416364e-01
1.733538806415626743e+00
1.094242223175061896e-01
1.618560935293333891e+00
1.518635059897405881e+00
-5.524600085052213672e-01
1.699864793891551651e+00
-6.641098790609767377e-02
-1.299447621868090319e-01
2.068383676421227335e+00
6.564741735888934837e-02
-9.946244321306157987e-01
-4.265267259259073601e-02
1.084979868564645011e+00
2.153290654283230576e-01
2.083669632958579321e+00
-1.003731013690845053e+00
-1.012311197571909016e+00
-6.699290260376600248e-01
8.676899595328019243e-01
5.591638765167924463e-01
4.576920796848571449e-01
2.876659022173909119e-01
-6.189210011008952073e-01
-8.759969564519020091e-01
-2.328341302110360778e-01
1.011886407271933574e+00
