1.126600329815441892e+00
7.025661945528309804e-01
-2.125899613774756280e-01
8.835660591040925826e-01
-2.107334837925252946e-01
-6.913862350834187875e-01
1.285025613471062700e+00
-7.930998910983133587e-01
-5.378918239170622506e-01
1.369762208993223318e+00
7.016359860987521069e-01
-1.363356865219312208e+00
-1.790511127327538032e+00
-4.493534567486003918e-03
6.079954096648164663e-01
4.928951864514464209e-01
-6.186523759128043087e-01
1.375750754811036813e+00
-6.787414188850291463e-01
-1.863272712976792311e+00
5.359518310264186486e-02
-1.199073095504402886e+00
7.384073836912389277e-01
1.183564079784986012e+00
7.964985601295854201e-01
-5.786661115533480171e-01
-4.353690520371539807e-01
2.976335254963869414e-01
5.909696438898236481e-01
9.220331213347158217e-01
-2.276436608937360551e-01
1.887050808802992197e-01
2.377508245060588887e-01
9.287880632119256408e-01
1.828144301832914875e+00
1.284581210416070540e+00
-1.375348789005025330e+00
4.671418321558528097e-01
1.857110045706624968e+00
-3.463382397281257741e-01
8.513882045522981334e-01
1.609972474520878771e+00
-4.415734805395103435e-01
1.822298184245000563e+00
-5.382734789404423070e-01
-8.587947748227305889e-01
-4.512967059342798404e-01
1.079706389166965819e+00
-4.189945641079332872e-01
6.197223465338432824e-01
-1.438273697645380711e+00
6.648058127746099277e-01
2.600874487995842310e-01
-6.414088096088513824e-01
-4.525975006468331840e-01
7.027378426243350296e-01
1.080466620621972407e+00
8.636686194806482142e-01
-1.243605998505955323e+00
-1.578339471093181956e-01
1.057369537314709174e+00
1.561366823355013533e+00
1.003443198702012262e+00
-7.419784305847679784e-01
1.703953811933346829e+00
1.067245198782442284e+00
1.441516464747401916e+00
-9.913806878001578671e-01
-1.015393892059273107e+00
6.349874089739254712e-01
-3.073512888352415429e-01
4.209966525361455991e-01
-1.741266078072130519e+00
-3.812799182757111716e-01
1.067390134976148541e+00
3.682911860899054646e-01
-1.398995426029220113e+00
-1.618019021017644166e+00
-1.279542859959230672e-01
1.097507997168460703e+00
3.716115438030252460e-01
1.406333335179423161e+00
-6.876955561525266436e-01
4.591584451645627785e-01
8.423863576004005094e-02
-2.948285006091087568e-01
-1.752140528618946480e-01
4.223960599108702030e-01
5.273181345325944624e-01
3.680419465455516681e-01
5.962139311753764659e-01
5.798145915621401025e-01
1.989402166690200091e-01
8.065642249892872595e-01
-7.420039537374691907e-01
-1.162291964706501785e-01
-9.594030643596441754e-01
-1.918989744264610220e+00
-8.846096737980032598e-01
-4.754301787568188664e-01
-5.782980362046773459e-01
-3.763640391918052219e-01
1.747733899749153386e+00
1.093955778368865400e-01
1.030229830245923184e+00
1.330502586865763615e+00
-2.827901912975528884e-02
8.429589772887826626e-01
-5.656101400758536263e-02
-2.126221511115337914e-01
2.299502231306866928e-01
1.298573231938436601e-01
6.003366473228123334e-01
1.840836852958336101e+00
-6.193901140731092880e-01
6.232723802167291702e-03
3.940301800246093777e-01
1.678745088593595725e+00
-8.250583827945419113e-01
-3.231525229434124152e-02
-1.828408184713198770e+00
-5.453637638754553763e-01
4.632371752802304510e-01
-1.758484614627207732e+00
-5.904516035516451655e-01
1.237254141007789743e+00
-1.026449618057294177e+00
3.155830276077794538e-01
-4.565017241989758334e-01
5.204941178313216010e-01
-5.640919724161378435e-01
2.169854699273912335e-01
1.214287525129270850e+00
-5.668941967037784968e-01
2.125565488892221799e-01
-5.911295487903678314e-01
4.654536432540659630e-02
6.343964847237313354e-01
8.464842355033491694e-01
-4.470472485931653028e-01
-7.961684095022094620e-01
-3.355664768987340341e-01
2.254080920349308126e-01
3.426011167796950696e-01
2.369781988772961867e+00
-2.159772523424530466e-01
6.132433022246087662e-01
3.964584920453737005e-01
-6.836435354810767029e-01
2.743363409306947553e-01
-1.327454670430660288e-01
-2.690097848784207546e-01
-8.856979814540739682e-01
2.043569930899208353e-01
-1.496723539985887752e-01
8.265403510656023078e-01
-1.727095939971513006e-01
-1.234826222176834548e-01
-1.450218547936020785e+00
-3.884704308934091577e-01
-1.720725153908370553e+00
4.817393646565160670e-01
1.602029143657359489e+00
1.134634223140994713e+00
4.186110571352562038e-01
1.973216234777895040e-01
7.332766439672355752e-01
9.450623310566850233e-01
5.227455378335073011e-01
2.302740774707955351e-01
4.936863656407143308e-01
1.202204223898570623e+00
2.995643488321945644e-02
-8.749403018192033477e-01
8.442675151079956364e-02
-4.418372810558419128e-01
1.295384988662635406e+00
5.628234693257261681e-03
5.181827345191916123e-01
-1.648829553773524248e+00
-1.709017473371710061e+00
4.236201809947227059e-01
-8.519712078141131739e-01
1.317733353932414087e+00
4.267400757737678796e-01
-5.845032120212281246e-01
-7.953867852945579742e-01
1.821321786989689440e-01
-4.445417640570700213e-01
-7.765754810234103411e-01
-4.829447406347485705e-01
-2.956654087262212960e-02
-5.253506323863690319e-01
-3.675875572659947355e-01
1.221107445184207663e+00
-1.999526738696184858e-01
1.268056242844549097e-01
6.702349975377123181e-01
8.043625515063914655e-01
3.026060014830211364e-01
1.661087639729333931e+00
-3.276242798178336524e-01
3.789456408451367664e-01
7.934995732015976966e-01
8.968391366319976576e-01
-1.153363716889882484e+00
2.564906990908977225e-02
2.935394716666859805e-01
4.180607042514328797e-01
-1.490924970369793545e-01
1.629808804984697324e-01
-2.714608623737226056e-02
1.401326502301479815e-01
1.312863696272875469e+00
-1.648353429458584984e-01
-5.952770414259980214e-01
3.970311012455416400e-01
-7.028525254522222099e-01
4.146734493142323341e-02
-8.490604578724926521e-02
-7.587708986352670326e-02
1.468448163376945281e+00
5.674072459336485519e-01
1.078470827432777002e+00
8.574812224351805456e-01
1.785599480220530388e+00
6.741348731472905642e-02
-3.002344879024673174e-01
-4.060624541850986757e-01
-5.286986779924528479e-01
1.032274842475853882e+00
7.704602897342409662e-01
5.207558877435694011e-01
-9.621129074200103215e-01
2.860301781353323247e-01
-8.965157094174491803e-01
-4.392492101990972397e-01
-5.531002046498189051e-01
-2.749314507893246828e-01
5.417171231404549481e-01
3.466245859509869409e-01
-1.515691646511990731e-01
4.320761974111445719e-02
-4.377598757919657357e-01
1.099961250010093317e-01
-2.276817196874044713e-01
7.352312793815192205e-01
2.007381851399524519e-01
1.469043896039472219e-01
1.350362150192063959e+00
-3.494719603808858488e-01
7.411419820039857886e-02
5.281103988044340003e-01
2.798912797231305552e-02
5.277386591628309143e-01
8.351532482672789914e-01
-4.767878252284373231e-01
1.606846165859355358e+00
-7.070281434953389343e-01
-5.023357743925863650e-01
-1.583920250038756417e-01
1.131190811469268809e+00
5.707188668051837999e-01
2.832015188000957528e-01
1.018219146334288672e+00
6.214102114016070155e-01
7.660225025799038967e-01
-3.250498552010467890e-01
4.935436708047663545e-01
7.335966452957524142e-01
-6.985512063083355594e-01
4.234939095341157533e-01
-7.539896872793940830e-01
5.084015174106207846e-01
7.556850483197347090e-01
-3.209408109938759884e-02
2.051467725059432645e+00
-3.029674322794357888e-01
-1.390086445001494697e+00
4.329099354813440992e-01
1.394614231755351597e+00
1.047072378167905438e+00
-2.077938094284480924e-02
1.701172391124628147e+00
1.291237173594302623e-01
6.915690049091635094e-01
3.989131557330005684e-02
-5.233829203706783506e-01
-2.737061714649840494e-01
8.583009331100024952e-03
-1.069031272082927586e+00
1.106191896201657698e+00
1.462372963970213879e+00
5.201163865644761186e-01
8.581886154156984636e-01
-3.862868510015028400e-01
2.550702475533454527e-01
7.934723221168789031e-01
-4.735973112324509682e-01
-1.097076457876341449e+00
-1.766043257206600658e-01
-2.970653129693732186e-01
1.689673933158693242e-01
-1.770871962329689131e+00
6.765987972029505748e-01
-1.122551382468152559e+00
7.985363676655889975e-01
-5.771550652765117251e-02
6.460321185675935163e-02
-1.041121054021408032e-01
6.610518095807752514e-01
6.906554970668614679e-01
-5.652498783925073711e-02
2.778520465254466498e-01
-1.994512678087567714e+00
7.647775882082213927e-01
-4.382682969857825128e-01
9.758412417171991038e-01
2.025891214177944211e-01
9.213345133428210154e-01
-1.555400263768972113e+00
1.791286895580904259e+00
-5.500570785028732201e-01
8.076629031780439005e-01
5.870302315189055431e-01
2.904750942042326201e-01
1.661256460754142461e+00
-1.330901770149276686e+00
-6.034147013101212043e-01
-1.383414442240317843e+00
-8.837116269748719333e-01
2.563515233705166985e-01
8.167996939391097833e-01
8.155198896751589821e-01
1.192633923632774318e+00
1.310996588355427095e+00
-1.519724647721655032e-02
6.426223911825166279e-01
5.342031186652158592e-01
1.066510568678234350e+00
-4.065018687331295455e-01
6.043779037272647425e-01
-1.400527548988445670e+00
1.134450329032935301e+00
3.308103074858097514e-01
-7.611797067239776116e-01
-2.476801433613094044e-02
4.692487306240891165e-01
-9.863495279666548710e-01
1.502697521295791039e-01
-5.108648254901883012e-01
-7.859638430870734549e-01
6.347054869969983582e-01
-1.100420982050421603e+00
-2.734045311672469669e+00
-8.979872555380320476e-01
4.669486118437243261e-01
1.292563816255762055e-01
1.371259043448706527e-01
-8.051992634240764390e-01
-6.295180594686019537e-01
3.819656517034873966e-01
-1.333888321737015763e-02
8.128485072145413826e-01
9.614873023558044851e-01
-7.334081704498187637e-01
3.297745527018357548e-01
1.289525349029535750e+00
-1.761736562316286170e+00
-9.181230738200460983e-01
2.860192003574860142e-02
-7.075885112382056530e-01
-8.181013193063200184e-01
6.246933214961757352e-01
1.815566553031837393e-01
7.418640499857293014e-02
6.717698550049855388e-02
-1.761181007443567648e+00
1.982660852528812800e-01
2.231952812534768460e-01
-2.212677803493154072e-01
2.434907937559420421e-01
-1.079527292550696460e+00
9.191617250360556435e-01
8.869479644041861066e-01
2.744805909455606763e+00
3.269795503068140263e-01
-1.923146112488558768e-01
-6.537732827172455519e-01
-5.561344534822002666e-02
1.420043859789291707e-01
4.317734231997117922e-01
-3.223436861213883065e-01
2.680389417679859831e-01
1.665071826117902720e+00
1.012415480856472677e-01
1.112700893329620078e+00
-1.304247468915732677e-01
4.824863509617068752e-02
1.615759581390869559e-01
-1.263533860216044524e-01
1.378927735609355221e+00
-1.207256367644870432e+00
-6.160510999380836017e-01
7.424212988261027490e-01
-3.871510264817705840e-03
-3.017371338698725536e-01
5.410979886793411131e-01
-1.201930449382564658e+00
2.882733960609584756e-01
2.664210002951729675e-02
7.317255372626727539e-01
-1.550118553299026092e-01
1.440284740123685403e-01
-7.544930517072832021e-01
-4.633473903267620320e-01
-3.581120222122702867e-01
7.914545799976554497e-01
-1.044437431336459499e+00
2.316677443436062411e+00
-8.292942021634486238e-01
-8.685794389629837575e-02
1.820430365587035471e-01
3.429313979452475736e-01
8.313395496320401534e-01
2.919577668715548913e-01
7.486226333570733527e-02
3.632933980893096049e-01
-3.122166911405614420e-01
-5.489233629012516547e-01
1.031060881525430961e+00
1.610737260813616401e-01
8.096583263583878587e-01
1.263343466446420482e+00
3.113823115198443015e-01
3.726349068546999099e-01
