1.122542979120378348e+01
1.312723742842789854e+01
1.718829694060172386e+01
1.212919918401734520e+01
1.708005894319361317e+01
1.283332713779274847e+01
1.279711882878389950e+01
1.364418976398571637e+01
1.420433086660885458e+01
1.239197541592460361e+01
1.278915765061320897e+01
1.312723742842789854e+01
1.282088144770301241e+01
1.194265839866890566e+01
1.173287671862579451e+01
1.163510319822809080e+01
1.161285301584927154e+01
1.181699367030185321e+01
1.283105506502595539e+01
1.337383423349194977e+01
1.213283790515033367e+01
1.181699367030185321e+01
1.710600780454963399e+01
1.229839493229987823e+01
1.323251607628549920e+01
1.156091228781606617e+01
1.251883067993755461e+01
1.710955171272612318e+01
1.146975944742720444e+01
1.718829694060172386e+01
1.315818214643219974e+01
1.271448278323719272e+01
1.283332713779274847e+01
1.690144096683172847e+01
1.692729965305895945e+01
1.278915765061320897e+01
1.283105506502595539e+01
1.731515220461467663e+01
1.734148187337260794e+01
1.320296413803178659e+01
1.459687165452622359e+01
1.258762751922424172e+01
1.337383423349194977e+01
1.718829694060172386e+01
1.170624406516123805e+01
1.166364446892716700e+01
1.731515220461467663e+01
1.271448278323719272e+01
1.309488617436539393e+01
1.251883067993755461e+01
1.283332713779274847e+01
1.258762751922424172e+01
1.126167550322094080e+01
1.703118275031105000e+01
1.309488617436539393e+01
1.279711882878389950e+01
1.240227726952170073e+01
1.360901927270079703e+01
1.323251607628549920e+01
1.222508495750819435e+01
1.157480054157000282e+01
1.298017323007082346e+01
1.174079716546665964e+01
1.242525019631283101e+01
1.193694844544369005e+01
1.251884955131046340e+01
1.224162638210871989e+01
1.282474020335929943e+01
1.325409269244085131e+01
1.420433086660885458e+01
1.239197541592460361e+01
1.270419980101300439e+01
1.242117010144213474e+01
1.201639018580282858e+01
1.220946987006617945e+01
1.302930592155495049e+01
1.723640697673907596e+01
1.352380009801794181e+01
1.193694844544369005e+01
1.486717975382896917e+01
1.323251607628549920e+01
1.384048419847025357e+01
1.144118161774283493e+01
1.283957359599761006e+01
1.407542131911687022e+01
1.708005894319361317e+01
1.710955171272612318e+01
1.390743675458121764e+01
1.695099725813135194e+01
1.441150253345077381e+01
1.703118275031105000e+01
1.374022715197991396e+01
1.288908205047031252e+01
1.205678651591782824e+01
1.274449146830966839e+01
1.340682915511362516e+01
1.239197541592460361e+01
1.283332713779274847e+01
1.283162680906368536e+01
1.374945853570014620e+01
1.258762751922424172e+01
1.376715737511915272e+01
1.280690077508321245e+01
1.145466080337229009e+01
1.239191955461627792e+01
1.737342252009014132e+01
1.283105506502595539e+01
1.277557203806271779e+01
1.294188717872535754e+01
1.283332713779274847e+01
1.690144096683172847e+01
1.311974996648178404e+01
1.248374518200241923e+01
1.202112053564011518e+01
1.258762751922424172e+01
1.736785133076331888e+01
1.264797688809020748e+01
1.420433086660885458e+01
1.203336558221924335e+01
1.214404165598545760e+01
1.126272204450747516e+01
1.739426007212664516e+01
1.220662516622206262e+01
1.171557820449920406e+01
1.147629235199597986e+01
1.415236502267650387e+01
1.353207704294069380e+01
1.347989193592105295e+01
1.258762751922424172e+01
1.731515220461467663e+01
1.221859814037821046e+01
1.330317351317691710e+01
1.130627571679153398e+01
1.283332713779274847e+01
1.225969316916328467e+01
1.278894772829601401e+01
1.283332713779274847e+01
1.323251607628549920e+01
1.332027102140099117e+01
1.270419980101300439e+01
1.404984323159823489e+01
1.365468924011927676e+01
1.190639262666271847e+01
1.134402140384870528e+01
1.194576518820048783e+01
1.734148187337260794e+01
1.327997389110067417e+01
1.153011124118075337e+01
1.413480861913358844e+01
1.433118613062180557e+01
1.343172900429178540e+01
1.310136316432870096e+01
1.241016547285992111e+01
1.700248338917207391e+01
1.277004336377720328e+01
1.330400055660701142e+01
1.341887038045157077e+01
1.167572275628564249e+01
1.278005751709712001e+01
1.271448278323719272e+01
1.296018240180569947e+01
1.231165901309563537e+01
1.729385232878949097e+01
1.278915765061320897e+01
1.310136316432870096e+01
1.726261425163775698e+01
1.220541572266713182e+01
1.420227658312982122e+01
1.441150253345077381e+01
1.450327229952859120e+01
1.358701967837441060e+01
1.716200756513672587e+01
1.271448278323719272e+01
1.261060044601537200e+01
1.312583379901243497e+01
1.358701967837441060e+01
1.234067263382751811e+01
1.205867643620123886e+01
1.726261425163775698e+01
1.734148187337260794e+01
1.697915254053668122e+01
1.304438469018136892e+01
1.713200099647981389e+01
1.278915765061320897e+01
1.291601291462615997e+01
1.205880517135327956e+01
1.472599899130596768e+01
1.376715737511915272e+01
1.702829623084468125e+01
1.230960472961660201e+01
1.118090715132560042e+01
1.248374518200241923e+01
1.250247747776271190e+01
1.264797688809020748e+01
1.199739921590111003e+01
1.744719338813055032e+01
1.348829122565116201e+01
1.327997389110067417e+01
1.486717975382896917e+01
1.248374518200241923e+01
1.401644150302747249e+01
1.750027778410309054e+01
1.171358775134648411e+01
1.122438361722585931e+01
1.303759141132862176e+01
1.191938722990665589e+01
1.233348043023501361e+01
1.248374518200241923e+01
1.323251607628549920e+01
1.283332713779274847e+01
1.294043269167578281e+01
1.297450790031574996e+01
1.223333107317596458e+01
1.181699367030185321e+01
1.716200756513672587e+01
1.354572564446452354e+01
1.283105506502595539e+01
1.272855065663386220e+01
1.724099606675036611e+01
1.158002754289774572e+01
1.441150253345077381e+01
1.142093276371634936e+01
1.320940042073724641e+01
1.395092498436643780e+01
1.248374518200241923e+01
1.276977344573826478e+01
1.283105506502595539e+01
1.315818214643219974e+01
1.278915765061320897e+01
1.296018240180569947e+01
1.420433086660885458e+01
1.209174287636525946e+01
1.261060044601537200e+01
1.261060044601537200e+01
1.355589366593108025e+01
1.305128195534028634e+01
1.146820713758978272e+01
1.283332713779274847e+01
1.310566081227254820e+01
1.459687165452622359e+01
1.282883063381693134e+01
1.306874244273831032e+01
1.420227658312982122e+01
1.321207956297200603e+01
1.353207704294069380e+01
1.310136316432870096e+01
1.736785133076331888e+01
1.258762751922424172e+01
1.297450790031574996e+01
1.178173374485052705e+01
1.283332713779274847e+01
1.146350831440858542e+01
1.420227658312982122e+01
1.420433086660885458e+01
1.697671689671424744e+01
1.381836480102799491e+01
1.278094041702202510e+01
1.697915254053668122e+01
1.302153080782892403e+01
1.277625375794005080e+01
1.690144096683172847e+01
1.341786632598804019e+01
1.297450790031574996e+01
1.152076595699667472e+01
1.411126999389142966e+01
1.370661022404302543e+01
1.734148187337260794e+01
1.718411835342204341e+01
1.152738599942434305e+01
1.744719338813055032e+01
1.290853004005838223e+01
1.248374518200241923e+01
1.702829623084468125e+01
1.147198991136025548e+01
1.441150253345077381e+01
1.379092869160238877e+01
1.220662516622206262e+01
1.160404758190863106e+01
1.283332713779274847e+01
1.715803801432399922e+01
1.294250317368077852e+01
1.332027102140099117e+01
1.139137323682960634e+01
1.144930381722945079e+01
1.203324789067566947e+01
1.220662516622206262e+01
1.354572564446452354e+01
1.323251607628549920e+01
1.398751869275902671e+01
1.329452281484560316e+01
1.337383423349194977e+01
1.349224788262618802e+01
1.310566081227254820e+01
1.723640697673907596e+01
1.336143596163821101e+01
1.224213676562036923e+01
1.407833228887944976e+01
1.708338624510083648e+01
1.277072376472083981e+01
1.258762751922424172e+01
1.180651540162151214e+01
1.225316402740604538e+01
1.340841111683407583e+01
1.726261425163775698e+01
1.123804626098842441e+01
1.291778593496293936e+01
1.472599899130596768e+01
1.258762751922424172e+01
1.289530578955692341e+01
1.347588900892607278e+01
1.739426007212664516e+01
1.323713795259395809e+01
1.311974996648178404e+01
1.248374518200241923e+01
1.369917970908341154e+01
1.264797688809020748e+01
1.169217185307897644e+01
1.358701967837441060e+01
1.264570481532341439e+01
1.242525019631283101e+01
1.261060044601537200e+01
1.258762751922424172e+01
1.238324213250937156e+01
1.459687165452622359e+01
1.448029937273746093e+01
1.184801533251670236e+01
1.407542131911687022e+01
1.335236756728361662e+01
1.420227658312982122e+01
1.270419980101300439e+01
1.271448278323719272e+01
1.413480861913358844e+01
1.264570481532341439e+01
1.278915765061320897e+01
1.322938506550148752e+01
1.353207704294069380e+01
1.325409269244085131e+01
1.323713795259395809e+01
1.459687165452622359e+01
1.251884955131046340e+01
1.164309715899912945e+01
1.679846971407059186e+01
1.233348043023501361e+01
1.258762751922424172e+01
1.715803801432399922e+01
1.736785133076331888e+01
1.330400055660701142e+01
1.240227726952170073e+01
1.200234392000439421e+01
1.291601291462615997e+01
1.181699367030185321e+01
1.199729169502459136e+01
1.240860395671507632e+01
1.218274946560365102e+01
1.258581291286475157e+01
1.209174287636525946e+01
1.254031659082091466e+01
1.726261425163775698e+01
1.426166388314654121e+01
1.224213676562036923e+01
1.672174207173923577e+01
1.354572564446452354e+01
1.239197541592460361e+01
1.700514573246686112e+01
1.194384893431480421e+01
1.301792622439924152e+01
1.279366170154663962e+01
1.218364177993078101e+01
1.695099725813135194e+01
1.137769938249330970e+01
1.194748765544779268e+01
1.306874244273831032e+01
1.258762751922424172e+01
1.264797688809020748e+01
1.277213804653512774e+01
1.233979929638701911e+01
1.256202341234006958e+01
1.297450790031574996e+01
1.277625375794005080e+01
1.718829694060172386e+01
1.189655022198435752e+01
1.283332713779274847e+01
1.371387494238736160e+01
1.205061653686269629e+01
1.220662516622206262e+01
1.310566081227254820e+01
1.294188717872535754e+01
1.209174287636525946e+01
1.270419980101300439e+01
1.729385232878949097e+01
1.181592258902081127e+01
1.308735114800368393e+01
1.220662516622206262e+01
1.283332713779274847e+01
1.363630730027086990e+01
1.298017323007082346e+01
1.718411835342204341e+01
1.248374518200241923e+01
1.381916888138822230e+01
1.718829694060172386e+01
1.286021597902170832e+01
1.718411835342204341e+01
1.297450790031574996e+01
1.370906864617340659e+01
1.702829623084468125e+01
1.243851427710858637e+01
1.684859733575218854e+01
1.448029937273746093e+01
1.279873992300682772e+01
1.713575898762480776e+01
1.306874244273831032e+01
1.294188717872535754e+01
1.150280656431685244e+01
1.159764050020116599e+01
1.310136316432870096e+01
1.700514573246686112e+01
1.177678448315047532e+01
1.737342252009014132e+01
1.296018240180569947e+01
1.340682915511362516e+01
1.396714198507124927e+01
1.218364177993078101e+01
1.739426007212664516e+01
1.324697896947899878e+01
1.713200099647981389e+01
1.716200756513672587e+01
1.359217940481616616e+01
1.333893482698495880e+01
1.710600780454963399e+01
1.268208197620508493e+01
1.210656137327382886e+01
1.386708241599286495e+01
1.472599899130596768e+01
1.278915765061320897e+01
1.216506800705161417e+01
1.300516173938103570e+01
