7.695836718524652620e-02
1.392410636134092938e-01
8.899190183961476486e-02
2.136298618307938213e+00
-1.696556308895026621e+00
-8.746795956357877877e-01
1.022118305305597996e+00
-3.385519130744623628e-01
3.364634002108566335e-01
1.491769382167478508e-01
2.564025559702865387e+00
1.038111392073456235e-01
2.277388740338190942e+00
-1.119539808830850441e-01
3.122549350783078714e-01
-1.311828075578251207e+00
-6.714281436442035185e-03
1.725247615254317024e+00
-1.492422220151180090e+00
-1.138746061729618286e-01
-1.167435203077538342e+00
-1.818698186515425919e+00
1.333863075828509992e-01
4.344874895307259122e-01
-2.014718981984822688e-01
-4.594049091040434130e-01
-1.189273651821495803e-01
1.253940142972872485e-01
1.319675166146696998e+00
1.053949271532908627e+00
-6.261641341695286522e-01
-1.101306226942156519e+00
-1.058382327777204868e+00
1.208706036525009742e+00
1.303296992397175336e+00
-2.438964242556909967e-01
7.610409317991708722e-01
1.915085763989804013e+00
-2.391438684012201499e+00
1.830305959661985726e+00
-2.586346072343916891e-01
1.127587250258272333e-01
-1.591510958281342925e+00
1.162490805372402125e+00
4.155641338293540599e-02
1.056919506558318816e-01
-3.528883399704277890e-01
1.687385828667833820e+00
-1.453932205545483414e-01
-1.440067167747483445e+00
-6.555467515368618159e-01
8.351177271874897778e-01
-5.766590406425078363e-01
8.879873296071197353e-02
4.513833696349463520e-01
-9.771183462369555928e-01
1.143424155666883157e+00
1.390353891057111380e+00
6.175349779922838511e-01
-1.035778544280513636e+00
-1.184483104440597012e+00
-6.866611951389396395e-01
-1.379509483159998828e-01
1.495027710047842073e-01
2.002770297554589352e+00
5.729641202873938521e-01
6.697856912292889930e-01
9.573973344906697713e-01
-1.451020036501286636e+00
1.031615383614978398e+00
1.661968832267928020e+00
3.318528250318671380e-01
1.115482276977068254e+00
1.114657299421354164e+00
-3.094710595837030787e-01
1.245362050687676359e+00
-5.886881090510323045e-01
-1.786311505320403378e-02
1.735694477289120075e+00
2.045489272981657169e+00
1.861136719714693522e+00
5.684819870252418861e-01
4.831225372038622790e-01
2.432642405753459025e-01
-3.236113810033543481e-01
8.338894780146619556e-01
-1.162866961564932439e-01
-2.915400420798467396e-01
1.245754208323942569e+00
1.797267521206642460e+00
3.324993433400511011e-01
6.612666809255287603e-01
-5.739550383895126728e-01
3.590202311258354206e-01
4.595265800654647070e-01
-2.266053336501856474e+00
9.474546293370487149e-01
-5.876797271248013210e-01
1.961283334326325622e+00
-9.973406242659006438e-01
6.075232658441621914e-02
6.362484959967296128e-01
3.516678181829854255e-01
2.596599902666227866e-01
-5.667520044692819781e-01
-2.911756835471209989e-02
2.448930051806007813e-01
6.732327554775471290e-01
5.863685913407156759e-03
-4.940238042176823829e-01
-5.192912391624122659e-01
-2.705089319203973219e-01
-7.900411796877936099e-02
2.473729721558420191e+00
7.904539342412727487e-01
1.252009957487135061e+00
1.297910701150885249e+00
-8.284027547897435673e-01
9.753640800737478633e-01
3.291301065375577817e-02
1.266828109308974160e+00
-3.069383323918188022e+00
1.189103557208751744e-01
7.620470137332823191e-01
7.092398293604617043e-01
-5.156893418980927901e-01
1.231001526542270907e+00
9.941387925146502047e-01
1.377310314843610106e+00
-4.302760579234071181e-01
-6.251123292885988336e-01
4.292502081909094214e-01
-8.840299338053954348e-02
-5.536683946823763858e-01
9.500001522575052260e-01
8.281582166810290691e-01
7.140909281200603642e-01
1.016198827569978480e+00
-7.149774856914420385e-01
6.238846443269041586e-01
-9.083985419576562359e-01
1.822310554108133307e-01
-1.316965114598394493e+00
3.254091485835371445e-01
-2.228834031446867980e-01
-1.837592127105652340e+00
-4.677893333746284688e-01
7.245278138238981924e-01
-2.555974184434745000e-01
4.759933392461653257e-01
-1.469605422077675305e+00
-6.223637960626476895e-01
4.026864001008059746e-02
-4.683636642379851445e-01
-1.594790597850420211e+00
1.262950976560060390e+00
1.087036501047234927e+00
6.236907436291277973e-01
1.596807078947394931e+00
-6.085552218919082490e-01
1.514247570147378541e+00
8.238004467395317887e-01
5.245180377699693031e-01
2.799018838694484757e-01
3.670805245511817305e-01
-6.087024210737512764e-01
5.496083980078857179e-02
-6.422261354434041225e-01
1.425356556532349606e+00
-2.370821795603645921e-01
1.857569078013558972e-01
-1.805797692057671544e-01
1.456422569117939991e+00
2.751650990050276691e-01
-1.055716755639702020e+00
-1.569853095887955075e+00
6.312437181796732855e-01
1.357498412406020538e+00
1.077639048657499377e+00
-4.830639769194188665e-02
-1.537150849425528154e-01
5.593714509586288353e-01
5.864349974307509622e-02
1.040955472054063691e+00
6.021707038389518818e-01
3.007420218383745625e-01
-1.412624558607843195e+00
-3.574281655183703665e-01
-1.981315749783267577e-01
1.480057382479129435e+00
4.618077848392334039e-01
-5.371044779181927131e-01
4.290932008418013588e-02
1.567431936865497200e+00
1.894038566828045056e+00
-7.499120065801335999e-02
-1.175241678157919467e-01
1.721982829079755417e+00
-7.258399779709503452e-01
2.201485425848673128e+00
4.063608346862330190e-01
-3.150677977542671870e-01
-3.173329532650099316e-01
-8.235029274297773760e-01
8.002812366294170809e-02
-1.574448043249067342e-01
1.171507948974983337e+00
1.288138004417496818e+00
-1.838395565482217955e-02
-1.588162698415825358e-01
6.450643496150985090e-01
1.734783740388617490e+00
9.896963586363469179e-02
1.882481585542103986e+00
2.619202828553433005e-01
-5.596396321393599244e-02
4.394046118298141068e-01
-4.144425679048444611e-01
6.091817447084516557e-01
-2.720741691258036221e-01
9.144949667541261151e-01
1.831457411077951569e+00
8.153113845820840755e-01
-1.219003281688891605e+00
2.142718288900727908e-01
8.689589062388674012e-01
-1.031394362502621620e+00
-5.558372055239718668e-01
-6.459712718182323288e-01
1.246054439093327471e+00
1.660250516685996214e+00
2.197543988865594766e+00
1.021070969265406525e+00
-1.213839491007771443e+00
-1.676107316254945856e-01
8.293998314415832462e-01
9.323884515912825299e-02
4.551340262283581906e-01
-9.923744327822417999e-01
5.320900827238761455e-01
4.235483767315838532e-01
1.560142470943266524e+00
-2.534348318182587656e-01
-1.854604197903668983e-01
1.259526408312388268e+00
3.313558892919687970e-01
-8.699355189629413010e-01
-5.542456735937253409e-01
8.133212455762726112e-01
-7.016264948430999127e-01
-1.033424792306660622e+00
3.639764052994019505e-01
1.032991284307288149e+00
5.680118795355412198e-01
-1.230284774493674682e+00
-1.421800737757109578e+00
-3.494720442286132212e-01
6.942963433553144270e-01
-3.509203286064589700e-02
1.098173553196080787e+00
4.024941160884984992e-01
-1.622284394101602745e+00
6.418383103475701068e-01
-5.321728605824820324e-01
-4.280617529075128047e-01
-1.418152770450620492e+00
-5.511079874896583908e-01
-1.445020254229083811e-01
1.419095622558265379e+00
-5.068089688562217587e-02
7.129322703683043105e-01
1.837971785939390479e+00
-1.336581834314057193e+00
6.057848185978307320e-01
1.037505507058966936e+00
1.118168328976623549e+00
1.002197672829673175e-01
1.148281958836869565e+00
9.485442513393417263e-01
3.623781189537121361e-01
-1.885268772153197159e-01
8.407817254581932687e-02
1.080802121033788143e+00
4.531640384849234815e-01
1.710574044805523997e+00
-9.148213366566643190e-01
1.501584847787785115e+00
-6.583517798815818889e-01
-2.662319574464292682e+00
1.440423706183445951e+00
2.608388107206283668e-01
-4.729586073241359712e-01
-1.873866359498095768e+00
-1.370385732326284245e+00
7.386320825609707375e-03
4.388665810250262367e-01
-4.994110309139772608e-01
1.671626735034110078e+00
3.081542920553250187e-01
-7.471593881688913807e-01
2.459011624681636532e-01
4.407190862950597920e-01
-3.149319177935193670e-01
-3.103581002570376501e+00
-2.088610205503048933e-01
-9.073968478364313750e-01
4.028593807519999515e-01
5.329829743281045973e-01
-6.792332775790467236e-01
1.418810868897301791e+00
-5.204193953779269188e-01
1.784569024859663067e+00
-9.809860597488486711e-01
2.751152243963677635e-01
2.524751619005779490e-01
1.667897801802705082e+00
-1.780497492718756458e+00
-3.952354906792724942e-01
8.565759883365036131e-01
1.872940630871164081e-01
4.022265168824100401e-02
-1.546900660316739007e-01
-7.640173538348202786e-01
2.135753488514844090e-01
-1.000101178054307427e+00
-5.464343008303326199e-01
5.628279640905664571e-01
-8.165863094876563144e-02
-2.195411689995955540e-01
1.191075435954639161e+00
8.922054152915496195e-01
2.231719616244098869e-01
1.300131308043128486e+00
-2.497776330007702938e+00
5.986925657341644058e-01
-1.354436976995686548e+00
9.689103629135584206e-02
-2.331573750547083268e+00
1.419579142326482302e+00
8.537372067460969882e-01
9.173507855538298728e-01
4.580463772286995638e-01
8.602871772287936647e-01
5.594928635643541259e-01
-1.784382246732419131e-01
-1.519769404401448698e+00
-4.017980615554225809e-01
4.663139482928327917e-01
-8.412005266244785284e-01
-4.525748236774091438e-01
1.172385716807693878e+00
-2.804394513161257985e-01
-1.264223298612433988e+00
-1.427366022526168399e+00
2.058065496615995027e+00
1.376805084380926969e+00
-1.872877317077981663e-01
-9.635434627431653798e-01
-1.397114498403538407e+00
-8.845632242815741897e-01
2.557397861427933017e-01
-9.099397739987961919e-03
7.343366747171097275e-01
8.468854580317546066e-02
1.738796632989097812e+00
-3.863490370991170542e-01
8.409322115740258674e-01
5.751593968056939454e-01
-2.935465842903933087e+00
-1.643390981710504684e-01
9.777385603921436852e-01
-7.423692528108257749e-01
2.614591449852856145e-02
1.693099925192353972e-02
5.277154861234623073e-01
-1.480529172256065840e+00
1.197384887791718810e+00
3.112084921881880795e-01
-2.585908784790861836e-01
-6.740480041545132694e-01
-1.507983941483310303e-02
3.758373106302477229e+00
1.266591804541632227e+00
1.020576815326459164e+00
1.315060101744233156e+00
5.729389920247882767e-02
8.027857280207272295e-01
2.142027167691483491e+00
1.091129512691710657e+00
2.398894770828196299e-01
-5.061130091758961891e-01
3.900865185509971855e-02
-7.441911153921756394e-01
-1.761320430946786253e+00
2.992433916385779311e-02
3.891051319835908129e-01
6.693591623834634075e-02
-1.295703204270413300e+00
-5.398559528174353694e-01
-1.827723685483675642e-01
-1.363147910741874691e+00
-7.940320352302969731e-01
1.872486880645187202e-01
4.896811789148356464e-01
-6.867479488755496853e-01
1.629551427979513356e+00
2.905097848577943287e-01
1.571945120164362164e+00
-8.478419566952538622e-01
1.422362025995168276e-02
-8.635127190104656680e-01
-3.931663982335033003e-01
5.049839210238762366e-01
-3.778508742462979297e-01
8.725912972701103110e-01
3.526769182245227396e-01
4.203378531982991939e-01
1.515154220071972091e+00
8.442409962942890589e-01
-1.790655558413938531e+00
-1.216505635514770534e+00
1.064812283777051505e+00
6.455251217741353464e-01
-1.699119313867420322e+00
1.027073167238857110e+00
-9.725043046793382384e-01
-7.936313156194092500e-01
4.331373483467514385e-01
1.516386611274800067e-01
-8.748480745000053460e-01
-1.270350668758664092e-01
6.462438732786625062e-01
-3.313887811503917202e-01
-1.068835370211189684e+00
8.876777063338103790e-01
-4.393627257529436614e-01
