7.023467757839526593e-01
-9.357462009348732623e-01
-1.449299828272962110e+00
-7.600299143914222011e-01
3.610007545541916163e-01
-2.443995554540646875e+00
-1.609319873912641308e+00
8.150404025431461363e-01
5.742857715312591482e-01
-2.932861164128724996e-01
-1.886514258164602609e+00
-2.568430471398285064e+00
3.397283498275386560e+00
7.620400482826585886e-01
5.486633351416122517e-01
1.075776375454297940e+00
3.754297989953597758e-01
1.398300991290627460e+00
-2.369060790724352827e+00
-2.133821537507895272e+00
-1.485583789784265418e+00
-6.453294852449452390e-02
9.103047546468385764e-01
1.367951322654863633e+00
-1.848723102375207927e-01
-3.291475576165304728e-01
-7.623670237186501442e-02
2.054240233687461448e+00
-2.914093710824867123e-01
3.971349728294116810e-01
1.642324632577706334e-01
-5.863424712826025287e-01
-1.338714030801048560e+00
5.512349180226329137e-01
7.889577205751155953e-01
9.123945188161539793e-03
5.976740074151953852e-01
-1.621213254410448779e-01
-3.253891678185953928e-01
-6.752045692511055019e-01
-5.861884406943331793e-01
2.040671702461202830e-01
-1.458296717934869369e+00
6.482605963658351067e-01
5.016301131973371907e-01
5.165106776889196727e-01
1.349921026900361198e+00
9.816796257642322887e-01
1.992630767397032265e+00
-1.466663150972833840e+00
-1.665203106993230708e+00
7.915937905252673490e-01
-4.289461028264902609e-01
2.251448343843825695e-01
1.897991046719021746e+00
-1.394493307406500682e+00
-1.264505495975945415e+00
-2.885547719159615720e-01
-4.651322084641676402e-01
-1.215050973901103948e+00
1.231806174004770771e+00
-1.763693979408117174e-01
-6.884654148552197261e-01
-3.916914871862554048e-01
8.895098445104574481e-01
-8.765430161114126650e-02
-7.052211455894171754e-01
-1.790697071631917270e+00
8.183166544118833929e-01
-1.165045123212177902e+00
-5.517570685560055921e-01
-2.168268118864927096e+00
-3.966894318453884627e-01
8.615281120129681947e-01
-6.978200432914738460e-01
5.214344674639267430e-01
1.146475041440395554e-01
-2.287092890755570096e+00
-2.122966332566677272e-01
8.134079551855634138e-01
1.439179426247670701e+00
-1.743552319297216879e+00
-1.448545534177584082e-01
7.943783336212655311e-01
1.030453089263140498e+00
3.662752833546961684e-01
3.507114859483677072e-01
-2.104117608443200282e+00
-1.011627154268410322e+00
-3.019662591573041954e+00
-1.530507428554836347e+00
-1.481895932251692694e+00
-1.521947924531560137e+00
1.899666935110781163e-01
7.834060231726802659e-01
-1.077189920604604279e+00
-8.957401344790607567e-01
6.894299836580073393e-01
2.995066762229343205e+00
-7.485493402744917146e-01
8.020073626836794478e-01
2.155633471879919494e+00
1.330864855910466327e+00
7.062125334543096766e-01
5.149842355994178611e-01
3.496524848330410662e-01
-1.265606509566307381e+00
8.814027635466321620e-01
-4.055494460947951518e-01
-1.883608527397158117e+00
4.296895945299689101e-01
-2.370967277826502073e+00
1.140734488848986983e+00
-8.001776455419904455e-01
-1.207534984414864843e+00
1.778513375135601926e-01
2.856679355312832791e-01
-1.524520942951237412e+00
-1.430496706896156878e-01
2.667146367552908695e-03
-1.839181458342971365e-01
3.268773761847068582e-01
-3.495411876647726013e-01
-8.615397715658575928e-01
1.523281999755883076e+00
-2.346022761238261811e+00
-2.300599033656911985e+00
3.619016611768746672e-02
2.244805366157943405e-01
-1.621213254410448779e-01
6.147975588387347701e-01
2.053403621415813785e+00
4.178389929326044028e-01
-9.490867191312331030e-01
-1.621060123324969071e+00
2.049100342150827814e+00
1.631875288535598323e-01
9.836948511789289640e-01
-1.243289151190279052e+00
1.257182186040242566e+00
1.803666785763471170e+00
1.359711556720821557e+00
-1.666452401556161478e+00
-1.132938020013969371e+00
-6.285068025443867334e-01
2.190754597827848094e-01
1.925977196993763629e-01
-1.535440013649657098e-01
-3.449059826592471567e-01
4.112928209145644054e+00
1.128981317492270681e-01
-1.744604996366136973e+00
-1.022604494362360228e+00
-3.859440238925471167e-01
-2.571536882309667149e+00
-1.653304537497841398e-01
-1.722769944895716776e-01
-6.420301764300889724e-01
2.338050781342154050e+00
8.870716282493161797e-01
-1.560880975069503629e+00
6.602398829378730571e-01
-5.800431480372472137e-01
5.883105880754360140e-01
5.691153063739869955e-01
-5.242035757896116310e-01
-9.219213756548991778e-01
-1.578226983072752665e+00
-2.142503706515332507e+00
1.238058409258212977e+00
-1.661495130676468479e+00
1.237177476905268581e+00
-2.251329688453994893e-01
-4.007743023705072072e-01
-1.589268906748506405e+00
-2.876919322979321070e+00
-9.767842052921792417e-01
-4.761504344996884686e-01
-1.176101098240271980e+00
-4.926584825168423554e-01
2.684642435706039998e-01
1.282090627942187533e+00
-1.091086284631178849e+00
6.048580347726975059e-01
6.475736060883124923e-01
-1.038939109254893189e+00
-1.992224549762720009e+00
1.601299746540017388e+00
1.504020972093583319e+00
-1.661765276343680542e+00
-8.755854987527621480e-01
-8.600802514668042242e-01
-2.357136224903382676e-02
-1.470390031018352417e+00
3.715259850967395638e-01
-5.600534042414680169e-02
-1.715919117097756574e+00
1.044584588322125418e+00
5.149420111933109556e-01
7.644674344889771378e-01
-1.411041589177636002e+00
1.228469708285150064e-02
-5.829103189912379079e-01
-4.331416166636043452e-01
2.165571849462129439e+00
1.108614049921745393e+00
-9.435701449821560782e-01
-2.369856938953377679e+00
2.179068465174115232e+00
-2.268008339239953042e+00
-5.837500604163488038e-01
2.365001805117980638e+00
8.535612991971249786e-01
1.474146241596660634e+00
-2.279027463785124052e-01
9.998661629286265118e-01
4.937391503716703212e-01
5.525597551705883070e-01
1.357612629140929617e-01
-1.206629873116625618e+00
-5.967702086296565733e-01
-1.507089555640290346e+00
1.454790659322688695e+00
-4.943769292929554027e+00
3.519472705189514161e-01
-5.149009829331765431e-01
-2.942881674312182727e-01
1.684058990228576524e+00
-6.007708788862073934e-01
-8.772131408948928843e-01
-2.287210760672612864e+00
1.276276174162397914e-01
1.967521605181365707e-01
8.437767674375952487e-02
7.526931898233101270e-01
4.014598283497812781e-01
-1.102538232981704169e+00
-1.492894397854856114e+00
7.692418370575896391e-01
1.531235607026695700e+00
-3.653580258813129977e-01
1.398215132902065561e+00
5.381898817896636072e-02
4.353767727578247815e+00
-1.830961769080394097e+00
1.902607415013534142e+00
1.831174832949803155e-01
-9.448881230402891296e-01
-1.809670638711843305e+00
-1.088202209689447253e+00
-2.591136468903730616e+00
-6.415076834010705609e-01
5.381898817896636072e-02
-2.124815211257322201e+00
8.092073746564348857e-01
-2.108185863196912369e+00
1.214089416473963512e+00
-4.067488985925245548e-01
-8.562709477902769040e-01
9.440816034932260070e-01
-8.842753646067913476e-02
9.986712695603906509e-01
-3.318585425770951280e-01
-1.591807942809751575e+00
1.018101630301921690e+00
5.629342088797348875e-01
-9.149632836862230389e-01
1.900904508489942579e-01
1.427211721082997098e+00
7.217513517659589484e-01
4.702743622293225068e-01
1.553679721829843041e+00
1.746937179666320450e+00
3.604277378327452874e-01
2.054883519004686132e+00
1.363092815873241159e+00
-3.651605965446529933e-01
-1.597813835243061309e+00
1.631875288535598323e-01
1.413364300169224874e+00
-3.033426039174160316e+00
-1.563483445509568304e+00
9.801113413597413171e-01
-3.258947436700247446e-01
5.017338518734177910e-01
2.375671758934859046e+00
1.387559212947694354e+00
-2.090482962674335421e-01
-6.539968525575625691e-01
2.604289090082954061e+00
-1.233162468509960030e+00
-1.575225115833865708e+00
4.033850114073449511e-01
6.721572245094599163e-01
-1.635052281561521603e+00
8.210270335288111232e-01
-1.016115817711537250e+00
1.657108109462093193e-01
-1.593286363883300805e+00
-8.567361606366197258e-01
-1.874735899059523758e+00
-4.861182887612433556e-01
-1.155720185043175752e+00
-9.053157430922339488e-01
-1.382586940621352900e+00
1.567506502557956427e+00
-5.712213331436000879e-02
1.700464371192031310e+00
1.095182999974901206e+00
-3.143403172988236127e-01
-1.201897740595949005e+00
3.313255564739572279e+00
-3.775022437356507221e-01
2.385149621125840724e+00
3.234946451940325929e-01
1.148758265871314022e+00
-1.298091915986529510e-01
7.332738485862316802e-01
-1.196964940811017453e+00
1.492265237882633322e+00
-6.814371333289637178e-02
-2.662442520579076266e+00
-2.020048027927630330e-01
-5.737770929878051041e-01
-3.156874113910000279e+00
8.149641161401874889e-01
2.604961131853638090e+00
3.742762841714443844e+00
1.043210223140922377e-01
1.288969067349043263e+00
6.258203775797361867e-01
-1.187329347436391735e+00
-3.505307582037951036e-02
-3.733079144354243817e-01
5.312386724221094259e-01
-1.238821965826594207e-01
-3.505475061538086967e-01
2.841669543195338932e+00
-1.333475681503336618e+00
-1.506319643658577290e+00
-1.119628475649653288e+00
-1.409863270887324882e+00
-1.439094630935094710e+00
-5.507995220115281532e-01
7.794304115757058060e-01
1.563210241161198111e+00
-2.108913426954197590e+00
1.783886195695280341e-01
-1.060572022758827782e+00
-7.864985534560893221e-01
1.474146241596660634e+00
2.891802838984214308e-01
1.599086502656822617e+00
4.637269000615578118e-01
3.556958066140932240e-01
-1.739605754594887310e+00
1.558570397673376240e+00
2.102972256103363691e-01
-1.131107739541926893e+00
-6.234881012362740726e-01
3.838887252039498987e-01
-1.312182942604282365e+00
7.966466207792362031e-01
-6.611581234326245615e-02
3.275699228417287140e-02
8.120024662302974261e-02
2.560451046226086991e+00
-2.117292430847112217e-01
-7.408417991203722908e-01
4.597258066629132944e-01
-1.115830848510190459e-01
-5.605799743041330885e-01
-2.091336909201811700e+00
-5.740952253931801419e-01
-3.510552231679190172e+00
-5.310929205758969651e-01
-7.910953221111256539e-01
6.098455665068099885e-01
9.898185699581402153e-01
2.755896493367477329e-01
-8.181880242691114136e-01
-7.816933353383911376e-01
-1.683824306335190535e+00
1.062726710049491097e-01
2.120366923323443231e+00
1.132698031582151543e+00
6.484824364796936136e-01
1.905145380187522886e+00
2.050774700877314505e+00
-2.000153748096689110e-01
2.053488918085403903e+00
-2.505641856440898874e+00
-5.438552968577998747e-01
-1.348378313367437853e+00
-2.287108027690289536e+00
8.246683909063577955e-01
-1.774759873781611985e-01
-3.158636834207303457e-01
-1.491264777754755633e+00
1.078646565222330711e+00
-2.279848660094859980e+00
-6.955268247267948345e-01
4.334980038497895372e-01
-8.826402369662367242e-02
3.668444218001025714e-01
-1.477890842161309060e-01
-2.131018008243648620e-01
-3.577113957607820360e-01
-3.058350041530117913e+00
-1.367612506485822443e-01
4.586075952581502579e-01
5.489312642501592565e-01
1.005590740570321051e+00
-1.109741958600356515e+00
2.575303186724366422e-01
5.393890994036864006e-01
1.082401346906930018e+00
2.033519214062931135e-03
-1.618631383770017029e+00
-1.572716976002811462e+00
4.339666819701920586e-01
-5.171244438264794852e-01
-1.242028017809801016e-01
-9.760546340872591209e-01
-4.690639749985300172e-02
-9.393308514498539541e-01
-1.464018993973600580e+00
1.051451489796302985e+00
-3.441987862810614307e-01
5.461993911623136411e-01
-3.961198452718729390e-01
-2.190291309646484663e+00
-1.199660604388702589e+00
-4.912995641605082398e-01
2.496307470143149104e-02
1.470763154787773086e+00
