9.552203534239323002e-01
-7.893799305341316908e-01
1.014220814798770132e+00
-1.473158397202892905e-02
-1.211136664857568740e-01
-2.574160964815325858e+00
-1.023627788806438094e-01
7.188381321251852141e-01
2.848384509194203384e-01
-4.618979407305146001e-01
-1.667325214895174768e-01
-1.574111550140721683e+00
2.227497564594807800e-01
-4.733570399586725652e-01
-1.015407537134788976e-03
-1.396683089481363771e+00
5.493058867717943716e-01
2.239934740359437182e+00
-2.584151416247007838e+00
-7.764866910844357983e-01
-5.740505381169368482e-01
-1.717362563612601922e-01
7.366363689897130751e-01
4.078268795767193977e-02
-1.581391143233008112e+00
-1.190026283060850565e+00
-1.757519232680723409e+00
-4.821511512084635798e-01
-1.389312432058674052e+00
8.802222305135319891e-01
1.701868788440976943e-01
-1.020617024303789755e+00
-6.404991832320422462e-01
1.127890824827678662e+00
6.046424959949791011e-01
-9.113546220140016363e-01
2.740388639834743789e-01
-2.606197444037845479e-01
-5.594670742308810452e-01
9.137984931303839709e-01
4.214087911764174965e-01
-6.021396151890749948e-01
-8.623006121149399128e-01
3.787181797988998788e-01
-1.460493398227973527e+00
-6.704355811303341905e-01
2.481343722754739911e+00
-1.675260881026941151e+00
4.291289528567981404e-01
-1.702406623431894639e+00
-1.521146289148555875e+00
1.926215751363564987e-01
-9.137002583424557178e-01
-1.980267948170262304e+00
-2.239098553397867730e-01
5.678418367899180641e-01
1.108644552017159945e+00
3.659152507361194684e-01
1.115976186214092447e+00
-1.446590799865709931e+00
-8.437651304578789313e-01
8.608164696636649849e-01
1.206856034850813053e+00
1.890615630337197026e-02
1.287323186101994345e-02
-2.588436894883819894e-01
1.336612764702440614e+00
-1.189132343453700863e-01
1.352369445599311382e+00
1.464772422144882347e+00
-8.405386554682912070e-01
-1.644569412858122526e+00
-1.596251945828929264e+00
4.169848532668510299e-01
2.443111597912152322e-02
1.042268075315593290e+00
4.628260718348343739e-01
-3.761780649343984817e-01
-5.526259562411717230e-01
-1.481198002902609778e-01
-1.154122504659583104e+00
3.162933099821428340e-01
-1.551394891434512813e+00
5.192698416579077936e-02
1.299382507253729724e+00
1.035924112184150037e+00
-1.681751800639885941e+00
-1.139536061824792723e+00
-1.495988605384204639e+00
-1.873000877325677743e-02
-2.052418598667241079e-01
5.048183689652994133e-01
1.862019712257270421e-01
3.183528985537151246e-01
1.189439997766003287e+00
2.175908042328509040e-01
-2.279578120775398176e-01
-1.545049371044028508e+00
1.213508204029324578e+00
-3.086170196309312996e-01
9.276325270510512588e-01
-4.097284494132365507e-01
-2.278123158803145032e-01
9.977488640668942255e-01
-2.413413268417266000e-01
-1.982350690424523887e-01
-1.335661008752014878e-01
3.484155348422413034e-01
-6.339153318893124833e-01
-2.024489425771942575e+00
1.213959687241004559e+00
4.125257351987881571e-01
-9.209690475489722417e-01
-1.182783441905156163e+00
-7.272986674363556003e-02
1.544027944797260909e+00
6.045956290514502562e-01
7.655050120170379946e-02
-6.535248487407452345e-01
-6.362400369438150349e-01
-3.282449690618783333e-01
8.765661999001449489e-01
-5.102098815937768927e-01
2.071354517369333459e-01
6.637469705288773225e-01
3.894136409503432764e-03
-8.151916856793506305e-01
6.005576110496899656e-01
9.365229518321183111e-01
-2.144344575396272268e-01
-9.080585678639077063e-01
1.994961361813946787e+00
-1.409570855790544863e+00
-1.473249162392515244e+00
-2.060753330747764789e+00
5.911965972639300348e-01
3.238921028948331671e+00
9.314069514312500742e-01
-2.387554663818930667e+00
-7.808778433679829378e-01
3.071912498080390463e+00
8.830220771934883528e-01
-7.131520651112420728e-01
-7.269169984895740289e-01
-4.826952518517117485e-01
-3.485975999300265360e-01
1.011852682422491878e-01
2.576357262933361425e-01
-7.709764853439933507e-02
-6.252237297911299452e-01
-7.353964799969427979e-01
-5.200757947581334806e-01
-1.954716388708353236e-01
5.305859428639871922e-01
7.995963595269969248e-01
3.876665015929617319e-02
-7.204168294009083429e-01
-7.779285953011207955e-01
1.340416491551216227e+00
-8.638718178036215445e-01
-2.104606169378131497e+00
-1.063092576255705080e+00
3.180464213965258580e+00
-3.003243170979829069e-01
-2.035055285875070563e+00
3.077598371970893254e-01
1.196883472193614184e-01
-9.192861878304368073e-01
-3.971119302971161114e-01
-3.182536025811839586e-01
1.068082019500085078e+00
7.796622397260651871e-01
1.365492438538845332e-01
3.002263375437796977e-01
-3.971768728235612333e-01
-9.854202227998830610e-01
-3.143493680932673562e-01
-2.229174111134834824e-01
-1.761549037823250119e+00
7.316876879398777067e-01
-4.237997865183297796e-01
9.036992918235474681e-01
-1.725999651938148416e+00
9.115109336630615733e-01
4.959686238999268526e-01
1.121176150606677940e-01
-9.925709991345287309e-01
8.565335400225559948e-01
2.729012317068889359e+00
1.851613681507179865e-01
-1.128978490724935169e+00
1.831876310541775688e-01
-8.092671673829142653e-01
-2.565241893346469348e-01
5.822926263203227482e-01
-1.303768588951563778e+00
-5.460982102961348117e-01
2.985947436938448663e-01
-1.206951788676041248e+00
1.084957554245345790e+00
-5.353837516914109612e-02
2.352963801442065628e-01
6.693372884087551711e-01
-1.170566223418348484e+00
7.413587801730978089e-02
-2.285431565579202837e-02
-1.391296483203807721e+00
4.075088160506814550e-01
3.327752769702620572e+00
-7.319819517630796746e-01
-3.163263990837936745e-01
2.012015726536260374e+00
6.189901913548981893e-01
4.016705099443471094e-01
-1.546605174165019692e-01
3.712599941755118649e-01
-9.916122829329743205e-02
-5.277424575676341600e-01
6.111622869787071421e-02
-1.025663915782655256e+00
-4.039050837038112851e-01
9.404407719521169773e-02
-1.064286862092244768e+00
-7.407344983275107042e-01
-8.982005289112125757e-02
-4.739902532668192614e-01
-2.439582466869689714e+00
-7.068756881826161464e-01
5.618921272602666050e-01
3.299137181602733171e-01
-5.183786550398600257e-01
1.055912849297285350e+00
-1.480346319764748397e+00
3.613042394837864268e-01
-6.741880095596767264e-01
1.665089158064851027e+00
-4.581966635457692671e-01
-9.466057839594691492e-01
1.076930877963287125e+00
1.330210696948228133e+00
9.976759588813565172e-01
6.277423747124861730e-01
-3.566412264832526380e-01
1.418818823245941552e+00
-6.929155314547299493e-01
-6.893755664119356474e-01
-1.311862930533327365e+00
-4.772901979952461904e-01
-7.038735903100571401e-01
-1.057926138572007901e-01
-1.624507208638820810e+00
1.692942294522007396e-01
1.514241531356897985e-01
-5.183786550398600257e-01
4.580725705604660747e-01
-7.505162382717964764e-01
-9.564400194045205028e-01
3.457228661830638927e+00
-1.480760977891787622e+00
9.559416179839150818e-01
6.971118952044791373e-02
-1.067970433712818856e+00
-1.303657323453721206e+00
-1.489424215594870038e+00
-9.606015033255227431e-02
-6.963794944586487734e-01
-1.473657393053011688e+00
5.177763651456707139e-01
3.338179429912353502e-01
4.357724491585696636e-01
-7.355110224567998900e-01
-9.209690475489722417e-01
7.950126163176286787e-02
1.367162365429953619e+00
2.168721896648591940e+00
1.064554323242466793e+00
-6.384924718905246044e-01
1.388479207317661945e+00
-3.805116647058178758e-01
-5.351801950007958331e-01
-1.224310307238979378e+00
1.165415823770918680e+00
1.826074580480547604e+00
-6.192621386407370920e-01
8.239237031777204567e-01
9.841380458853174473e-02
-3.831581151042112166e-01
1.223261663842824254e-01
-1.991270514721947160e+00
1.454676558517428386e+00
-4.207375146893120865e-01
4.079612199352813384e-01
3.580354366243697628e-01
2.367850581745565008e-01
-2.007140417632997109e-01
-3.926989166831538203e-01
2.566536276343988066e-01
2.541670208035662792e+00
8.070125356909842868e-03
-1.322060516244452921e-01
-9.778464740962409252e-01
5.208880095525048048e-01
6.524951814697091956e-01
-2.028363314289331143e+00
-4.653688070391105991e-01
1.435599802341352094e+00
-7.688330081210437150e-01
1.475965947497477337e+00
5.947167616752064845e-01
-7.528563957699672127e-01
-3.148242797544875238e+00
-8.076121839646924760e-01
6.604618633093205515e-01
9.071162115189421726e-01
-1.893837524707430608e+00
-6.296692138227630853e-01
-1.574822333551817444e+00
-3.250212353819092459e-01
2.684842260207350728e-01
2.124415323560157720e+00
-1.844920484155646134e+00
-2.133470332223389665e+00
-1.235866437923956118e+00
-1.324191123975666073e+00
-1.722207721447885920e-01
4.128510030734763858e-01
1.364147390155810158e-01
2.013922352542745209e+00
-3.228457539125081377e-01
1.458562427243889958e+00
-9.644441200201467335e-02
-2.866292599223357884e-01
-1.697232171727204308e-01
8.740000367926843428e-01
1.700067526721546596e+00
6.258893627625423672e-01
-1.059612513286769975e+00
2.940027136388376205e-01
6.442097796167951529e-01
-1.346830080537348540e+00
6.444079792887928981e-01
-9.522332836879142046e-03
-5.456101719647359349e-01
-1.231175508483323133e+00
1.181455342027155631e+00
-2.152391541953831422e-01
-5.862524084821167936e-01
5.899497561491660047e-01
4.310449973265629599e-03
1.494130940432602861e+00
1.120493495331842393e+00
8.701125819905758396e-01
7.385548543620256146e-01
4.226333189570051219e-01
-1.051095024425173330e+00
-8.092088173800511264e-01
1.478457239169139292e+00
-1.965638541223696176e-02
-1.520401464509417488e+00
-2.450402520717631649e+00
-1.722008667611131694e+00
1.638429835942825097e-01
1.149866849161747639e+00
3.888964281051368044e-01
2.096772201729803220e-01
1.082786272590244847e+00
6.350415879011617193e-01
1.193223406305240070e-01
-1.762802881850285885e+00
2.596457702751094887e-01
-2.338013886731162838e-01
-5.830774980136239627e-01
-4.522301633898949680e-01
-3.819000003947417565e-01
8.343204609841835262e-02
-1.774163299716998710e+00
-1.879107395546005366e+00
-3.167828825733269293e-01
6.583199676131162859e-01
9.662910929268577753e-01
-1.851376419339312740e+00
1.117193104585860290e-02
-1.003785778577674703e+00
1.038253560650799490e-01
6.285428432438578961e-01
-4.872947639484820903e-01
2.652300629282107747e-01
1.082346758556554933e+00
1.034223007697789187e+00
-1.807820200644912056e-01
3.384243104974654082e-01
-7.196111505019141541e-01
-4.626674911258574774e-01
-1.648278799674895323e+00
9.178509633539697621e-01
6.118594407598502150e-01
5.461732441247633130e-01
-6.916170027903024708e-01
-1.245812301315812443e+00
-2.695906347766616751e-01
-1.352994568247674945e+00
-1.440587724988017682e+00
-1.462858570002678327e-01
-1.849786113441319380e+00
-1.017122514706181313e+00
2.019047997116378904e-02
7.985474684660969213e-01
-1.412043863375504582e+00
-1.852464837488791760e+00
-1.410572461408242884e+00
9.150600335745009417e-01
4.480166419029597558e-01
-1.282129756112219687e-01
1.783504764798903519e+00
-8.234578467583308914e-02
1.932190606083867390e+00
-1.622846690306572359e+00
2.281857657120862193e+00
1.538268917247428286e-02
-1.363772258849922592e+00
1.862515495669735177e+00
1.771610486585944999e+00
-2.077097462463514788e+00
2.365104442807398621e-01
2.197815189796775037e+00
-1.144536261237810049e+00
-1.241438589619696664e+00
2.593163311997731313e+00
5.848478026490906423e-01
6.758556915396888298e-01
-4.246436086111799457e-01
-1.541874148086602059e+00
1.149561853692270708e+00
-1.085254681471337967e+00
-1.238835580112897627e+00
3.988385844597316932e-01
