-2.029390453750461898e+00
-7.496520514027724680e-01
2.794048285677799282e-01
-1.889492655196435944e+00
-2.578354267292935820e+00
-2.258465356512537048e-01
2.186874935989703006e-01
-1.721224340538451969e+00
-2.563273294487070642e-01
-8.399770885145019239e-01
-7.036229236109665663e-01
7.283869743382349604e-01
3.051316947682686798e-01
-2.217387615809084389e-01
-3.896916143183078329e+00
-5.087339149245739822e-01
3.971304532316325547e-02
3.267874586426192662e-01
-6.869378447230370943e-01
-2.536228698261687731e-01
-7.546695762684387798e-01
7.011744375937817297e-01
1.575629051473798614e-01
-4.881930970647642143e-01
-1.175438299261143182e+00
-4.026251710344367352e-01
-6.897951397769956638e-02
-2.894788514608125363e-01
-4.888529129949225061e-01
-2.230034183553333549e-01
-1.316900111173775922e+00
-1.233770476159548268e+00
-4.935607453362461650e-01
-2.760211750980143819e-01
1.207249248670794195e+00
-5.977977231635055455e-01
-1.296812391974890177e+00
2.828844683713834240e-01
-4.281430149700222731e-01
1.975252419278065830e+00
-7.428797720728071985e-01
-6.489390593949289077e-01
7.390840594421609344e-01
1.255896558948139452e+00
6.514498212200449112e-01
-4.135387425047485910e-01
7.528220865206262102e-01
1.862068122242364621e-01
-2.129552164753402976e-01
-1.000559364024489889e-01
-8.563145336993808199e-01
1.467859894875886972e+00
1.773742927298024741e+00
-2.836245669240472722e+00
-4.899377747184135434e-01
-2.809224429135730006e+00
-2.835970928383912959e-01
-1.422347550985509246e+00
1.326718646647140121e+00
-7.762729367181741003e-01
-6.343353819373022118e-01
1.695437753748310072e+00
-3.276257616807190520e-02
-3.798562624763118234e-01
1.630035868854086578e+00
-7.298087190733615337e-01
-2.784209383563907569e-01
-6.083565516861012545e-01
3.383039345810211485e-01
1.543487145415946837e-01
7.433252211439977941e-01
-3.021706196291898405e-01
7.851421408338912222e-01
-9.454685471793210227e-02
-1.254013441258854611e+00
-4.984104595090476514e-02
-1.290082085019033764e+00
-8.440893290142986727e-01
1.665691195421073356e+00
7.169073703510455697e-01
-1.921906399084750916e+00
2.958113091788338700e+00
-8.784611057111387789e-01
-4.358446056190974915e-01
-5.260379762672507953e-01
-3.095215712533560204e+00
-6.370504293582364141e-01
5.802554554340934034e-01
-3.971005032395029111e-01
3.384373642129849258e-01
8.561454775774408610e-01
-1.242475165646485802e-01
1.856569043446541167e+00
-6.261122788161082031e-01
-6.177138857719567389e-01
7.381755462714275628e-01
-3.795922497273135354e-01
-2.680086149510485516e+00
1.463239628483436805e+00
2.568712237213311766e+00
3.823643121967307823e-01
4.232949061677853120e-01
-5.780694327458465454e-01
-1.320128820110706869e+00
2.630888684458013160e-01
9.655684310180940866e-01
-6.068129800648265348e-01
-7.584452041907039366e-01
1.327874147008030747e-01
-1.368672196246644157e+00
1.057276197978869625e+00
-1.403702180324345905e+00
-7.306036721273501122e-01
9.532779035621081754e-01
-6.489390593949289077e-01
-1.155808334742303600e+00
1.778538263885610871e+00
2.066045897066201564e-01
9.512285446048470705e-01
5.233958123725330758e-01
-1.277453737307727932e+00
3.630660587562290487e-01
2.090459329711000791e+00
-3.049532607234148318e-01
-9.136489422319857834e-01
-1.416233556909323621e+00
-8.346554418239547912e-01
-9.002327730484189772e-01
1.322017039325949161e+00
3.161381896337520647e-01
-6.148394594140978997e-01
-5.351964030069117362e-01
2.867743002960675414e-01
1.216435471187790496e+00
-1.102855858288008140e+00
3.806155376901164660e-03
1.103639753738316243e+00
4.251688174986735236e-01
-1.178347373776844176e+00
1.806705609467574303e-01
-1.678193956110335117e-01
1.209589057276790225e+00
-1.172201269504848931e+00
-1.314804109786107178e+00
-1.556187335591448395e+00
-2.528792887407579126e+00
-2.381375180330193853e-01
1.235785610115491401e-01
4.378957714614001850e-01
-1.668180564474274763e-01
1.776556600176901313e+00
-1.251226758120906446e+00
1.371911017850506953e+00
2.172778493685905143e-01
-1.303185353528117707e+00
1.082200221505431742e-01
-1.032905939473785173e+00
1.529845375520146211e+00
-1.366732471171039576e+00
-1.844167906218846742e+00
-7.218105901842416516e-01
-1.838450171562593105e-01
-1.496968850521221972e+00
2.621523747484610922e+00
9.749324345415591453e-02
2.641154649142916644e-01
-6.821245369938473413e-01
-1.301688543851732272e+00
7.457113465702643051e-02
-4.424338947894986274e-01
-1.644420426126336487e-01
-3.166405244588589296e-01
1.079010706754137683e+00
4.545353515995524396e-01
1.597162032592755132e+00
-1.640500248138019979e+00
2.555969122510383662e-01
2.938091313339146748e-01
-3.419565887778092117e-01
-2.734453240644604044e+00
4.912115237238155463e-01
1.103296410990408205e+00
1.815178390971398104e-01
-7.763342743209223906e-01
7.788872537472220081e-01
-3.391744887124187313e-02
-1.020483069438063328e+00
3.846984130605574648e-01
6.998043297779451555e-01
-1.380106316271147160e-01
1.358719912323675283e+00
-1.445545169143217956e+00
-1.010790156902148906e+00
2.066087114900106769e+00
9.850122948942624523e-01
-7.907581244611748550e-02
3.880763662286487170e-01
-1.140631408641660238e+00
2.297029432572802732e-01
4.218610924997019396e-01
-1.302476098899519874e+00
2.028050671392096049e+00
-8.006442730900898974e-01
-1.227342481714727596e+00
-5.400199929680448152e-01
-3.726733287394166233e-02
6.241955507750149845e-01
2.993735707295563042e+00
1.223913020384955086e+00
5.535918155553511966e-01
-8.076160165122400203e-01
2.153890956778979904e-01
1.181698569779056518e+00
9.868871380206560573e-02
7.405172157595867333e-01
-5.369259686547314114e-01
2.508571295288417602e-01
5.142564245531394684e-01
-3.158654720534403298e-02
4.048779491181471735e-01
-3.057254364007778724e-01
1.513404865175312697e+00
-6.576262176118073954e-01
6.470634977088703943e-01
4.689664138404953109e-01
6.098890480011214255e-01
8.355991844694575787e-01
-1.787127610841451053e-01
1.313067438799627507e+00
5.484073887217271182e-01
7.587278776398883595e-01
1.532916293962434562e+00
9.254159681018765404e-01
-9.063995562711856246e-01
-3.587781122094069186e+00
-3.061742250562233814e-01
-3.588075096492363003e-02
-1.905893496482833793e+00
-4.300298554521689992e-02
1.919650209953593922e+00
-8.742833600586723541e-01
1.328489666456251550e+00
-2.704162903203092272e-01
4.571649024079861845e-01
-3.139093042779960152e-01
-1.052511264955426018e+00
-9.333201078756375724e-02
8.088016647592666253e-01
-4.298577373722017869e-01
-9.101311563273659644e-01
-1.489571478615930866e+00
-6.585722532833809817e-01
-6.223455241120319226e-01
-7.637589101811796954e-01
-4.548016506646238577e-01
9.166487806830470042e-01
8.559744730545230107e-01
-1.558671932779340130e+00
2.537423991360284958e+00
1.373101131224668370e+00
6.927778269287926394e-01
-3.072688603969402354e-01
-6.958025351248452450e-01
-2.400708945266564476e-01
4.185275931651636500e-02
4.398532801227032774e-02
-1.938160827980699163e-01
1.962968405020125928e+00
3.711045635272246512e-01
2.250213716461323121e-01
7.353231887124633825e-02
-3.595305140541037447e-01
-9.392430788992921498e-01
1.612873454900211723e+00
1.319855034689185302e+00
-2.033915884825176601e+00
-8.713502897735400654e-02
1.046791297899614337e+00
6.208190964305528858e-01
-1.548874396826766642e+00
-1.088093553470608432e+00
2.758573927578360507e+00
-3.355594320276172327e-01
-1.269730916206875282e+00
7.296610711441391395e-01
1.516851911648774420e-01
-7.991133709983668787e-01
7.367616144615080076e-02
-7.787991734465427029e-01
1.780780783456886507e+00
-1.042451815485312183e+00
-2.945524394429037240e+00
2.470109723017271108e-01
-4.088596602425530468e-01
-9.574629453520382416e-01
1.284983794963877379e+00
-8.839474591582219265e-01
-6.945688060903663086e-01
-1.023234133465426687e+00
1.076392710455849500e+00
1.122559378277376618e+00
-6.287751020114416833e-02
-1.197535715960164726e+00
-1.223426400676894010e+00
-1.073799839485188867e+00
7.182733956532149078e-01
5.191898174039994984e-01
1.403330484639041809e-01
1.560145046908794297e+00
-9.182608204942671604e-01
-2.962416976681562786e-01
3.500696300112526416e+00
1.183832130717344666e-01
1.212715254993334879e+00
-1.785934109371263290e-01
6.962313825874245632e-01
-9.425616403820809008e-01
2.761403201131570895e-02
3.817212772112760777e-01
-9.230518241680767400e-01
-2.420069876630431549e-01
3.170060051706707210e-02
1.513230715484076727e+00
5.071881504588756640e-01
-6.960669064153142127e-01
1.366976521032848391e+00
-3.475561288287670747e-01
1.138565975468418090e+00
-7.046953459645526330e-01
-1.568037743424306463e+00
2.530512245145669081e-01
-1.762623536663994461e-01
-1.185309756730399400e-01
1.207374543896069019e+00
-5.744550160713071119e-01
3.170625035840151096e-01
1.496483585691997131e+00
1.777230423145473193e+00
3.176114930587822238e-01
-6.769617812144769486e-02
1.712127782772327578e+00
8.167930149050435240e-01
4.401123762134883100e-01
3.236212706495157909e-01
-7.450865308836562839e-02
-8.753854506163188942e-01
-9.339330104024099466e-01
1.898073017080714964e+00
-3.870382778235299526e-01
1.639745244683516734e-01
5.909726810022859489e-01
-4.470776268890799821e-01
7.783656626635321318e-01
-5.859248037854266622e-01
-1.685521978346212091e+00
1.541021708008143420e+00
2.119079186646652957e+00
1.096339723630451596e-01
-1.223309997636645052e+00
1.289010945834185407e+00
-2.887164361046244743e+00
-3.872300481542587103e-01
2.794461447479602567e-01
4.264891789533659106e-01
-9.921304469923342140e-01
-8.186563390971759446e-01
2.283365499694025136e+00
1.354536790066982022e+00
-1.278570315138587654e+00
-1.842965176035196384e+00
1.104228475296709755e+00
-8.003700934513398035e-01
4.058948209995235090e-01
7.269449414810358334e-01
8.275857090216490741e-01
-9.908600446127815431e-01
-4.483079514163694212e-01
1.464235796680614321e+00
-1.395593175201774727e+00
1.110293954721550680e+00
-5.743580489991175764e-01
6.129021830384400182e-01
-1.157337690216093895e+00
-4.984885658213558668e-01
-2.168075291940771421e-01
1.221573825613705644e+00
-5.035928774005372643e-01
2.645892007895292442e-02
-4.282257787501344004e-01
7.790767992891084459e-01
9.750228563190408426e-01
1.072993593689903324e+00
1.062582604194415303e+00
-2.261483680584218892e+00
2.533545823857951129e-01
-4.032504468081361537e-01
-6.747327140912834365e-01
-3.527732148754409991e+00
1.865367111812692213e+00
4.448798417081039069e-01
3.359021214926655174e-01
-7.856777833408724598e-01
-3.610362549692742729e-01
-1.184562074733504361e-01
-1.571896390705370128e-01
-3.697019238195570767e-01
-3.425934658095117213e-01
4.865183050198362141e-02
-6.447725217726475444e-01
9.748920406186964982e-01
-1.110121417874075922e+00
3.501828415396290167e-02
-7.133305895442840772e-01
1.096792075801307220e+00
-7.724348912817273760e-01
1.301186932124192897e+00
2.394778715850189421e+00
-6.343943612579103775e-01
-2.802112553755168323e-01
1.613742809895138741e+00
3.654449988719317144e-01
6.424284761861511761e-01
-3.097071064907744309e-01
-1.029957775050802882e+00
6.860356073002681077e-02
-1.637789056534600662e-01
-2.962673390420295649e-01
2.870198367364107384e+00
-3.010373785837133775e-01
-3.439134298149976177e-01
-5.708543386659474805e-01
-1.825270091709452480e-01
9.807368894687866767e-01
5.556830752979525535e-03
-1.193841877286988096e+00
4.709465254081897645e-01
