-1.300795828200811688e-01
-2.865084614517734996e-01
4.593992672802429955e-01
8.002169705809780709e-01
-1.398273542286968985e+00
-1.193282258486840330e+00
1.036201244104581365e+00
-1.835653632234843236e-01
-3.339166750764502867e-01
5.984453388683844688e-01
1.499560673439708447e+00
-3.013334586226047440e-01
-2.644866078260777353e+00
-3.653723620083086376e-01
3.350446520558206243e-01
4.970203855627113865e-01
3.781146380361291026e-01
4.877886808997952510e-03
5.964164527699828550e-02
6.236016163323409023e-01
1.315467641505507768e+00
-2.318548531628593923e-01
1.123884847760546313e+00
3.110766748034216600e-01
1.215673457334111696e+00
1.153739762471359294e-02
-5.635595876433033835e-01
5.819721824892841733e-01
4.422709517017767156e-01
6.543550695646010995e-01
-2.402257410487352307e-01
9.072645062754747247e-02
1.150021137576819452e+00
5.348441586349895749e-01
2.049656886023210334e-01
6.644645467949298334e-01
-1.184117969841956608e+00
1.007294363681837002e+00
8.028550422126546904e-01
-1.453597646860088910e-01
-4.547040293705439384e-01
-3.084012553231496589e-01
3.663933434628853791e-01
3.146032117264616623e-01
5.717572409326462379e-01
-9.784008642015999679e-02
6.554380155851559087e-01
2.563447827385347266e-01
-8.289959027652014090e-01
7.762179575549682520e-01
-1.822958050895996829e+00
-1.156018970007942848e+00
7.685250889059498380e-01
-3.795375821445566178e+00
-5.514149808251357365e-01
-1.957728896152972187e+00
9.340293236237923180e-01
2.601352037177549481e-01
-2.820435107343512438e-01
-5.724190502781513201e-01
4.325338967911137589e-01
2.167588840667477257e+00
-2.069578997865730019e-01
3.524374561260703448e-02
2.007228498679969331e+00
1.309685837758430393e+00
3.931634513535829378e-01
5.744840257601423889e-02
-5.381564586175201920e-02
1.050170917952351290e+00
-5.864403653964525009e-01
-6.912584272339362679e-01
-8.992055840449210413e-02
-2.690574218845037668e-01
-1.927126591021407764e-01
8.223936877598652107e-01
-3.328668025751823634e-01
7.252792263597847011e-01
8.472572398626543322e-01
5.789493570875937634e-01
-1.871548437183925551e-01
1.027866438313438602e+00
3.357003139622346533e-01
-6.681767286756329360e-01
-9.991052714057850614e-02
-9.230909489485128461e-01
-2.087237435538714436e+00
1.494631156864985932e+00
-1.422634225053169610e+00
8.573659127190993434e-01
1.062352692122725956e-01
2.793204043129627889e-01
-1.723578788064671075e-01
-4.057004881000403906e-01
-1.002748690018541611e+00
-4.424398956889455392e-01
1.762489343758643634e-01
-7.499134164070376807e-01
4.085994960346007177e-01
2.513795202022071074e-01
-2.967491099163848678e-01
4.002906879588997158e-01
7.248731976809712485e-01
9.138571855999517712e-01
9.592443988436016866e-01
2.016826166129330467e-01
-8.503341557089975078e-01
-2.737362027497114436e-01
-4.873199338513478640e-01
4.436693355182211862e-01
1.196599357349449111e+00
-4.541721543167745456e-01
-3.038802005011609353e-01
-2.238592766535760781e-01
-2.285486820154438714e-01
-1.078653410539375024e+00
6.315173316105907597e-01
1.433556469432568203e+00
-1.008134049104105534e+00
-1.299582658953181147e+00
-6.083632188500294191e-01
1.599418988773622541e+00
1.161974102452996371e+00
1.004941987343855175e-01
4.285752811844105725e-01
7.017424396617313320e-01
7.098153148270320845e-01
-1.369777380202665595e+00
-4.823664898924988620e-01
3.935787351121451394e-01
4.232209744812961416e-01
3.637927879703730660e-01
-1.850485206714022335e-01
4.277907222326197134e-01
4.150297647484263996e-01
-1.954839648592274326e+00
-2.970095015097468094e-01
3.437392289668599887e-01
-1.088980147109400942e+00
2.159964855193308997e-01
4.303234200291126688e-01
1.909720420158044982e-02
-7.187679796438284363e-01
-8.269722359543429935e-01
7.015711028489294288e-01
-1.286620165743990629e+00
4.837180125436086886e-01
5.856910767719528677e-01
-1.133971022565487985e+00
-5.589669643153485218e-02
-8.202734439008936285e-01
-2.079309199635108740e+00
1.134803915821117754e-01
1.076275256886623843e+00
-1.102424649316446209e-01
7.259140428377881815e-02
2.369834005639994412e-01
1.592125454279206057e-02
-1.415210030967044341e+00
-4.102242241712159565e-01
-5.667008533976145568e-01
-1.058722849912624886e+00
-1.051230420089878992e+00
-5.168595049301120126e-01
-8.940805009281590499e-01
1.181921120169636463e+00
1.508577124273872805e+00
-5.551589271067270959e-01
-1.350780062451659436e-01
-2.114633621033130406e-01
-3.094509159480993699e-01
1.318524437257018622e+00
-2.420625662095411967e-01
-2.353712934488070285e-01
-1.309334600863913678e-01
-3.623772742177955863e-01
4.584730307000366434e-01
1.111129553009869778e-02
-1.298200789022862178e+00
-1.563123044324185473e+00
-1.064419315438055014e+00
3.261335761083475338e-01
-1.058421063601154621e+00
-2.680472254553251110e-01
1.529025050193708324e-01
-1.382340768336234538e+00
-6.105745299630745970e-01
5.336777352889515713e-01
5.359271046555443840e-01
-7.130794328114020697e-02
-5.556235655160878251e-01
2.415305091441804219e-01
-7.772557585736563635e-01
-5.328482409065720127e-01
2.167945454859845356e+00
8.540009959143323170e-01
-1.905388207253706778e-01
7.610755335522089160e-01
-1.150199512075243069e+00
3.128262416022021819e-01
-9.559284995805884810e-02
-4.463998580123491045e-01
5.030337905800816856e-01
-2.290797744199671651e-02
1.695907236252943984e-01
-5.019190050744166687e-01
-8.898950758293452390e-01
-9.150550393477192845e-02
-3.704859694799453318e-02
6.535929585022915989e-01
5.706799876323467302e-01
-9.299521098906460281e-01
1.322569714906469684e-01
3.933436915156302005e-01
7.216056705051593356e-01
-5.642217905509716580e-01
2.984017244062338037e-01
3.014846687045587004e-01
2.184414521942417697e-01
-5.224384246601769533e-02
-1.187358236960210471e-03
2.364520711560030852e-01
5.496894466399341317e-01
1.630775678509823523e+00
-2.387107361634610847e-01
-3.792422036198042634e-01
2.353195750503091488e-01
-4.060221864745122144e-01
-2.356728503799825625e-01
1.471564347607088763e+00
3.865463706258367438e-01
4.239887673812481328e-01
5.508622016845853286e-01
-1.627820421555893626e-01
-8.758440714782367298e-01
-2.209780759357843904e-01
-7.054069756158263260e-01
-9.741291051476929086e-01
7.261342330838371772e-02
6.781015822002499638e-01
-9.680938392255673541e-01
5.023593375783745874e-01
6.744206760247584143e-01
4.477666142281496175e-01
-4.112816794854649571e-01
-1.032650616964022883e-01
1.891614212751989044e+00
7.391254767141494098e-01
8.270564140904932415e-01
6.126653036530512741e-01
-6.280562515964523973e-01
2.594118824554033087e-01
6.810413147154527058e-01
1.433169980107812658e-01
2.427024955894231950e-01
-7.220689859818746337e-01
-1.779702786282602922e+00
-1.190129944339935797e+00
-7.472680654525264143e-02
1.910927492590020482e-01
6.139706518009963032e-01
1.685271614939052101e-02
-7.115867594976477140e-01
-4.578478321366116210e-01
4.355807423131283218e-01
-9.404691040545384295e-01
3.449665328670502573e-01
-5.927486801535271077e-01
-1.075124314959394534e+00
1.275711575191711411e+00
-6.570123478241519654e-01
-2.594298931361731508e-01
-5.904295245131264691e-01
6.378958964064931347e-01
4.014753425922992780e-01
-4.015103723919660195e-01
1.485012031719139314e+00
5.561432022678625131e-01
-5.076292604816058374e-01
2.017625619190294706e-01
1.052203526930752364e+00
-1.166686386713631229e+00
-3.211824333278134325e-01
-7.205090138051619686e-01
1.432496269215185192e-01
-2.817578688619735983e-02
8.375517933161193973e-01
-8.702570277393284481e-01
-1.017157553949415538e+00
3.370762117661055268e-01
-4.888703949680258676e-01
2.493199168461464055e-01
1.129248260505609919e-01
3.463725524501518604e-01
7.926517035912764575e-01
-3.284224631846118792e-01
-2.230253750393917656e-01
4.720364493404955453e-01
1.097222975056218131e+00
-1.028033527776139877e+00
4.212927771575894487e-01
1.787351213464707100e-01
-4.780738827757851639e-01
4.603043522652882080e-01
-3.470103039829466884e-01
-1.750355109854518365e-01
-7.774446366461135183e-02
-3.256031463922558489e-01
1.844830466135813363e-02
1.328612699782617534e-01
1.783047895424687279e-01
8.575800261432773297e-01
1.168433336144925283e+00
-7.977060833478888391e-02
-4.713460506557239915e-01
8.628625526624242870e-01
-7.365942760576342681e-03
4.320650321003567662e-02
6.782693785978631817e-01
1.669652482428593210e+00
1.381643509986175689e-01
2.904138771150499565e-01
-9.845910199135374796e-01
-1.844964411479635968e-01
4.867773780850195298e-01
-1.914843319108575359e-01
5.287616839224233978e-01
-9.774815962716202344e-01
-2.185893794401187751e-01
-7.730390077833049212e-01
-2.053284122075770934e+00
-7.997534322655227568e-01
6.352524371828426331e-01
9.607690407469753335e-01
3.793815100015983655e-01
2.643698202014066467e-01
-1.674780723606242194e+00
5.984843945748980626e-02
-4.041973534619230923e-01
4.303607926121471028e-01
5.554511622375731816e-01
1.733473196651976606e-02
-8.318841012501373422e-01
-5.624330120510436792e-01
-6.304827861783262044e-01
-4.465427170586421246e-01
2.130032431533016024e-01
8.081920423743637061e-01
-3.627527867743500223e-01
8.395437330296275924e-01
8.311026848466294137e-01
5.637696819188325881e-01
3.800863845120567297e-01
1.101787851101081239e+00
-3.657615910910999357e+00
4.350856858710837050e-01
4.328108569484393486e-01
5.797151899872083902e-01
-4.715980347711737353e-01
-1.984299826631905073e-01
-3.910485574634984030e+00
1.533936910398455700e+00
6.743086897845441685e-01
3.431474975359358748e-01
6.612174017911771617e-01
-1.077337827049340113e+00
-1.096105829660902753e+00
1.951875835964047123e+00
3.358709162349808874e-01
-8.915358189470441452e-01
9.690183673082888305e-01
-4.022158499334892445e-01
-2.097154891346671435e-01
-2.917291513960032501e-01
-6.060168261756480046e-01
1.234140776917281412e+00
-7.789985643689821548e-02
-1.192089899433862898e+00
3.553261047818116469e-01
1.316110268279060636e+00
-5.314539228452472841e-01
4.988839333761849182e-01
-9.963759516939664218e-01
3.877803710685242544e-01
7.141267384183387357e-01
6.792624350985571047e-01
3.870751358097004324e-01
2.358758109993803198e-01
-3.963807996902411479e-01
1.282325617952693619e+00
5.112195771386233156e-01
3.699631413269350300e-01
-1.245567548532997004e-01
-7.790100864572555017e-02
6.214907700088982967e-01
1.179913976431495204e+00
8.891846895124235761e-01
-1.020722903291939460e-01
-6.297093396659454445e-01
2.869850573935769367e-01
4.368639231290399882e-01
2.061427772156345928e-01
-4.955221189226077794e-01
-7.841234340633315147e-01
1.747727405297504699e+00
-4.882650736328406071e-01
-3.302056975752764023e-01
-1.360487769204405673e-01
-7.856365624012093818e-01
-1.871138313452692936e-02
7.812006609045878402e-01
6.486353118271526164e-01
-2.789653884812408613e-01
1.595772208990838825e+00
-1.663382537725972110e+00
3.164584974431969844e-01
-6.299546824073947171e-01
6.073263998228309868e-01
4.915501272359349971e-01
2.125708783459273055e-01
6.200836640019649626e-02
-1.727628791326607238e-01
1.932419133587884030e-01
3.143428978512000649e-01
1.018101134516439465e+00
9.724317460200602170e-01
-1.090010195041699159e+00
4.777953209375158661e-01
-2.362144378433820024e-01
1.786794144790133931e-01
-3.471759348494602992e-01
3.908937950759800578e-02
5.494189901679661370e-01
5.209851388186058641e-01
-5.721304254059219607e-01
-8.274986851805307686e-02
