-1.329792909360606012e+00
-9.348950204765410499e-01
-2.211582575664292061e-01
-1.260759209534701109e+00
-9.153340807759343667e-01
3.252984979913216002e-01
6.622363278432351619e-01
9.879672077305672317e-01
-7.262370111512201909e-01
-6.132294303584346906e-01
-1.443507696266371099e+00
-1.615269110605112468e+00
1.971335946031853581e-01
-1.432296822011588588e+00
-5.604875448431558826e-01
-1.345529280092099933e+00
8.064881580328624455e-01
-1.875858505783432537e-02
1.448241063424849262e+00
-7.303814866860732780e-01
2.374267782730937748e-01
-1.550688618209016267e+00
2.382886529861137082e-01
1.653958100590133262e-01
-1.153412329407503156e+00
-1.238813245059802171e+00
-8.255149231162046686e-01
-7.156702551012724678e-01
1.263573855137579971e-01
-5.152497985795060353e-01
-8.553605943440891757e-01
3.295858480910123789e-01
-1.773107194432817613e+00
-4.204686490744944938e-01
7.067198202623347081e-01
-9.665872656337906044e-01
8.442318048411181497e-01
-8.228189413153572662e-01
-5.239763227241974741e-01
-7.602209854285874036e-01
1.538861002939609923e-01
-1.098399296970132610e+00
-1.263808036539918911e+00
6.204251277993525493e-01
-1.885477339203315283e+00
-1.864036265952315086e+00
1.339527013363001728e+00
1.374120747662710196e+00
-3.883415577538422425e-02
5.630694296435277968e-01
-1.515074258415233244e+00
8.383231543140267084e-01
-3.793633603383412822e-01
-1.508243184480334120e+00
1.309878863910639124e+00
-1.523511440614303325e+00
7.129329647182210961e-01
-2.456838330887203270e-01
-2.936617643498124486e-01
-1.124806694843760502e+00
3.137809302447987392e+00
8.797022580995864649e-01
8.421312404979152122e-01
-2.109500394111195332e-01
8.940849162287400897e-01
-1.322924438821128978e+00
2.560607452078529356e+00
-6.655068184812282794e-01
2.543045379763758884e+00
7.358892517106631059e-01
2.990668736385559412e-01
-9.578130592475084248e-02
-3.101800799246901885e+00
1.923982268156194941e-02
5.050854647058358182e+00
3.293651090784623481e+00
-8.962384283615831837e-01
-7.483499337723979739e-02
1.633193446251472447e-01
-4.031247652875281640e-01
-2.267631472007279603e-01
6.967338342930853301e-01
4.522991615253232900e-01
-9.691924720122695458e-01
-1.968784941616144590e-01
8.438291941735367452e-01
-1.393467474860550670e+00
1.322995469791727330e-01
1.070128780277854075e+00
-6.617550670452103656e-01
2.567686262273348730e-01
-1.150448924857338184e+00
4.577333834543148017e-01
-8.686998628689437951e-02
1.820789096453637512e+00
-1.110217270772843490e+00
-5.826312476660487905e-01
1.535193982296586102e+00
1.213472813445611198e+00
-2.971196620961445434e-01
4.736888780056281445e-01
-2.084176066480667722e-01
6.076195516673695007e-02
-1.293376221143587079e+00
3.759513728452039238e+00
9.207695320926635729e-02
7.282754425120932171e-03
4.533205089322198122e-01
-2.690993290984283193e-01
3.816597713601289632e-01
-4.207016112263737423e-02
-1.186095375918693184e+00
2.068677921619216598e+00
-2.653096550504398521e-01
1.583102919469522307e+00
-1.047123980549047456e-01
-1.217418603993159820e+00
-6.106753998638997372e-01
-3.927345249637389513e-01
-1.523274645853739395e+00
-1.432618479086890328e+00
7.867964164117328130e-01
7.036906042822402840e-01
8.059188690331730021e-01
-1.564575937253737947e-01
7.627036371995259134e-02
-7.073650528489240363e-01
-1.081884421990628287e+00
1.282720472867520334e+00
1.050674693860812470e+00
5.213016757602125795e-01
4.133168125020223460e-01
-7.418662863677947250e-01
-9.733368453516666463e-02
-1.090793741450545751e+00
1.081219182149631974e+00
-8.289469331073873182e-01
-1.307412625980771369e-02
-2.701079320767463710e+00
1.223271332384192389e+00
-1.278914036737166526e+00
-3.444820022939863446e-01
-2.816719440970438249e-01
4.008121319498736956e-01
7.357936287019827271e-01
-1.001888383472947508e+00
3.897536642773408722e-01
8.909323371555876170e-01
-1.388559925359929670e+00
-3.663036397105166042e-01
-7.854039770479258331e-02
-9.669103654555233351e-01
2.251648583989659169e+00
2.672261695148955285e-01
-6.200787574490006504e-01
-5.828882018765262352e-01
-1.192365301861649574e+00
-8.001844876018102681e-01
1.468893273208590644e+00
3.615912632185452336e-01
-1.968880268825150548e+00
-9.607335665250315015e-01
2.558903968532151851e-01
-2.916529084986552167e-01
1.432415599685674445e+00
1.814511918666299739e-01
-3.471072249892271921e-01
2.815009472227645304e-01
-1.150286129154140413e+00
-5.917660233443857061e-03
1.153039224141577446e+00
-5.835190564187281437e-02
1.067882865110429957e+00
9.844388772339947302e-02
2.219466261048452516e-01
-1.399060826765660792e+00
-9.428223798538075684e-01
1.269118319855395027e+00
9.675112951176451093e-01
4.305871554511152000e-01
-3.924945326968985460e-01
-9.285852630612501102e-01
-9.887629003349273082e-01
7.513242278858998091e-01
2.145777187223060434e+00
8.437850220838553073e-01
-1.281938256399459464e+00
7.534973698354426874e-01
1.434308162868013214e+00
-1.463329651896374539e+00
-2.700807212314579875e-01
-1.259781774613339067e+00
2.615707606732783352e-01
-1.472798990045645962e+00
3.801211934433077477e-01
-3.344056349572370745e-01
-4.233508473232929642e-02
-4.836543623406669989e-01
1.557442800731085875e+00
1.362269135554400989e+00
1.198830420540360209e-01
-5.041587471858690606e-01
-1.233700528444840794e+00
-9.735258223759965523e-02
1.364696240909757385e+00
-1.244559559912929436e-01
-1.789102269845731286e+00
6.737755541885892541e-01
4.930459975445416337e-02
-9.130484899454742731e-01
1.004107134340050111e-01
8.994964532811078328e-01
1.048879019106738308e+00
-1.321001204928196726e+00
-9.280031842798408537e-01
1.528651092708967374e+00
2.858373096498260657e-01
-4.637526244026858868e-01
5.613647605473374158e-01
1.422583187677456840e+00
-3.774865099590686279e-01
1.281828945141304077e+00
-8.176264315576010633e-01
-1.218056776067554692e+00
-1.170337025761970740e+00
-6.459027522471469940e-01
-1.582034733107148705e+00
-6.315562258261744888e-02
1.279887340445257093e-01
1.484624893882053653e+00
-2.524642197763776186e-01
1.059203007755165515e+00
5.771272887376899252e-01
-1.049702677142613005e+00
-1.020323214330078665e+00
1.363601659514651399e+00
-3.571192389962423164e-01
-1.529907140374768826e+00
5.272199446038471349e-01
8.683674735275927203e-02
2.713329372714223808e-01
-4.066791453600097639e-01
-8.754527894096031382e-01
1.024185027914910284e+00
-1.608588127034868087e+00
7.843614499848091670e-01
5.921864326278284407e-01
2.108097159708591128e+00
2.871903410420501679e+00
5.060289862267093319e-01
8.699143652793164261e-01
5.033409439442462219e-01
2.910428112061487216e-01
-1.717430737164427512e+00
5.447249669636992225e-02
-1.028795943535911528e+00
-1.109949140508642129e+00
3.603776689144340128e-01
8.770526584314349838e-01
8.089238231423185876e-01
-8.419682668331078812e-01
5.577665258999355835e-01
3.120018458792418237e+00
-1.220921366315813383e+00
-5.702864393451976266e-01
-1.586040614791324188e+00
8.516796205019760979e-01
-3.987392511460907119e-01
2.782450166375578071e+00
1.249258792918096772e-01
6.111964794942414958e-02
-2.237830182856384298e-01
4.418709610837308621e-01
3.312773110091984385e-01
8.962585387338571907e-01
1.007731343590962281e+00
-1.555339797795933121e+00
1.439962480656894028e+00
-1.313787917434772412e+00
8.757712134327908515e-01
-1.033583603236765791e+00
-3.468202507534238754e-01
6.220247749543847959e-01
1.556362637944367133e+00
-9.165341155711547172e-01
1.579155041402553472e-01
1.649983274785199683e+00
-1.495554432083357588e+00
-6.618179794391971793e-01
3.463649830524769269e-01
-1.067850656844930635e+00
2.126855221303533827e-01
-1.544618368415426046e-01
-3.104237637120669038e-02
4.414240205585218124e-01
2.222179966276235596e+00
-6.366050556696835061e-01
1.597020867841990155e+00
-5.462714289968511050e-01
-1.694918064250240386e-01
-5.050328818208887904e-01
-9.945605914288914162e-01
-1.091761838400382295e-01
-1.841352775148634047e+00
-5.144693658453352025e-01
2.926172257306045577e+00
-5.886160795614523433e-01
-1.337598913647106924e+00
-3.972624552757286764e-01
-1.694514656981394252e+00
-8.824810522626592713e-01
2.508691560624262129e-01
5.736654353773893433e-01
-4.487770215232743665e-01
-7.534925922994917258e-01
-6.916343429488642780e-01
-1.549415582517811030e-01
-3.615136229178540495e-01
1.641395240011793044e+00
7.827942945972372613e-01
1.279375616988288389e+00
-9.096349218789664404e-01
1.208063481146097462e-01
5.926642679786879864e-01
-2.249675950758804957e-02
1.486802361100711678e-01
5.071160083426113907e-01
-1.032336753981478950e+00
-1.178422863973293683e-01
1.708980942567991601e+00
-4.338435518251428924e-01
-4.671183979931241015e-01
4.169469430807004606e-02
-8.500365893621836255e-01
4.853829743539165298e-01
-3.583276222913803211e-01
6.365559365744278830e-01
1.036916302590531913e+00
1.907445604816442764e+00
-1.169151586220890104e+00
1.125390958227245219e+00
3.331462452589492029e-01
1.172167477736554941e+00
-2.867299652664594967e-01
1.521343022962102554e+00
3.295197033261677011e-01
-1.504308466570359881e+00
-6.097678529535036640e-01
-1.462605337543118056e-01
4.602877086937232631e-01
4.617563117854684429e-01
8.244472451771355237e-01
-1.060967721299160171e+00
1.619910627368818634e+00
-1.956761630309874045e+00
-1.142311853877032712e-01
8.309351486063432102e-01
-2.007730593543937125e+00
-1.096121204845902641e-01
1.177786321128718727e+00
-1.406876178694053570e+00
2.473933484638725644e-01
8.537348269646770627e-01
8.952099589752563480e-01
-1.100805949881727974e+00
-8.586233950772462764e-01
2.115537721589591413e+00
1.961072186651180660e+00
-1.738735289988424970e+00
-4.835155577713902697e-01
5.070258523333979195e-01
-1.347987997762474799e-01
-1.188418001701296633e+00
7.379356687539357917e-01
-1.747642728489044728e-01
-6.686004677869059609e-01
-1.244913870012847701e+00
3.526502249408281497e-01
2.337129457061182802e-01
-1.368513106276489644e-01
4.350323733957261463e-01
-5.824802110518496612e-01
5.123014643339178775e-01
7.719720002646648371e-01
7.441800436173445776e-01
1.388159024970021083e+00
-1.353022195574098974e-01
1.567538079404372064e+00
-9.166300933456754674e-01
-3.451968224535324481e-01
1.426159564121905546e-02
-1.086943903981231863e+00
-1.824235134906471822e+00
-4.985332752909432674e-02
1.292499181746157577e-01
-3.741110850445637792e-02
-7.078070376995645452e-01
2.145418701201943001e+00
-1.690597571436412982e-01
1.356189520486607902e+00
-1.032141141261661232e+00
1.266920105812848474e-01
-9.446339369776237671e-01
7.585266524653696552e-01
7.045376903853916017e-01
7.297098166956016430e-01
6.082393856211590899e-01
-1.363314153378007543e+00
-3.309977882934469484e-01
-1.342938175993162175e-01
1.076314776397841039e-01
-5.224038772555458232e-01
2.089036275183594693e+00
-2.332907525104835678e+00
2.468071662999875571e+00
-4.631380497510016042e-02
-1.787425661273386090e+00
1.500243891592653700e+00
-1.048495509582430818e-01
3.842189953736621089e-01
1.571590429757470375e-01
-2.821582020590421847e-01
6.769790589654618440e-01
-1.782825962551236376e+00
8.738694452301517535e-01
-1.083024899748202152e+00
-7.804936001148645719e-01
3.251683298656488086e-01
5.240275071903055526e-01
8.657728371106668819e-01
1.447250603459467877e+00
-1.551758470584580607e+00
-5.887684328467659295e-02
-2.433977920242630377e-02
8.789026613557128220e-01
1.178383423157559839e+00
