-5.615509439632359462e-02
1.351630755992189403e+00
3.464693473584369299e-01
-1.426842838119234624e+00
-5.184667694402915750e-01
-1.154628845367218215e+00
-3.780235283593682549e-01
5.621070771928766696e-01
-1.290307691768156628e+00
-1.535897671431130374e-01
1.250913656748218417e+00
-9.469739730643006448e-01
-7.046383209683086957e-01
1.124726777897673502e+00
2.003095632447641494e-01
1.668007509586429404e-01
-6.499891780029927180e-01
2.401650691412958949e+00
-6.124607586747261578e-01
-2.513856979137417902e+00
-1.906741691498897939e+00
-1.096258378693635960e+00
3.088226803135291632e-01
9.399156354559594639e-01
-6.239395518718416321e-03
-1.150543837636999411e+00
3.188410726956893981e-01
5.788220026026670573e-02
3.302151457096389464e-01
5.030569965809785771e-01
-3.800296280477520328e-01
-3.550663574645440135e-01
5.838719258286138025e-01
5.210493403315918926e-01
-2.618210145754550355e-01
6.119727375028477523e-01
-1.618068823445990567e-01
7.373552712124179509e-01
2.484268642707956887e-02
-8.167933339100569290e-01
1.184374551443744539e-01
-6.688923262997961139e-01
-8.873755819002122625e-01
-2.781242544117854543e-01
-3.861460135218793277e-01
5.367022374843219978e-01
5.769420962349054438e-01
-2.066615014589447130e-01
-6.612902836360138314e-01
-1.488276120843283534e+00
-1.124474233609361606e+00
3.903182970853183442e-01
-8.003384603169870493e-02
-1.259137895381587713e+00
3.737021523968570014e-01
3.135130110801534475e-02
4.453227128925663081e-01
1.300393850266825246e-01
5.220230181635089339e-01
-1.203776189737061575e+00
1.715336163679771930e+00
-1.341641485701907222e+00
3.727487531330677673e-01
2.055490830790701329e-01
1.117200707067870447e+00
-1.750671621547807977e-01
-5.811337288206167573e-01
3.253329524121097854e-02
-4.045118093420859151e-01
4.304261535478722811e-01
-5.604080270351057269e-01
-2.458033863890839998e-01
3.481902107117149647e-01
-9.066171202293901166e-01
1.196378237474290840e+00
6.639021365449984113e-01
1.133001554579468717e+00
-6.956069845336619872e-01
-3.021386067493446181e-01
-5.185619871226035960e-01
2.412321663905938121e-02
-5.757534860745479044e-01
4.435997862488482713e-01
-2.069941865184155572e-01
7.288251269304324431e-01
-1.866662675280858219e-01
7.517723253114569903e-01
-2.179269537921037170e+00
3.302813921930584096e-01
1.803174859520718876e+00
4.613527928362570751e-01
-1.506735373786906029e+00
4.830331860239581859e-02
-9.067119126015393826e-01
1.166198183565768237e-01
1.431011683212437324e+00
-1.214397979389922888e+00
-5.679552227931822239e-01
-5.187881196221078017e-01
-8.644734334432513378e-01
-1.900463030851393120e-01
8.261779803619844209e-01
2.988193038981400429e-01
4.463022940572994313e-01
6.794832410800016875e-01
-5.334407735362889369e-01
8.071046557008829669e-01
4.761793602218784560e-01
-1.023250552892128296e+00
8.796374820541683626e-01
-1.910478531942646052e+00
-7.780320209443690460e-02
7.143130379916199368e-01
8.683096498066084079e-01
-2.699226883922940523e-01
-5.769980381424575366e-01
1.010980338035137871e-01
-9.548462603870223608e-01
-8.291273082856649435e-01
1.013133011825868124e+00
1.004547993500141123e+00
-1.504729526278143714e+00
-3.844434008840390965e-03
1.587439459708886447e-01
-8.514998061883986002e-01
-9.286692401678216247e-02
6.856108176874247118e-01
-1.755549094219859940e+00
-1.318021392279453918e+00
-2.675028761738494354e-01
-1.224252726468990415e+00
-8.873580115843536786e-01
5.005218798085684373e-01
-1.040498764955906541e+00
-8.759652548525626026e-02
-6.447115815114833337e-01
-8.603199080628998185e-02
-9.274933186243881078e-01
-1.811252509157808888e+00
2.594452386811776923e-01
-8.727110770380162030e-01
-5.677031826518119662e-01
-9.091208718553993595e-01
-1.340391511451876350e-01
-1.156685353609504807e-01
-5.346607792419940663e-01
1.607153925537316286e-02
8.549313549396947431e-01
5.903785473901887459e-02
2.379824578835552928e-02
8.807004238104597371e-02
4.416517922908948512e-01
-2.019323458380267056e+00
1.145000445741001682e+00
-1.138941938927833020e+00
8.846700954016283314e-01
1.234325944537001396e+00
-7.091157814403007409e-01
1.026407093045702129e-01
-1.398021377499278017e+00
8.795234821390827129e-01
1.273407946969307147e-01
6.170898107794257070e-01
-6.671656798548589729e-01
9.499347769271730690e-02
1.128481574755547001e+00
-1.693722214530254677e-01
-2.322716115123702463e-01
1.040971425557486452e+00
-1.419638817703507139e-01
7.593736035035865140e-01
-5.160358090839292644e-02
8.386498258032103470e-01
-8.384427412349724218e-01
-2.317299302006290418e+00
2.695220949515699793e-01
-1.456066866940444737e-01
-4.860571420914536755e-01
3.103331402145536599e-01
2.015817726882279004e+00
-1.240022356132382209e+00
8.504002704256842515e-02
1.782878384337544642e+00
-4.474016284538691046e-01
-2.707114005212866714e-01
6.471312053537866538e-01
-1.070538777168378974e+00
-5.307549493733951795e-01
5.949344399855198695e-01
2.705459894221888886e-02
9.803443591031001103e-02
-3.049968107892248592e-01
9.793513390436170418e-01
-1.560959490922416926e+00
9.177881668883742794e-01
-5.598633674286971340e-01
2.597572130730510520e-01
-7.219968060928759757e-01
8.626627982902586034e-01
8.439980988011047680e-01
4.592511832637252156e-01
6.348229569341796719e-01
-2.475979692000722099e-01
-4.740020221314316662e-01
-8.092500788088199393e-01
-1.055816570744946725e+00
5.856496832154083343e-01
4.923566678566067001e-01
2.053048155779903627e+00
-1.334700434077490616e+00
2.023184088539047298e+00
-1.570303136271319344e-01
1.648897895460030294e-01
-4.484153959419289182e-01
9.279801248860177765e-01
-6.593135107253899063e-01
-8.329579901135221176e-01
1.671932732330780436e+00
-3.887595538403957884e-01
5.038660602664177812e-01
1.232231597231489895e+00
3.354604836667026135e-01
6.566038005022583057e-01
-2.943327613922388508e-01
-7.641164937558623249e-01
1.274241026998825244e-01
-1.141455507347783449e+00
-6.186785125664828744e-01
-7.486475615295633546e-01
-7.599983670251989620e-01
-2.527671032266267104e-01
-2.690133109357929417e-02
-6.321173432539153314e-01
-2.278161099531073874e-01
-1.616498358344504060e+00
5.176863569600406167e-01
1.077189468648634074e+00
-4.543818170876648965e-01
-1.102760280451544839e+00
-6.570770366746324642e-01
7.327752060692496183e-01
-1.489457440966367452e+00
-6.514605559180588479e-01
9.045613894059051363e-01
6.337735632701789745e-01
9.499347769271730690e-02
-1.691282814142680779e+00
-9.595637036516324603e-02
-8.123361209684445416e-01
-4.145584575530873034e-02
-4.991857496456359455e-01
-3.037670595681509766e-01
9.586872436606344028e-01
-7.642592293275934923e-02
-1.605405075794708869e-01
9.523258430443958256e-01
7.596610713040265195e-02
6.362550012127636823e-01
1.760001499258222191e-01
1.260849257596350581e+00
9.443916517835978519e-01
-5.522443055080079877e-02
8.521824770111360858e-02
6.990236694938262163e-01
5.032234032729280271e-01
-8.515270887683984435e-01
-9.495645265535331836e-01
6.535813404261986426e-01
1.786122412509997814e-01
2.881343527079545108e-01
2.849026285656420132e+00
-4.532772115165072391e-01
-1.445839367571010170e-01
-5.901878452114265317e-01
8.376861083367006522e-01
5.441081773594477200e-01
1.515662861206476808e-01
-1.616444875603146869e+00
2.270239015327615503e-02
2.434965796436670549e-01
-1.684475587665124285e+00
-7.813344937000775703e-01
2.443746713357175804e-01
4.267193687839356819e-01
2.347195394095523469e+00
1.341844694764916524e+00
1.384395068526702577e+00
-4.577603911671285775e-01
4.752134753040020976e-01
7.295880260442676457e-01
1.473206967585261484e+00
-1.029745470268251362e+00
1.076625297162315587e+00
-1.771657796794163520e-01
-7.484569645572096697e-01
-1.891592002315153065e-01
-4.696424388950523054e-01
7.764660030701636684e-01
1.990824453210502387e-01
3.334822527961084360e-01
-2.339176141615517124e-01
-3.796322097742801938e-01
4.758683060963909695e-01
-1.291091855657465093e+00
3.633392050861142253e-02
-2.370393138180944825e-01
2.691947677167471076e-01
6.475439153840510942e-01
-4.905158067614040496e-01
-6.170058095395293263e-01
2.573424676126039867e-01
-1.952894964324243532e-01
-3.891311069257795685e-01
1.145231255062244102e+00
-3.263389702799335823e-01
3.728710367643186530e-01
-8.548467063487781570e-02
6.295542584749302950e-01
1.784292222099016278e+00
4.763956088776566400e-01
-5.776951166505085444e-01
-4.805382874757677114e-01
-1.121552458555205911e+00
-2.947489420008616579e-01
-9.796347886267960936e-01
1.161693340938332986e+00
9.849198157865156622e-01
7.916916571776174694e-01
-1.462714124101365809e-01
-2.285480096183118093e+00
-1.962744583238937024e-01
-4.496274233392183461e-01
2.418383063942763478e+00
1.167875043045370598e+00
7.141186535519031819e-01
-9.233054990245761484e-01
1.195576327588237397e+00
1.327105626237253144e+00
5.845241394463198681e-01
-2.954088160084630266e-01
-2.224225700964528596e-01
4.765518991446721642e-01
9.218699303835815595e-01
-1.294804503551659991e+00
9.779287636786443416e-01
-1.657037778919938364e-01
-5.999743912472058766e-02
-4.746073306526686353e-01
-1.486272876281503841e+00
5.046390830520576243e-01
2.198834966029157845e-01
9.663636190650487512e-01
-4.591608798387206702e-01
6.590040920414219627e-01
-6.669123308396708305e-01
3.301676049250619194e-01
4.892831833045492296e-01
-6.952633260967672202e-01
1.389320850390396878e+00
6.272289150201484365e-01
-1.238690233734061064e+00
2.299897897099811017e-01
-1.435864916033020799e+00
-1.004167200524772041e-01
1.971831085268521966e-01
-1.034668161345011717e+00
-1.170191375155699987e-01
-3.301283262978394473e-01
-1.271143603678960288e+00
3.853751693664083655e-01
-8.979832284549440491e-01
-1.600142436758809905e-02
5.007754433584326037e-01
1.788874129888907039e+00
2.775181869480514596e+00
-1.211813685467226565e+00
-3.251442718921664921e-01
-8.938631804251397917e-01
6.489798850254232532e-01
-1.928470875693259368e+00
7.124342399142575832e-01
-4.094963544447097759e-01
1.368887041975027197e+00
-5.123643069770174030e-01
-9.363633202835573988e-01
-4.248601613155835177e-01
6.230005735512774701e-01
-1.283036845220748567e+00
-9.715304441868762853e-01
-3.395303472948218992e-01
-1.459045204473834900e+00
-1.397041397433214316e+00
9.959305608312426505e-01
-1.814108686481966881e+00
-1.249746063635567284e+00
1.116108079965322020e+00
-1.932751360849977729e-01
-1.911297532199585758e+00
3.694919476152256910e-01
-4.980898565123142441e-01
-7.068887537391342901e-01
-2.126073278599260874e-01
-3.935591033443989195e-01
-4.278745429785570376e-01
-1.670162973007788043e+00
1.445578394973624226e-01
3.140867784200777196e-02
-3.113382655440945501e-01
4.826297028056920624e-01
7.963484761723012006e-01
-9.614487034249068476e-01
1.641175719904701680e-01
-8.406250394411717286e-01
4.003346355578023263e-02
3.456971698096690249e-01
1.900965415662311253e+00
4.243688312448741229e-01
7.593328828237313477e-01
9.808474750080042881e-01
-7.756182762069072645e-01
4.326708303007158474e-01
3.654309077249573434e-01
1.357916493685169312e+00
-6.259918444063838905e-01
9.766764691524463249e-01
1.009404103014285736e+00
-6.392809414723889250e-02
7.934759140959375401e-01
1.426554477027475350e-02
-3.141768219425413178e-01
2.041310528722940776e-01
7.169198104278712291e-01
-9.192314478346963469e-02
-1.155869964862676236e+00
5.219495657096957508e-01
-5.623930823716272176e-01
