8.235860484609911936e+00
8.457207407927961995e+00
8.730101504147318892e+00
7.537471847106592016e+00
8.254593933582647480e+00
8.380642766133984622e+00
7.620473228496706497e+00
7.577392812019028590e+00
7.365546472024276703e+00
8.236687543338568673e+00
8.472585494672310702e+00
8.457207407927961995e+00
7.654200304926975562e+00
8.068905590047217302e+00
8.002697843713029613e+00
7.966958683623570181e+00
7.958228588203672516e+00
8.000938466239594149e+00
7.934467746825549561e+00
5.993741231445555151e+00
8.101750119633615910e+00
8.000938466239594149e+00
8.261800013640945295e+00
8.326021252801078631e+00
8.142169277040785857e+00
7.936795564620340748e+00
7.827407872418723045e+00
8.707679353080900242e+00
7.894659229562930314e+00
8.730101504147318892e+00
5.842284020800808442e+00
7.898240716243581261e+00
8.380642766133984622e+00
8.649573756837964922e+00
8.656705026144619453e+00
8.472585494672310702e+00
7.934467746825549561e+00
8.320821833227475040e+00
8.328374097803914466e+00
7.882616052175894339e+00
7.507200965952757876e+00
8.307520387163426889e+00
5.993741231445555151e+00
8.730101504147318892e+00
7.993344823748538275e+00
8.431376083355880624e+00
8.320821833227475040e+00
7.898240716243581261e+00
7.837462517412312479e+00
7.827407872418723045e+00
8.380642766133984622e+00
8.307520387163426889e+00
8.259218592768766243e+00
8.685605120375488042e+00
7.837462517412312479e+00
7.620473228496706497e+00
8.361707335376584282e+00
8.012578109536406146e+00
8.142169277040785857e+00
8.145541547342322275e+00
7.942682555678693745e+00
7.279416634386079110e+00
8.005429943610602450e+00
7.916741581881233891e+00
7.562610369416979950e+00
8.397934365958553471e+00
8.149771748694435658e+00
7.361355722421868641e+00
8.047927737008118143e+00
7.365546472024276703e+00
8.236687543338568673e+00
8.343747417745396078e+00
8.194512642683962511e+00
8.533549525428492544e+00
8.582891943864781936e+00
8.776417187589185431e+00
8.298399682161054614e+00
7.540985139707841789e+00
7.562610369416979950e+00
7.581852094666515107e+00
8.142169277040785857e+00
8.073480507456372024e+00
8.349110335729596599e+00
7.335998466091516512e+00
7.298064939770253723e+00
8.254593933582647480e+00
8.707679353080900242e+00
7.139921017478186194e+00
8.219122205813395254e+00
6.990861420626085732e+00
8.685605120375488042e+00
6.600874985536306028e+00
8.743972854236517378e+00
8.222250214637664811e+00
8.710447751510175252e+00
8.183662248418061225e+00
8.236687543338568673e+00
8.380642766133984622e+00
7.666656236085598763e+00
7.607032118500016260e+00
8.307520387163426889e+00
6.158959093361788817e+00
7.635707306898400049e+00
7.886965776560467489e+00
8.627416500459244020e+00
8.783802090947061103e+00
7.934467746825549561e+00
7.471963205073697267e+00
8.511394356141119388e+00
8.380642766133984622e+00
8.649573756837964922e+00
7.377268137116256952e+00
8.271834304587921238e+00
8.534795925772408864e+00
8.307520387163426889e+00
8.335965790572851475e+00
8.434829714347142016e+00
7.365546472024276703e+00
8.006838125455281840e+00
8.566486090386854713e+00
8.259855201443480510e+00
8.343597104183489321e+00
8.290874491551726067e+00
7.996652746629106190e+00
7.897915494603848785e+00
6.855923996921133856e+00
6.530626378056036074e+00
7.975682761147817601e+00
8.307520387163426889e+00
8.320821833227475040e+00
7.660212600118379456e+00
7.462833257104959372e+00
7.792067311814834696e+00
8.380642766133984622e+00
7.692470448713771169e+00
7.605401544289877691e+00
8.380642766133984622e+00
8.142169277040785857e+00
7.925117399482207503e+00
8.343747417745396078e+00
8.125130335599761722e+00
8.483412733394342098e+00
8.123679219251382477e+00
8.304498779162836186e+00
8.069808802598746666e+00
8.328374097803914466e+00
8.592941919337905077e+00
7.923283606674183410e+00
7.331516814631869217e+00
6.956266801104431963e+00
7.961122389312240699e+00
8.009118875539307680e+00
8.631791393113696031e+00
8.233199933013477079e+00
7.541055991846904227e+00
6.433278420632579042e+00
6.486239154344641378e+00
7.982289672728805741e+00
7.584577059903256036e+00
7.898240716243581261e+00
7.971363095214139882e+00
8.202092923816914904e+00
8.760547902204883997e+00
8.472585494672310702e+00
8.009118875539307680e+00
8.305834818055251034e+00
8.140482854462147699e+00
6.888785268850409871e+00
6.990861420626085732e+00
7.026008181875438297e+00
6.550167008822379344e+00
8.722588475114166684e+00
7.898240716243581261e+00
7.862554633668075610e+00
7.380622125954595880e+00
6.550167008822379344e+00
8.174692852450272440e+00
8.544615367972681952e+00
8.305834818055251034e+00
8.328374097803914466e+00
8.671079684560789147e+00
7.813541856822684650e+00
8.269043788048875854e+00
8.472585494672310702e+00
8.063305823752465074e+00
8.037850666178265158e+00
7.544096314341346421e+00
6.158959093361788817e+00
8.240294085918121070e+00
7.725331720643047184e+00
8.202576202730613275e+00
8.271834304587921238e+00
8.214218971007232639e+00
8.434829714347142016e+00
8.188798339776049318e+00
8.358979364526705425e+00
6.051663222351028715e+00
8.592941919337905077e+00
7.581852094666515107e+00
8.271834304587921238e+00
8.117038701289398972e+00
8.374522420027217251e+00
8.447368268057854124e+00
8.235143865718844935e+00
7.810147423207189021e+00
8.062082951218808802e+00
7.881594820631881326e+00
8.271834304587921238e+00
8.142169277040785857e+00
8.380642766133984622e+00
7.235645365572223042e+00
8.418398546459153309e+00
8.147653036696821616e+00
8.000938466239594149e+00
8.722588475114166684e+00
6.076959483424796638e+00
7.934467746825549561e+00
8.267848298986185895e+00
8.745245461492697103e+00
7.944867378434105731e+00
6.990861420626085732e+00
8.340397695490826990e+00
5.885162062227117019e+00
8.101019561650492307e+00
8.271834304587921238e+00
7.538208844030578781e+00
7.934467746825549561e+00
5.842284020800808442e+00
8.472585494672310702e+00
7.971363095214139882e+00
7.365546472024276703e+00
8.069492271038225084e+00
7.862554633668075610e+00
7.862554633668075610e+00
7.997727506704176648e+00
7.816942016981881736e+00
8.360341741875073396e+00
8.380642766133984622e+00
8.551448947960629710e+00
7.507200965952757876e+00
7.663532766052281175e+00
8.102114685221275536e+00
6.888785268850409871e+00
7.886128050924801514e+00
6.530626378056036074e+00
8.009118875539307680e+00
8.335965790572851475e+00
8.307520387163426889e+00
8.418398546459153309e+00
8.468161077880061782e+00
8.380642766133984622e+00
7.891503085022726793e+00
6.888785268850409871e+00
7.365546472024276703e+00
8.226142703861638594e+00
6.175786807578311333e+00
7.453410801478953296e+00
8.671079684560789147e+00
8.774618024396147575e+00
7.469291271853782277e+00
8.649573756837964922e+00
8.087982328827628464e+00
8.418398546459153309e+00
7.919049379602062899e+00
6.823666148325742142e+00
8.038905347782863586e+00
8.328374097803914466e+00
8.283645190510457113e+00
8.383554642167851512e+00
8.358979364526705425e+00
7.733685463036037433e+00
8.271834304587921238e+00
8.240294085918121070e+00
7.895775748428333074e+00
6.990861420626085732e+00
7.618286710558644259e+00
8.290874491551726067e+00
8.411293197068685501e+00
8.380642766133984622e+00
8.276325449455642413e+00
7.756625756750365142e+00
7.925117399482207503e+00
7.851663573891769943e+00
8.352531666544438238e+00
7.714399548331537737e+00
8.290874491551726067e+00
6.076959483424796638e+00
8.142169277040785857e+00
8.563016949969648905e+00
7.459343215821145456e+00
5.993741231445555151e+00
7.979339067051931522e+00
8.551448947960629710e+00
8.298399682161054614e+00
6.460942893270873455e+00
8.168063266424507418e+00
6.792024543465782216e+00
8.700282874782370612e+00
7.546770800415059988e+00
8.307520387163426889e+00
8.475474550627742687e+00
7.847000201110227557e+00
7.953878417374083298e+00
8.305834818055251034e+00
8.244301448827073386e+00
7.740209853808032392e+00
7.544096314341346421e+00
8.307520387163426889e+00
7.723944165679093032e+00
6.509392037918241947e+00
8.343597104183489321e+00
7.435068244460687481e+00
7.377268137116256952e+00
8.271834304587921238e+00
8.933410096643379816e+00
8.434829714347142016e+00
7.988294241357356995e+00
6.550167008822379344e+00
7.988654695038707843e+00
7.916741581881233891e+00
7.862554633668075610e+00
8.307520387163426889e+00
8.185216770335109970e+00
7.507200965952757876e+00
7.470973935370788688e+00
8.061025073668439234e+00
7.298064939770253723e+00
7.935863218230066352e+00
6.888785268850409871e+00
8.343747417745396078e+00
7.898240716243581261e+00
7.331516814631869217e+00
7.988654695038707843e+00
8.472585494672310702e+00
7.431622733486332066e+00
6.530626378056036074e+00
8.047927737008118143e+00
7.435068244460687481e+00
7.507200965952757876e+00
8.397934365958553471e+00
7.970035606210158718e+00
8.621417917139385878e+00
7.881594820631881326e+00
8.307520387163426889e+00
8.276325449455642413e+00
8.335965790572851475e+00
6.433278420632579042e+00
8.361707335376584282e+00
7.946751518026436756e+00
8.063305823752465074e+00
8.000938466239594149e+00
8.084547434145839873e+00
8.191440681431764403e+00
8.134611391562891924e+00
8.234156130732701584e+00
8.069492271038225084e+00
8.223300742572318356e+00
8.305834818055251034e+00
6.922237143712025365e+00
8.168063266424507418e+00
8.600683342592096992e+00
6.076959483424796638e+00
8.236687543338568673e+00
8.678323458968719706e+00
7.591658795319750297e+00
7.311429523935483843e+00
7.614424977767782821e+00
7.812970543717820959e+00
8.219122205813395254e+00
7.843234665284440688e+00
8.155937067846773303e+00
8.102114685221275536e+00
8.307520387163426889e+00
8.434829714347142016e+00
7.488144766681307019e+00
8.174475872399989740e+00
8.228488222162186005e+00
8.418398546459153309e+00
7.469291271853782277e+00
8.730101504147318892e+00
8.055283935597367773e+00
8.380642766133984622e+00
6.140887337902534604e+00
8.542519058724868941e+00
8.290874491551726067e+00
8.551448947960629710e+00
8.511394356141119388e+00
8.069492271038225084e+00
8.343747417745396078e+00
8.760547902204883997e+00
7.888878118693679831e+00
7.834028267219336428e+00
8.290874491551726067e+00
8.380642766133984622e+00
8.020054266271888110e+00
7.279416634386079110e+00
8.283645190510457113e+00
8.271834304587921238e+00
7.625836325430022100e+00
8.730101504147318892e+00
7.695049583716970787e+00
8.283645190510457113e+00
8.418398546459153309e+00
7.595856699158543890e+00
8.240294085918121070e+00
7.792813252897069276e+00
8.191403671672251363e+00
7.470973935370788688e+00
7.409843125033576783e+00
8.715114488975094886e+00
8.102114685221275536e+00
8.511394356141119388e+00
8.374126280560288293e+00
7.952111333249870739e+00
8.009118875539307680e+00
8.678323458968719706e+00
8.017576484430144035e+00
8.783802090947061103e+00
7.971363095214139882e+00
8.183662248418061225e+00
8.105004312060508198e+00
7.812970543717820959e+00
8.343597104183489321e+00
6.403020902365399891e+00
8.269043788048875854e+00
8.722588475114166684e+00
8.129475300204903832e+00
7.476848380004956773e+00
8.261800013640945295e+00
8.695920477988268615e+00
8.114525577946338331e+00
6.191595314616461287e+00
7.544096314341346421e+00
8.472585494672310702e+00
8.130001658464754755e+00
7.793261601999294186e+00
