2.304512552500158906e-01
1.111172508358766686e+00
-1.114237592506331087e-01
-3.340076910219397788e-01
-3.131884921513078179e+00
-4.957216861571772104e-01
1.276823487496589471e-01
-8.229706692901315179e-01
5.164358824973395157e-01
-4.710280920715923525e-01
-9.452426283400230389e-01
1.826073735379306173e+00
2.425137467037435268e+00
7.293259016417917850e-01
-9.517043208202686788e-01
4.472358156956559028e-01
1.600863910271224377e-01
1.409189333652487441e+00
-9.084327499384122762e-01
-1.401260877077678435e+00
7.835356387009461132e-01
-1.726246787003427707e+00
1.111218371140734407e+00
-6.990081776205082920e-02
2.508123885288544574e-01
-7.667099984941834201e-01
1.350481226586984551e+00
1.372686285516303117e+00
-8.452452467228274147e-01
-5.604179006603120933e-02
-5.382328428677175536e-01
9.666892513665877873e-01
6.448514874616461112e-01
-8.540092740742237509e-02
5.746965314348335685e-01
8.125824462059698661e-01
2.007835275522161567e+00
-9.998961728972710628e-01
-9.493744216148196635e-01
1.940975156936513457e+00
1.200195586613268667e-01
7.890757150276818122e-01
-1.219455340851699932e+00
6.022013011233252611e-01
-5.787865818192605705e-01
4.379022332118058525e-02
4.673592460072604760e-01
6.295948254291604540e-01
8.863584264767708776e-01
1.204751593177890157e-01
-1.541202322283838688e+00
1.163190225121237154e+00
6.041077323505441576e-01
2.453175267927579117e+00
1.132683880224667927e+00
-1.389809518996546922e+00
1.688079939471414992e+00
-2.910679485628251406e-01
-3.249574547591459472e-01
-2.069348850610921886e+00
3.707741083442606667e-01
1.276412193770172898e+00
8.229919462317791812e-01
-5.914174044434469257e-01
-3.211623791498348091e-01
-7.505564137185154472e-01
8.616063341889269589e-01
1.652817014956887709e+00
4.103309556539911918e-01
2.273351762255025332e-01
-6.082741742078398017e-01
-1.574963775655807696e-01
-2.336729576437378775e+00
1.006525045828653209e+00
-9.876155087211410111e-01
6.861396265504726699e-01
1.376452412857641638e+00
-1.193060020793605736e+00
3.202701805689837644e-01
8.439060531621530581e-01
4.017296015877419579e-02
2.851741691662552203e+00
-1.393638983213036031e+00
-6.113676579309844650e-01
6.028119981167771035e-01
-9.114791936706582165e-01
-2.362000506320853344e+00
-1.124451252827037617e+00
-1.902591088461449198e+00
3.265416153088853690e-01
-1.116194582919967537e+00
9.962553954427415259e-02
-1.182504000815604445e-01
-6.354736488856051191e-02
-1.324335963493765145e-01
-1.264047384294579635e+00
7.077266948653844203e-01
-1.998414328750957036e-01
5.253068604537451947e-01
-2.060735664078403140e+00
1.009655313132761911e+00
-1.263934912605804428e-01
-2.753002859016825399e-01
6.627765691332579978e-01
1.400839095542026458e+00
-8.737256280574648981e-01
6.943871205188306694e-01
-6.199587522036796861e-01
-9.082237939520623193e-01
-5.774231316398087399e-01
4.809867410602771676e-01
-1.673451467624078370e+00
-6.440643624074329776e-02
-3.851741916090212769e-01
-8.279758092837588013e-01
-8.986016271225450991e-01
8.703794450043195186e-02
-4.084319182771398715e-01
6.520420615879316539e-01
-5.272778901783410355e-01
6.090128680692594720e-01
-2.706114247681827290e-01
1.953715779309425637e-01
1.024503275080402620e+00
-1.916336496607336515e-01
-6.498540105212270435e-01
-8.088640322108202607e-01
-1.987061248350413534e-01
6.955886240821643196e-02
5.870011851951800752e-01
7.099020086508281979e-01
-8.399798422182815083e-02
-1.820169820833962004e-01
-2.823055699492806325e-01
-5.491754846351835084e-01
-5.304182150335083612e-02
2.460218895496795621e+00
3.642493390804001363e-01
-2.965349737078286640e+00
-4.038092293741492589e-01
1.351118995432614600e+00
2.130594275031739149e-01
-2.284013065968219180e+00
-6.130687686365193789e-01
-3.923101216163645266e-01
-3.102719545138779456e+00
-1.526800254674758772e+00
1.340873110519877898e-01
-8.702973170672638481e-02
1.022374049370875060e+00
8.506207283001470110e-01
1.482005047065074965e+00
-1.447706606953936825e+00
-5.521694175532824156e-01
-1.855599421430579987e+00
3.334914148264054856e-01
-1.430200031548499728e+00
-2.969050540894155321e-01
1.178625304150329844e+00
-2.636760264953721844e+00
-8.397931468461184989e-01
-1.013814703205020706e-01
-1.008319493278295953e+00
-8.873522851222280794e-01
4.233045012927523776e-01
-5.279482808118728387e-01
-4.022275297815154638e-02
-1.545487060964200465e-01
-6.961242960998149654e-01
1.509684404984133199e-01
-2.823558277513642523e-01
7.831979553825345608e-01
8.073783386935691475e-02
1.301890517028174266e+00
-5.970641329952706133e-01
-1.265525133094947963e+00
-2.603173669470397744e+00
2.783508498809982856e-01
-1.875445796907282636e+00
-2.960732838479663176e+00
-6.218400643571294628e-01
-7.320980237264101964e-01
-3.459004271784939938e-02
-1.446645141137798296e+00
-8.598385200331724876e-02
-4.141842919328276307e-01
-9.465828454319470397e-01
-2.114459379477896528e-01
4.380001086658719123e-01
7.820328891446267638e-01
1.472012203255890217e-01
3.824955568025315000e-01
-1.162157417486872901e-01
-5.190471486257438594e-01
-5.552864393897288808e-01
-2.770263230109998087e+00
-3.155032187375877983e-01
5.329750856417257987e-01
2.660960963365963106e-01
5.911526790603326142e-02
-4.909410090026138929e-01
-4.031885068350147261e-01
-1.011537385128399080e+00
-1.543860210507118857e+00
5.958918742528741541e-01
1.788040397134385451e+00
-3.666049644621556247e-01
1.751210331404458254e+00
3.112605553379881873e-01
1.389556862618068989e+00
1.850702478053006361e+00
-5.830111850173091970e-01
5.610887312962876683e-01
4.240079082518451864e-02
-5.261442490721683629e-02
3.289554872892035409e-01
-1.385312802703343671e+00
-1.891700396668803408e-01
-1.130283170691213757e+00
-1.252892574163985584e+00
-4.326137956239348853e-03
6.118178398464398926e-01
2.532950679888589240e-01
-1.382679964647514970e+00
-3.181740157486157017e-01
9.373066650353597540e-01
-1.950809506337042309e-01
-1.107459615885093701e-01
-7.784843838126368487e-01
4.513680186653830639e-01
2.729370259463692050e-01
1.472971346840268037e-01
5.176653803187624137e-01
-2.890229430813377465e-01
-6.685612078990199603e-01
-3.948385144379210621e-01
-2.499362238025222283e-01
1.938616826180317609e+00
1.891289942859608386e+00
2.116787574032478469e-01
1.172743960541751340e+00
6.707864330201376291e-01
-1.634024150489075400e-01
-3.044017097156062057e-01
2.292000189099031027e-01
1.025579427742126182e+00
-1.139101221463074243e+00
1.994091932276308848e-02
1.622008190351814649e-01
-2.068792632090361572e-01
-1.855590993227352214e+00
-1.021985758864610183e+00
1.220938707191458333e-01
5.052703966648088019e-02
-4.719982262956200492e-01
-4.004849880110448179e-01
-9.180252498476720868e-01
-1.047376056460849858e+00
5.965876113304629386e-02
1.678360422680636455e-01
-7.847111471807378946e-02
6.178216280626239731e-01
1.407206740820845958e+00
-1.050644535158713255e+00
-7.097528863623926432e-01
2.512279448770814994e-01
-6.936976817517549465e-01
-4.484036401242899594e-01
1.169710304724270289e+00
1.154648397323314368e+00
1.991443050997829367e+00
3.491807879975934448e-01
-1.761640838495976746e+00
-1.055733169837029667e-01
9.583329475579233092e-01
1.944364868287949744e+00
-1.023749931308710837e+00
4.483788171209709406e-01
1.406861338178677867e+00
6.744584466594222283e-01
-8.757464277306027389e-01
-1.504091629619433768e+00
6.929446521714006657e-01
-3.708816604773389480e-01
1.686803776045542602e-01
1.144162923273156274e+00
3.637873580231513748e-01
-1.987836453186006269e-01
-9.755403722730304761e-02
9.441595756645350113e-01
-2.388418199582604817e-01
8.461993791172260637e-02
-2.070086215829170850e+00
-4.494001158154807829e-01
7.496843069735763254e-02
2.656052316015860559e-01
-5.446962830324368898e-01
-1.204164353575743585e+00
-1.719862673413012688e+00
2.780036980943397129e+00
-4.655532162206073021e-01
-8.221638026752136064e-01
-2.148695825128325687e+00
-1.120177905088015180e+00
-4.511275951537654372e-01
-1.574238950085701916e+00
-2.229479979814424362e-01
2.336106059400902435e+00
-1.701877223256321459e-01
-4.055974069725534203e-01
-1.583697737492243629e+00
7.543998923404895418e-01
-4.229215525313070323e-01
2.082115734156544828e+00
2.986503202210629565e-02
7.818466229548090007e-01
7.844005870935430447e-02
-4.256098046347394637e-01
-3.986690144141737391e-01
1.583274571240608442e+00
7.266975656492987712e-01
8.991890706655997212e-01
3.073550684010213363e-01
4.613184233820598057e-01
-1.080163173638216012e+00
-6.949101178346719365e-01
1.099229382622529227e+00
2.514558311482323893e-01
7.668262713598068547e-01
3.716331378274186914e+00
-2.147611813370861600e-01
-2.782111067801804061e-01
-1.104503377044969037e+00
-9.090752389455781790e-01
-7.633350487804355655e-01
-3.109855680237220144e-01
1.803559455630223907e+00
3.129237462987584095e-01
1.428937238840627677e-01
-4.761367951754297279e-02
-8.283055691845227220e-02
-1.132921472220617343e+00
8.008990408212023349e-01
-4.839538111128406823e-03
7.452798058613510079e-01
-1.724760460215919222e+00
-7.679529416002268682e-01
-9.329211733937878837e-01
-6.195033268203383736e-01
-2.561342015297909391e-01
6.363421216935116753e-01
-2.466112809977925868e-01
5.574324865815981633e-01
-1.242898836342511304e+00
-2.491781967448412516e+00
1.294305945160376892e+00
-5.038717188142878278e-01
-4.530552540393043559e-01
-1.938863021212643423e-01
8.562661501570123512e-01
2.433670180729338828e+00
-1.089093957110604804e-01
1.335586056250164799e-01
-7.891219632821074859e-01
-4.838240150774374970e-01
1.010797505105264893e+00
-9.650577613707345126e-01
2.173824112998755942e-01
-1.147323196642181520e+00
-2.887157927252534950e-01
-2.413221595672685182e-01
-6.795905967700625050e-01
7.046135770101935591e-01
4.972407402080535749e-02
5.872479749902693724e-01
-1.056241345885155170e+00
-5.295294700742103622e-01
-6.157342126810698701e-01
-3.018577816535450431e-01
5.103458784016683403e-01
-3.771711969107529039e-01
-3.427946399567963209e-02
-1.055616444085132999e+00
-5.888763848390216049e-01
-1.529938306776950530e+00
-6.878861348785664243e-01
-1.204475064421950403e-01
9.660882000286487026e-01
-9.974927990694915092e-02
6.958697412780487923e-01
6.695471099928329561e-02
-3.131572557760288200e-01
4.747049504557808441e-02
-8.778696618624138859e-01
1.027049001508106185e+00
-4.006175882024036183e-01
-1.728568209047028237e+00
4.408774217273849771e-01
-1.166064257226304690e+00
4.111838343009436431e-02
-2.031387728586738994e+00
-2.097221932866425664e+00
-3.612437866305321377e-01
1.752525977594586282e+00
-1.175981599743131767e+00
4.116923199951067480e-01
-1.337178961662735199e+00
-1.603938169584891105e+00
4.485937362107131898e-01
1.065757742600289770e+00
-6.284972792327148117e-01
-5.321590274599712067e-02
3.937929899014510626e-01
4.584517804569581551e-02
-3.578026571349207652e-01
8.972503437264586768e-02
1.255549981735896714e-01
-1.161777403696132582e+00
1.829138610952525612e+00
-5.799668008545380005e-01
8.028077586530100174e-01
1.209407842359487562e-02
1.347458179555487412e+00
-1.324979195790389808e+00
9.016067614280710851e-02
-6.632016408263875507e-01
-1.580129727596456091e+00
2.114850388948856352e+00
-1.322508080366229688e+00
-6.092761310574908995e-01
-3.298126631450218338e-01
-8.441141428110189582e-02
6.003787170078159763e-01
-3.830761365757644477e-01
-2.857197822916828223e-01
9.360422725422792301e-01
