8.110223485162660895e-01
-8.529489000390412246e-01
2.310489140737382652e+00
-1.650333072742687035e+00
-1.829914226893168960e+00
6.547802109383863423e-01
7.460976443138549186e-02
-2.978839530453843976e-01
5.306696178371398398e-01
-8.478372963343540070e-01
-1.191925665300852089e+00
3.590200207166447388e-01
6.678743884310613943e-01
-9.141241384887612009e-02
-7.495700900324342442e-01
6.830460954626097481e-01
-4.244422377828972470e-01
2.783487706364489611e+00
-1.516789524447371029e+00
-1.525912842377625811e+00
6.852117668976589471e-01
-1.550128211035203263e+00
-1.527644251843532475e+00
-4.030167088375835038e-01
9.655639835630298595e-01
-1.503019079665827817e+00
8.374531838882147416e-02
1.726911117584771560e+00
5.676237409254065724e-01
2.992703291590506631e-01
4.754550255655230484e-01
-1.392576095690685412e+00
1.797297082368350285e+00
3.002355895504446592e-01
-1.292711781667488513e-01
6.552617402584492989e-01
9.140123872216833201e-01
-5.293851216780349755e-01
-1.567951148064133493e+00
8.762473320442014657e-01
-5.178763726083012581e-02
-1.146628773952041103e+00
-5.779710500108276028e-01
-1.295330346670748867e-01
-6.084591448135495684e-01
3.535115901817577622e-01
2.551144071958015846e-01
1.208605693807580511e-01
-1.735855597541803297e+00
-1.469888822569043185e+00
-2.015576180718554600e+00
2.549373677134827432e+00
-3.765487550994774946e-01
-1.665899900842303660e+00
-6.539157949725065144e-01
5.409644710765719733e-01
7.190558218990572570e-01
-1.170322953930466481e+00
-6.395104414759243960e-01
-1.571420128428168361e+00
5.595620007092186876e-01
2.615111935428585110e-01
1.103308602998340771e+00
5.136801933492052274e-01
-5.735524580437028064e-01
-4.182570675801070004e-01
1.480311956150436314e-01
-7.445896326998849846e-01
2.031118246341125477e+00
8.481392075550341358e-01
1.354237516995467940e-02
-1.009596012325389758e+00
-1.257170259683698443e+00
-7.427085213131245922e-01
-1.245589557071970360e-01
6.588305015092092987e-01
-1.817390413755488876e-01
-7.941342059490427152e-01
6.286795433201461947e-01
8.398507268517229063e-01
2.800073797911251550e+00
-4.301779172674163876e-02
-6.463120049408982437e-02
-1.067048395421682727e+00
3.294071451206020407e-01
-1.640381579278259450e+00
3.552408216740822744e-01
-1.918506240293506027e-01
2.326604342763096245e+00
9.652694360560225562e-01
-6.950755166320525813e-01
2.792331978770623002e-01
-8.741571338837492711e-01
6.074371518204846332e-01
-4.058523610089398992e-01
-1.963283958746158353e+00
1.402022508389360933e+00
9.107287807006114733e-02
5.089588023784408222e-01
-1.125066841811766860e+00
-7.324997357705939072e-01
3.266808485952722441e-01
2.762239573802858783e-01
1.702702047365415791e-02
8.895342827550630771e-01
-7.818679462752541054e-02
-4.894975023717234031e-01
-1.037354807036057758e-01
-4.916313063261240623e-01
-2.137565510650139833e-01
7.158280465380115754e-01
-4.931445329171530445e-01
-2.891125502659027124e-01
3.653268220403169675e-01
-1.330974650924043878e+00
-9.946772531909061632e-01
1.980774574412830669e+00
-3.553915742485687090e-01
-7.788119713123268228e-01
-1.174870689488580894e-01
4.729928670982400107e-01
1.940022931823039976e-01
4.883851728320462438e-02
-1.680507462030265686e-01
-6.906833880501495049e-01
3.513331024106076117e-01
-5.298465807469752119e-03
6.538269517389497798e-01
-1.756495621948015728e-01
9.300362908945827289e-01
-6.969931916287519513e-01
-1.417511594165980160e+00
6.493842657178675593e-01
-7.306103139802277990e-01
1.665916520683012325e-01
4.055888190058975495e-01
1.742609740806454699e+00
-8.613019137366437761e-01
-2.885860619285535389e+00
-4.897222677189577711e-01
6.840805550204780150e-02
6.093330716702917149e-01
-1.852175205770818955e+00
3.700888583080368943e-01
-5.950036974886363517e-01
-1.828920615663305993e+00
-1.308636366336161094e+00
1.938793427305192940e-01
9.646342606827242039e-02
9.154772090068569179e-01
-1.048878174460883272e+00
-9.239959233164476982e-02
-3.357364236498719401e-01
1.462304638085716535e+00
-2.236172924889364477e+00
6.186290699512208002e-01
3.569353222257837244e-01
3.412391443243645295e-02
3.614340891492203167e-01
-3.326445651687147009e+00
1.368180065845385096e+00
-6.220008505909435659e-01
1.200469651330577682e-02
-5.849404071319402876e-01
-8.208776527914199983e-01
1.459560840329887865e+00
-2.551344842315832473e-01
-1.452382234275571560e-01
-5.515303542179931205e-03
-5.311471206391541466e-01
-4.444850222300620879e-01
1.318552561617222452e+00
-6.138199579511645076e-01
7.321714576875361091e-01
-7.955122934244031052e-01
-4.412334256468490312e-01
2.699485524056621233e-01
-2.022742139178864973e-01
2.321861279642632780e+00
-1.159429926462904215e+00
-9.272754054570818416e-02
-3.905194284223823531e-01
-9.424068194184286318e-01
4.803644885348751781e-01
-3.226360258141177662e-01
-1.025362464757631598e+00
-5.572328068443935800e-01
-3.651544537415455927e-01
2.560796675871941375e-01
-5.502471939025526115e-01
7.613780868294707238e-01
-8.849094413197836628e-01
4.599752433693863884e-01
6.260592529218399482e-01
9.655465407444977499e-01
-8.020195777381728952e-01
2.123323549585980630e-01
2.219665627114801865e+00
9.534711590136349946e-01
3.427280457099066702e-01
1.658961678739042864e-02
-5.713960428816043935e-01
1.617735157365953191e-01
-1.123705142177333860e+00
-4.316646227855294726e-02
4.008014940491637645e-01
-1.317250313769541270e-01
-1.945878648859514226e-01
1.428440198164356634e+00
1.833794229495415706e+00
7.914125042324331449e-01
-2.079429602486075890e-01
-7.743575279822462187e-01
-1.246706486374320466e+00
-5.527248925044585537e-01
6.417282059150447582e-01
-5.411348724976051683e-01
-3.878710984633526593e-01
3.515954984828771890e-01
-3.217463615328879922e-01
2.962018739681164803e-01
-2.751190580559030874e-01
-5.633678265956347797e-01
-7.709369318526477777e-01
1.772490365021446579e-01
9.894878740339556611e-01
-2.042002012153323887e-01
-1.159748468844627595e-01
-1.619156375625456501e-01
-4.637975448940850343e-01
6.665438679699671187e-01
-6.606778420709541466e-01
1.329127720816356772e+00
-1.995004840752233610e+00
-1.476085795575892423e-01
-3.632687442164462266e-01
-9.868642512843323056e-01
1.289612877873978602e+00
3.684277491774476054e+00
-1.802793240158398827e-03
1.044386360049610607e+00
6.353643084027534860e-01
-4.331777151193301756e-01
1.082101644058301781e+00
1.771514799367091830e-01
3.036454722699531428e-01
-1.539417421108937034e-01
1.320641388828341034e+00
2.913336626232894133e-01
3.180857675394652695e-01
-2.155392243630308791e+00
2.452496763867051399e-01
5.750168133379436330e-01
7.965058109553738164e-02
-2.028279609100923087e-01
-5.638476543773385252e-01
-7.555675459441155706e-01
7.743185022256734301e-03
3.234355288033390896e-01
-2.616361363919695801e-02
-5.512172330089020189e-01
-6.166895536755673257e-01
1.318215863103141094e+00
-4.598884971401004385e-01
-3.044310285574517438e-01
-1.696484081115817444e-01
-1.011972478089255729e-02
-5.803164103847365807e-01
1.005094253966368756e+00
-1.522181196994610408e+00
8.198513743761252082e-01
1.180889526500368714e+00
-3.544992745961654812e-01
-7.198985985151130640e-01
1.131776420563702201e+00
1.759351041053495990e-01
3.102835383212043108e-01
-1.794796059128012655e-01
1.181621302469490153e+00
4.067666743588147504e-01
-5.328366128285536574e-01
-1.220318521856466054e+00
6.265089601720357226e-01
-9.785044141894802538e-02
2.697217000614390514e+00
1.176054854429621210e+00
2.912634172012583678e-01
-8.210607575104915679e-01
7.477072183686048756e-01
-8.582593863039247317e-01
2.905686153700069441e-01
-9.572115158091505371e-01
7.064601315894161737e-02
-2.067982321912346377e-01
-1.780147476517759397e-01
1.382235453722885088e-01
-1.173514383905846226e-01
9.200981715905189873e-01
-7.530755206604491381e-01
4.072094488735080176e-01
-4.179618029176441207e-01
1.449948999187083698e-01
-3.204165592964989262e-01
3.178130073284621271e-01
2.720439779890842513e-01
-1.252381556380649519e+00
-2.928236594261122289e-02
-2.015375601521055549e-01
2.326488580059632161e-01
-5.912763758195149072e-02
-5.083904873826686766e-01
7.417380981161957321e-01
-9.426966923320753144e-01
2.082377136544415919e+00
6.800947818345510765e-01
1.049106009025211339e+00
1.981475744266630590e-01
3.287765522387777195e-01
3.711175570927340295e-01
9.026385582956409914e-01
5.380907471673884723e-01
5.477238059865868758e-01
1.307284802752576303e-01
6.398471510470432611e-01
4.141384723791595168e-01
4.077125627690923459e-01
6.235343875594947516e-01
-2.312981567106154601e-01
-6.716447616320669889e-01
-2.989041187716637182e+00
-5.367172127256735203e-01
-2.723025033592524347e-01
1.367943949939824932e-01
-8.048675903371217411e-01
-1.075424718359803578e+00
-9.561929703703875294e-02
4.342136305150929299e-01
-3.208426409626843889e-01
8.078139462778073376e-01
1.190839387566214436e+00
-3.299359360424071463e-02
-6.887738758173078679e-01
-1.072522564705911119e+00
-1.113005288807329407e+00
1.032807571887194520e+00
-3.539890825944896346e-01
-4.442814461866927966e-01
2.811748940557590171e-01
-4.438993443419976814e-01
3.287930114816131622e-02
-5.355531216629645375e-01
-9.857454040111793825e-01
1.389085762487796583e+00
1.374087894475316318e+00
-7.919902454805418657e-01
4.882022525555415049e-01
-3.779638969622421962e-01
-3.688780430447722303e-01
5.505612248036523965e-02
-1.855423187629933413e+00
-1.655385741619832540e+00
4.152302303288295526e-01
3.887917970643288701e+00
3.887019105341369546e-02
2.462525438190001081e-01
-6.696480651556590002e-01
-1.795784197077176375e-02
8.833193990166057219e-01
3.225560704489257580e-01
-3.338366138704948471e-01
1.412057502325874347e+00
6.976000430809522479e-01
6.975772985757315858e-01
2.245746045038806482e+00
1.353849238109897435e+00
6.531876808168973758e-02
-6.412705090940029606e-01
-2.601215895598126271e-01
-8.227572257208530804e-01
7.148627861466175792e-01
8.394799325912366550e-01
6.991616432443185092e-01
-1.101551222505276595e+00
-1.908674427484209069e-01
2.363515718770833551e+00
-6.805783109741491144e-01
1.993746112896777500e+00
1.540132671446946988e+00
-1.274175895926348279e-01
-1.279386690769492185e+00
4.271903059951680959e+00
-5.527128297802198498e-01
-9.320401181695661119e-01
-9.863171969985428111e-01
-7.599800259138722591e-02
-6.683834032168314288e-01
8.118777915702986014e-01
-1.170708619361536806e+00
-1.384586033479090927e+00
6.762678765360603528e-01
-9.308303287633720169e-01
-8.571469804732672060e-01
-4.335301470083056663e-01
-8.525351862374794254e-02
-1.544519341125695222e-01
3.919875930765703287e-01
2.183425674491254576e+00
-3.573594610656271597e-01
6.927869354597793183e-01
-6.781432810368027975e-02
1.524769940461380147e+00
1.785348885953604026e-01
1.735009744646265339e-01
-3.269481124212474943e-01
-5.623293281459589288e-01
1.515282832977445038e+00
-4.553332686445820676e-01
9.289860588695302290e-01
4.371652503410867197e-01
-6.456195000558652142e-01
3.900564215362180009e-01
1.365438020471191782e+00
2.569663995839238879e+00
-8.660873298300311163e-01
1.222573937969680502e+00
-4.857255845099524294e-02
-1.771288696506195581e+00
8.036193513361654661e-01
2.173468006607914838e+00
1.533807839858393196e-01
-8.318875731948538466e-02
6.112381686712924367e-01
1.221876455325637378e+00
-9.243460463573748287e-01
-2.397115959408919750e-01
-7.083652715177588544e-01
