5.349871152529022122e-01
8.456383024829597916e-01
4.685941066112745967e-01
-4.094767979604163610e-01
-8.041125679684177907e-01
-1.460937055156172892e+00
-9.171518745130041728e-01
3.024221696270352200e-01
8.820989980802526609e-02
1.101290314116008806e-01
-1.396705480001459110e+00
-3.986698995697496861e-01
-1.658668433081691873e+00
-5.874268262072108726e-01
-1.518044575723586087e+00
-5.158192830520632599e-01
9.194379341936746719e-02
1.207649211258648769e+00
1.979487957310154034e+00
1.333093449917753248e-01
-1.025073241885818831e+00
-1.796053791203297889e+00
7.307607749442275417e-03
2.530046247184485786e+00
1.300130344165704166e+00
-1.873134771929723108e-01
4.580524382730731536e-03
5.793868810627503807e-01
1.736379453898223346e+00
-2.258323697801425112e-01
-7.829407998373184574e-01
-1.184905104706609480e+00
-1.069468864738558518e-02
-1.536802513308107299e-01
1.246641141634605709e+00
-1.961988744077336699e+00
7.558989294413568372e-01
8.333180582736539055e-01
9.619332384683804138e-02
-5.704273600841228697e-01
1.982875108775066897e+00
3.583548513566321425e-01
-1.003133260074088762e+00
1.180883073148137896e+00
-7.921228258833600266e-01
6.002649750032449383e-01
4.753867398190118054e-01
-8.944042749930429803e-01
2.993194923439235766e-01
4.007308785390832351e-01
-2.006151512629284817e+00
-3.406249587291550474e-01
-8.242950789347831542e-01
-2.743871704349586604e+00
9.797023877789278190e-01
-1.403638387575751212e+00
1.383719109620419996e+00
1.813017446053688253e-01
-1.164667350210045749e-01
-1.239259866944226740e+00
6.351131525719962145e-02
1.647200932073109358e+00
-5.396350991580903603e-03
-1.061733133433070631e+00
2.785590738512033759e-01
-1.245855207791844443e-01
-3.562530426225057889e-02
2.740137845563983543e-01
-1.350838896646236575e+00
1.827517936343900709e-02
-9.458444109825919766e-01
2.993571677712559415e-02
-1.525353335099884688e+00
1.262702489299800002e+00
-1.879745698384877706e+00
2.149102717877807933e+00
-3.139511263633134597e-01
1.373212084087321871e+00
1.112115892765047409e+00
-1.447203373264097370e-01
-4.582137152872797214e-01
1.944394483518779859e+00
8.101021271458578310e-01
1.786441049728274111e+00
-4.710860844987807550e-02
-1.990015808143512865e+00
8.629025901513746044e-01
-7.202988224420158181e-01
1.979216380539190190e-01
6.810817642743027811e-01
7.083885301834576265e-02
8.978221768998733143e-01
8.250918517183283285e-01
-1.786379946564805365e+00
-9.044946516918825896e-01
1.583299533797301595e-01
1.062163143576623225e+00
1.616295876500835282e+00
8.602587950859131860e-01
-1.603586623690076651e+00
-8.748963838952902167e-03
-9.640467405391486277e-01
-7.143156003324581116e-01
1.454291446345564176e-01
1.501408082246117770e+00
3.577791622246357939e-01
-1.516630645624228446e-01
1.035528873238034997e+00
-9.315620088143397592e-02
-1.367511951579365670e+00
1.435121735943328369e+00
-1.153413772625948353e+00
-1.784691288592632763e-01
-8.043735232802319279e-01
-6.754304606394477828e-01
4.500476408928804628e-01
-1.359287192207050965e-01
3.201504122115100825e-01
-1.839654784956843703e-01
-2.247844128269219421e+00
-7.742140313901823001e-01
5.338147323520449072e-01
9.680620006345402873e-01
1.884894758578861684e-02
-6.494766989873754781e-01
-5.602738409792252794e-01
3.814042107212804456e-01
-7.987954083812429107e-02
7.541506540070379572e-01
1.245000886032391785e+00
-5.830881891185519805e-01
2.046593632858789924e+00
5.351957517258657537e-01
3.811566555165747938e-01
-5.216006687610976744e-01
-1.380659137865408725e+00
-5.910316838279883189e-01
-7.958595107686621262e-01
-2.348107535907984489e-01
1.445018199172057038e-01
-1.545352009476854915e+00
1.271580915781879151e+00
-1.665044903218962036e+00
-2.479593872240889230e+00
-7.179853223056131828e-01
-8.702038024889159340e-01
-2.051269671745215906e+00
-1.325508339243717248e-01
-2.257339352910236741e-01
-3.594361750029781977e-01
-2.247579214242083623e-01
-1.062260026298275761e+00
4.797765618395024023e-01
8.796739263677564313e-01
-4.679874085015141016e-01
-6.410927674811491839e-01
-5.029597765013589239e-01
3.177368361322845391e-01
-1.082323016958368855e+00
-1.134337101793276625e+00
-9.370016283944458957e-01
3.522615868172471743e-01
-2.315069824250771902e+00
-2.057604239210165442e+00
-1.215238462900432248e+00
8.145789511865827448e-01
-7.787228477334786625e-01
-1.346897731676928445e-01
-6.918334040742680768e-01
4.586595671058967816e-01
-3.206343354323180073e-01
-8.749186633469910879e-01
4.972966776987214899e-01
-6.393210290961884867e-01
-1.916447060301780692e+00
-2.003982838540808498e+00
-1.382969824564928674e+00
3.043777612227625440e+00
1.202012054693401416e-01
-1.437047571897227316e+00
-2.735619852481123715e-01
-1.142790829303020006e+00
7.677598942292421236e-02
1.773291060867209890e+00
-3.508348416143320048e+00
4.042423049961633291e-02
7.171521339873626350e-04
2.818790007566236988e-01
5.475388582683435867e-01
-4.914968290846152277e-01
-7.926020362569410893e-02
1.930874150011425705e-01
-3.191891911959857109e-01
-5.595260083295756637e-01
6.436193275410886372e-01
-9.788689263105646576e-01
2.364944193525603602e-02
-1.662891690415419843e+00
6.330066606993269840e-01
-2.686223737552883573e-01
-4.736689887513724773e-01
5.457226625531844677e-01
3.207556130604903299e-01
-6.540396514798604288e-01
1.323211780883523092e+00
9.452303389412285151e-02
7.225372077514565783e-01
1.292753952462631473e+00
2.028221247977967323e+00
8.497225690525008757e-01
1.632804405254840718e+00
9.641860893419207379e-01
3.391589548451474645e-01
4.293154320365670795e-01
-3.048529762186789616e-01
7.915722871701559304e-01
-3.773219433940866452e-01
2.718665465477707044e-01
-7.775973377182405777e-01
7.771965424002105216e-01
2.261307353322393965e+00
-1.337274798289197708e+00
-2.630240909318170006e-01
-1.757790403477489161e+00
-9.778682468769387404e-01
1.763912239631883150e+00
-2.224647483516723590e+00
1.398894712368170978e+00
-2.444092140153072190e+00
2.326519243949047411e+00
-1.354867954852044531e-01
1.518773151639022934e-01
8.683814401470293931e-02
-5.506639384762341827e-01
-3.412181194107828830e+00
4.552484263577611934e-01
1.101954009984838168e+00
4.819871207204147745e-01
-1.510149760144513242e-01
2.038847201474975002e+00
-7.680691868788763754e-01
-1.309972528086767785e+00
-6.576601497633441373e-02
-1.842164889705326103e-01
-1.648064609513996137e-01
-2.895801005211295909e-01
-2.097610929631651133e-01
-1.903235970733607729e-01
1.155077463602983689e+00
-9.599903372320771344e-02
-1.077571320341890626e+00
-1.462371077533302310e+00
2.384122545017758110e+00
7.319806788485837268e-02
1.801401950030206423e-01
-1.237596857240115478e+00
1.085187006355149419e+00
-2.234954482736499770e+00
3.971489934946264566e-01
5.678108251082313318e-01
-2.394269941786516254e-01
-6.676540353310038700e-01
3.837788807386497414e-01
-2.069799889598358700e+00
-3.503904275654790013e-01
5.318108113336084131e-01
-1.018199774470531560e+00
6.270529478512157917e-01
-7.456063249488006361e-01
-7.970396185080712292e-02
1.446103616978285933e+00
-2.686223737552883573e-01
-5.765228496555732107e-01
-3.505675922917703136e-01
6.344392843571788898e-01
-2.771313275302287327e-01
-3.222563781019862073e-01
7.760680267236637342e-02
5.053101620197804067e-01
-4.730756927317792543e-02
-1.689967954041726950e+00
-1.287662219091128879e+00
4.567959691320713222e-01
2.151499319556569312e-01
-1.897998513926878461e+00
9.856525614326508977e-01
9.788538862971245536e-01
-1.450580218046248593e+00
-2.707636530050799295e-01
-4.660595302473924950e-01
-6.685193743699781033e-01
2.631275804692761455e-01
-2.075688022116119136e+00
1.153751470931144996e-01
5.678121927161374760e-01
3.168590479809977323e-01
1.574615692753838836e+00
-7.133684535297837859e-02
-1.193000901878421144e-01
1.235280704609786007e+00
-5.596973479105104010e-01
-2.598727301267266920e+00
-1.373371657482711061e+00
-1.029482534110836900e+00
-1.370519556887193513e+00
-1.009305770710456907e+00
1.241922416264150009e+00
-4.378268749367464352e-01
1.660894716520419978e+00
-4.637761039004962837e-01
1.093994066998877218e-01
2.561144553354489095e-01
-9.032745204423555663e-01
2.255621980021907280e+00
-4.757737762074688154e-02
2.455081499504605080e+00
-4.378548535862926139e-01
1.237564050244189584e+00
2.959797863174645771e-01
-2.893041995106975239e-01
5.646563715485912460e-02
-1.330938702174737420e+00
-4.799783931543516458e-01
3.226662208748366512e-01
-2.792618141673454124e-01
-1.967619607398927439e-01
1.495916073552395975e+00
-4.771912889828768822e-01
-1.094490931024058478e+00
9.450132897603800153e-01
-1.047382711595199467e+00
-6.458576792443800896e-01
1.368364490413999990e+00
-9.117981381001886987e-02
-1.671630044074126742e+00
1.788760078448492497e+00
-3.375914927699546486e-01
4.863252063199971498e-01
-1.664954736956978099e-01
-8.644567662216864345e-01
6.174543907723096803e-01
1.283885414468798891e-01
5.574719262071936576e-01
-7.565592418849154122e-01
1.614166438786904356e+00
-6.622287561357254049e-01
-9.155402994577179765e-01
-1.525437126355414286e+00
1.387968507397024931e-01
3.228827708136747243e-01
-3.116879986611554298e-01
1.983958564059800367e-01
1.134943591652590511e+00
-9.818966176081064257e-01
2.153194313296897533e-01
1.129669482349763054e+00
8.610501684242434228e-01
-1.678012931482621428e-01
4.655356435991392927e-01
1.881427431431462516e+00
-2.667721967616041745e+00
1.984616214241006871e+00
-1.117762893165355313e-02
3.313237464210745942e-01
-1.533457125731993997e+00
2.874548132605476702e-01
6.317459061286803124e-01
1.638571159708475999e+00
-9.517621015262580642e-01
-1.522539274589472524e-01
-8.903071638992540171e-01
-4.848958057700012425e-01
1.404072415741190391e-02
-6.686089234363645772e-01
-1.478177728293036175e+00
-1.816436528765733138e+00
7.063801413831872766e-01
-1.766047151441824947e-01
-8.839064501900741888e-01
1.362969617493996699e+00
6.121863162721034035e-01
-6.133659846238934676e-01
-6.521219614284647914e-01
-4.574419127836790167e-01
-2.211292912376387143e+00
-1.166155017399331806e-01
-1.188138591580086612e+00
1.708241901843644550e+00
-1.087257377347481180e+00
1.010218032865410898e+00
-1.429034317452845482e+00
-1.315135074649125713e+00
-1.530589498867467091e+00
-2.366409239043059110e+00
-3.824981009943802523e-01
1.219608498445945849e-01
1.105822768683530910e+00
9.290526249075605758e-01
-6.212978995411284899e-02
2.422984061141008894e-01
-4.461956854647573856e+00
-1.816227087244123295e-01
-1.304125634072905049e+00
-9.856792604603191732e-01
-1.240551864830128775e-01
8.616231956922380808e-02
-1.511604290805071971e-01
-6.624946017740863946e-02
1.449319196814004895e+00
6.163091530790303363e-01
2.002286229165246845e-01
2.290242998258976925e+00
-6.765903621657876066e-01
1.402193222808948647e+00
-8.677392801029843936e-03
1.022761043918076096e+00
-1.202331606331519670e-01
-1.460751243253861353e-01
-1.329428799423591157e+00
9.158018249140684741e-01
-4.596236744455355905e-01
-2.322399644097139504e+00
1.138155962449021397e+00
1.476111707800855433e+00
-3.504798566560906048e-01
7.207072446685136580e-02
-8.656359787829043251e-01
1.516181499174795277e+00
-2.142920344478874140e-01
2.896085202916580115e-01
2.957871917744679280e+00
3.024494068976669725e-01
1.118187482561183277e+00
-2.017810497793297131e+00
6.735688321600604711e-01
1.486544443582263231e+00
