-2.465822502197845267e-01
-9.925898818874046015e-02
-2.048415614429686116e-01
3.091326003319849747e-02
1.281676729136798087e-01
-1.161480115755715303e-01
-1.036109013471584461e-01
2.887437971188102637e-01
7.287359488779898697e-02
-1.566188317486396642e-01
-8.289665998845840988e-02
-9.925898818874046015e-02
-9.212271675667338400e-02
1.051561138782517446e-01
8.650692487204914016e-02
7.619971537208058976e-02
7.365839008170027569e-02
-2.254204547642988388e-01
1.544959316653677917e-01
-1.726958736160479901e-01
-1.975140772801058375e-01
-2.254204547642988388e-01
1.226520415266634245e-01
-1.222423518336412940e-01
2.115194241652424978e-01
6.737658695692338995e-02
1.238922125335371049e-01
-1.866207987254568934e-01
5.483320309902772749e-02
-2.048415614429686116e-01
-2.229568344062773377e-01
1.443004543860002542e-01
-1.161480115755715303e-01
-1.415451088664063661e-01
-1.469055620527548456e-01
-8.289665998845840988e-02
1.544959316653677917e-01
7.566948283920815754e-02
6.943248542616942132e-02
-2.130754532928769152e-02
1.136764261445470936e-01
-1.362105898961765149e-01
-1.726958736160479901e-01
-2.048415614429686116e-01
8.382380818870593941e-02
-1.884692637497060730e-01
7.566948283920815754e-02
1.443004543860002542e-01
-3.456556676393240934e-02
1.238922125335371049e-01
-1.161480115755715303e-01
-1.362105898961765149e-01
-2.393113448253103570e-01
-1.691255955108790232e-01
-3.456556676393240934e-02
-1.036109013471584461e-01
-1.120332604114970820e-01
1.508417381874060936e-02
2.115194241652424978e-01
1.239831657952894517e-01
6.910823115895858848e-02
1.997986738368151549e-01
8.728886861086415649e-02
1.582686924485336988e-01
4.444620125261167232e-02
-1.018377831321295446e-01
1.248647616768927548e-01
-2.091758679792015130e-01
1.812520560934345326e-01
7.287359488779898697e-02
-1.566188317486396642e-01
-1.260151126168089775e-01
1.328747508329293225e-01
-1.612481765761355490e-01
-1.510664589005354941e-01
-1.442437827569271747e-01
9.389024555671987571e-02
2.785987762385513378e-01
4.444620125261167232e-02
1.326175492882182283e-01
2.115194241652424978e-01
2.902809947024742598e-02
-2.122410873845002044e-01
-2.221088789929552831e-01
5.243587480848788118e-02
1.281676729136798087e-01
-1.866207987254568934e-01
6.490569052477468404e-04
1.545878176172479357e-01
3.635837512948931760e-01
-1.691255955108790232e-01
-3.253520732840620155e-01
-1.412630385444320069e-01
-1.528495908948119819e-01
-1.399794592796190784e-01
2.154185581758678580e-01
-1.566188317486396642e-01
-1.161480115755715303e-01
-8.796518702236078013e-02
2.965459969044150768e-01
-1.362105898961765149e-01
-7.412947441816264416e-02
-9.837850815877757782e-02
5.251272848322408038e-02
-1.444732822844549958e-01
-2.502489625913693061e-01
1.544959316653677917e-01
-1.593725027706103248e-01
-7.508165870406102727e-02
-1.161480115755715303e-01
-1.415451088664063661e-01
2.306277384661790109e-01
-1.464196813183207269e-01
-1.609590664489974898e-01
-1.362105898961765149e-01
6.311300652306783832e-02
-9.197068209089209745e-02
7.287359488779898697e-02
-2.285663626492056011e-01
-1.541458312452306245e-01
-2.391146978667979539e-01
5.671058018802277445e-02
-1.324415022639602313e-01
8.477387181015139106e-02
5.581240017665223263e-02
3.226885057634270026e-01
-3.836596260496847322e-01
5.217072777503162229e-03
-1.362105898961765149e-01
7.566948283920815754e-02
7.269898123455043049e-02
2.561441478528099225e-01
2.297269901555054616e-02
-1.161480115755715303e-01
8.299696700207093158e-02
-1.088621000633889224e-01
-1.161480115755715303e-01
2.115194241652424978e-01
-9.063867761673449763e-03
-1.260151126168089775e-01
3.754513459892017124e-02
1.117517530514753332e-01
-1.836347335629469057e-01
-2.255093555629752444e-01
1.054021989185578434e-01
6.943248542616942132e-02
-6.509248610630891108e-02
6.338344882055224616e-02
6.266461838186465627e-02
3.533846391699739797e-01
1.152541239090254521e-03
1.734370548090389264e-01
-1.439746537983488395e-01
1.442494984146058812e-01
-1.322221557962457439e-01
-4.397791995109319174e-01
-4.121317385729330596e-01
8.063958546940597216e-02
-1.162477283922687121e-01
1.443004543860002542e-01
1.643630327066052388e-01
-1.668179438735570841e-01
-2.302863038030231735e-01
-8.289665998845840988e-02
1.734370548090389264e-01
8.789789696260186247e-02
1.229031920766967545e-01
3.329469190906628739e-01
3.635837512948931760e-01
3.737829017252103370e-01
-3.692010931808233920e-01
-1.986865795781191935e-01
1.443004543860002542e-01
1.340913629638542659e-01
2.316502123392982782e-01
-3.692010931808233920e-01
1.296357834005981147e-01
-1.587346394234323554e-01
8.789789696260186247e-02
6.943248542616942132e-02
-1.578590027555115682e-01
-4.170932688515271991e-02
1.170581221264939131e-01
-8.289665998845840988e-02
1.976143842937183592e-01
-2.181595239418534504e-01
1.235435271857845407e-01
-7.412947441816264416e-02
1.389659354157704030e-01
9.325538032930680288e-02
-2.571434776515584275e-01
-1.464196813183207269e-01
1.355677364966947351e-01
-9.197068209089209745e-02
-1.630783344681887570e-01
4.365502145457789140e-02
-1.455648597553604873e-01
-6.509248610630891108e-02
1.326175492882182283e-01
-1.464196813183207269e-01
3.644506884158893456e-02
3.026208169080746302e-02
-1.839353935165366494e-01
-2.468070830280879591e-01
-4.273041706355051872e-02
1.032851952018223329e-01
1.480695420182165378e-01
-1.464196813183207269e-01
2.115194241652424978e-01
-1.161480115755715303e-01
1.852634603227514276e-01
-1.070739894731378428e-01
1.244256933881011662e-01
-2.254204547642988388e-01
-1.986865795781191935e-01
-1.316206942907562905e-01
1.544959316653677917e-01
1.400160055363972589e-01
-2.173980377591071544e-01
6.974967153836608702e-02
3.635837512948931760e-01
-2.148091126891262803e-01
-2.109784953123501339e-01
3.400253022042853956e-02
-1.464196813183207269e-01
-1.332949046720646180e-01
1.544959316653677917e-01
-2.229568344062773377e-01
-8.289665998845840988e-02
1.643630327066052388e-01
7.287359488779898697e-02
-2.078120630476263386e-01
1.340913629638542659e-01
1.340913629638542659e-01
1.120641012966672179e-02
-4.068839476668451027e-02
-2.089462051083579297e-01
-1.161480115755715303e-01
-6.899162011693427132e-02
1.136764261445470936e-01
-8.900363917799403168e-02
2.054293855781139655e-01
3.329469190906628739e-01
-2.028769484524417521e-02
-3.836596260496847322e-01
1.734370548090389264e-01
6.311300652306783832e-02
-1.362105898961765149e-01
-1.070739894731378428e-01
-1.781105457392904157e-01
-1.161480115755715303e-01
5.388244979434730908e-02
3.329469190906628739e-01
7.287359488779898697e-02
1.494566371678036631e-01
-5.950156542094475753e-02
-1.671098673286461889e-01
-1.578590027555115682e-01
-1.440336989880641738e-01
-1.604739598607007878e-01
-1.415451088664063661e-01
1.873420946805630649e-01
-1.070739894731378428e-01
6.212662471961394317e-02
3.123905199959065015e-01
2.154698612083372211e-02
6.943248542616942132e-02
1.056335555191854070e-01
-2.021889479127381151e-01
4.365502145457789140e-02
-6.628189188579369784e-02
-1.464196813183207269e-01
1.389659354157704030e-01
5.516914878133150069e-02
3.635837512948931760e-01
2.993460891597834461e-01
-1.324415022639602313e-01
-1.942001025636734823e-01
-1.161480115755715303e-01
1.113854487712977459e-01
-5.909743666033939746e-02
-9.063867761673449763e-03
4.173225975777761221e-02
-2.112355685815785478e-01
9.687631071922986337e-02
-1.324415022639602313e-01
-1.316206942907562905e-01
2.115194241652424978e-01
8.312722906512526322e-02
2.551243979278492446e-01
-1.726958736160479901e-01
6.226192090315052496e-03
-6.899162011693427132e-02
9.389024555671987571e-02
-4.260759040375354800e-01
-1.770269203794914148e-01
3.020430591016776134e-01
-1.807090678538880724e-01
-1.300797069228636360e-01
-1.362105898961765149e-01
-1.760957839619177179e-01
1.378704298932973416e-01
-8.900339161055370596e-04
8.789789696260186247e-02
-2.439420160283400918e-01
-6.422736031108655652e-02
1.235435271857845407e-01
-1.362105898961765149e-01
-6.936668193758777079e-02
-3.979814102120169395e-01
5.671058018802277445e-02
2.479856046281820880e-01
2.306277384661790109e-01
-1.464196813183207269e-01
-1.822549781800724134e-01
-9.197068209089209745e-02
8.237084054308674297e-02
-3.692010931808233920e-01
1.786732611500472245e-01
1.582686924485336988e-01
1.340913629638542659e-01
-1.362105898961765149e-01
1.314197955364431181e-01
1.136764261445470936e-01
1.034809488651795562e-01
-2.043890331645261682e-01
5.243587480848788118e-02
-6.000043215273365149e-03
3.329469190906628739e-01
-1.260151126168089775e-01
1.443004543860002542e-01
6.266461838186465627e-02
1.786732611500472245e-01
-8.289665998845840988e-02
2.469655804924304476e-01
-3.836596260496847322e-01
1.812520560934345326e-01
2.479856046281820880e-01
1.136764261445470936e-01
-1.018377831321295446e-01
7.709310773008937190e-02
-1.208675385773609889e-01
1.480695420182165378e-01
-1.362105898961765149e-01
1.113854487712977459e-01
6.311300652306783832e-02
-4.397791995109319174e-01
-1.120332604114970820e-01
-2.495977842489782716e-01
1.976143842937183592e-01
-2.254204547642988388e-01
1.093567863201414525e-01
1.324067279627030302e-01
-1.872556639528681899e-01
1.377267347503874362e-01
-2.078120630476263386e-01
1.366233533305205583e-01
8.789789696260186247e-02
3.431756626640414254e-01
-1.770269203794914148e-01
-1.061487690671309991e-01
-1.316206942907562905e-01
-1.566188317486396642e-01
-1.634529221556810796e-01
5.509058951787793035e-02
2.101152613326480179e-01
-1.057090548515020600e-01
1.276614533873647872e-01
1.545878176172479357e-01
3.912398123886440260e-02
-1.733367477954264047e-01
2.054293855781139655e-01
-1.362105898961765149e-01
-9.197068209089209745e-02
-1.527900240130133369e-01
1.295975090434335897e-01
1.371723617994327071e-01
-1.070739894731378428e-01
-1.604739598607007878e-01
-2.048415614429686116e-01
1.014017956536950038e-01
-1.161480115755715303e-01
-8.869004889864839924e-02
-1.592014163434498641e-01
-1.324415022639602313e-01
-6.899162011693427132e-02
-7.508165870406102727e-02
-2.078120630476263386e-01
-1.260151126168089775e-01
-2.302863038030231735e-01
-2.686315499239171345e-01
-3.558575847924494440e-02
-1.324415022639602313e-01
-1.161480115755715303e-01
1.697733469446838228e-02
1.997986738368151549e-01
1.056335555191854070e-01
-1.464196813183207269e-01
3.011646211153031771e-01
-2.048415614429686116e-01
-7.864509493605709167e-02
1.056335555191854070e-01
-1.070739894731378428e-01
2.936703340676380947e-01
1.389659354157704030e-01
1.136931004086179087e-01
1.743622752150457700e-01
1.034809488651795562e-01
-1.861799854945314081e-01
-1.926131473195731303e-01
2.054293855781139655e-01
-7.508165870406102727e-02
-2.049252623459096867e-01
7.187178342018540889e-02
1.734370548090389264e-01
-1.634529221556810796e-01
9.075564746763831181e-02
-2.502489625913693061e-01
1.643630327066052388e-01
2.154185581758678580e-01
3.464230090933106965e-02
1.276614533873647872e-01
5.671058018802277445e-02
-4.532069178982229829e-01
1.170581221264939131e-01
-1.986865795781191935e-01
1.912412286911884252e-01
2.602233494369325939e-01
1.226520415266634245e-01
-1.399867044592877363e-01
1.169528525363610072e-01
-4.484102900188702279e-02
1.235435271857845407e-01
-8.289665998845840988e-02
1.205799577834696379e-01
-4.783858544849373118e-02
