1.697953679292885321e+00
6.919105917618754154e-01
1.243801029493371679e+00
-3.476347372655923529e-01
-9.109637478987661074e-01
8.267850032699414209e-01
1.110775084982625005e+00
-3.678789047726426009e+00
-3.188777917665988060e-01
1.149981787895598462e+00
6.220515627211324894e-01
6.919105917618754154e-01
9.705361708580867441e-01
-8.547211692622457280e-01
-7.193781968112346048e-01
-6.445755675420973274e-01
-6.261323784763097589e-01
1.883554807792149344e+00
-1.334556226283133418e+00
5.970828275468375024e-01
1.476568000028809058e+00
1.883554807792149344e+00
-8.752743825249130749e-01
9.703072208049443592e-01
-1.983877125503449301e+00
-5.805433768861290034e-01
-1.090157333977597620e+00
1.125902023489034898e+00
-4.895121338997985849e-01
1.243801029493371679e+00
7.845534486024252629e-01
-1.253135947170323838e+00
8.267850032699414209e-01
8.342359109484085433e-01
8.689211824818480201e-01
6.220515627211324894e-01
-1.334556226283133418e+00
-5.712697118824622278e-01
-5.309126858430327500e-01
1.060790700603810588e-01
-4.710701095468817212e-01
9.870031747028723546e-01
5.970828275468375024e-01
1.243801029493371679e+00
-6.999059834492600274e-01
1.276209638613695407e+00
-5.712697118824622278e-01
-1.253135947170323838e+00
2.679227899962846049e-01
-1.090157333977597620e+00
8.267850032699414209e-01
9.870031747028723546e-01
1.645186454499842910e+00
1.012697812401855302e+00
2.679227899962846049e-01
1.110775084982625005e+00
8.799447520079465290e-01
-3.381630237401999084e-01
-1.983877125503449301e+00
-9.913549482482331143e-01
-5.931104581384587515e-01
-2.593015450732585769e+00
-7.250530060410345090e-01
-1.512545507027476255e+00
-5.050825621097144724e-01
7.897027843898475341e-01
-9.977529641124659454e-01
2.399430935997789671e+00
-1.548228530111306567e+00
-3.188777917665988060e-01
1.149981787895598462e+00
9.055828955900627752e-01
-1.055883949932696186e+00
1.078657731654428131e+00
1.004765835636087123e+00
9.552515501065964587e-01
-6.891687178867991204e-01
-3.554946442237945980e+00
-5.050825621097144724e-01
-5.417194577369124353e-01
-1.983877125503449301e+00
-5.083797343613202235e-01
1.448729165883442471e+00
2.557307178901451206e+00
-2.426462192700073461e-01
-9.109637478987661074e-01
1.125902023489034898e+00
-4.948423505460845112e-02
-1.081917557425506216e+00
-1.403210695712988842e+00
1.012697812401855302e+00
1.166482061262079428e+00
9.336193610767642426e-01
1.241217292060472488e+00
9.243040266127032778e-01
-2.018389048337856373e+00
1.149981787895598462e+00
8.267850032699414209e-01
9.197842482380950146e-01
-3.774032296744391779e+00
9.870031747028723546e-01
2.294355764335496706e-01
1.046902056722014418e+00
-4.726717269579455705e-01
9.569170996498708170e-01
1.537613508347040359e+00
-1.334556226283133418e+00
1.791469791085011254e+00
5.528796079888926851e-01
8.267850032699414209e-01
8.342359109484085433e-01
-2.969352940180485234e+00
1.068532175288388286e+00
1.076559569425521445e+00
9.870031747028723546e-01
-4.900219562565601428e-01
7.023673327725107329e-01
-3.188777917665988060e-01
1.724549107000542092e+00
1.027113799736609767e+00
1.643759326281041266e+00
-4.485945082061919553e-01
1.060581700129962890e+00
-7.068008910241274645e-01
-4.966184720390585117e-01
-1.250673677767738967e+00
1.383966028089225864e+00
-2.177130497098109796e-01
9.870031747028723546e-01
-5.712697118824622278e-01
-6.813322180131704542e-01
-3.280837623992238328e+00
-2.582905335926107271e-01
8.267850032699414209e-01
-7.635711218443869130e-01
1.174877676651134850e+00
8.267850032699414209e-01
-1.983877125503449301e+00
-4.338232076679143789e-02
9.055828955900627752e-01
-6.123491429826679600e-01
-9.025877767925524209e-01
1.513702019518834652e+00
1.545021120131678805e+00
-8.565070850369036481e-01
-5.309126858430327500e-01
4.644636794945802283e-01
-5.515639298654454459e-01
-2.807988705558154829e-01
-1.365168568101176927e+00
-1.680963774773623076e-01
-1.485818544937770103e+00
9.532983974405732086e-01
-1.015022577415937155e+00
1.460039254972032241e+00
1.593288952377611478e+00
1.490165442775615690e+00
-6.767970875271497322e-01
1.265035741993101759e+00
-1.253135947170323838e+00
-1.413354118603254772e+00
1.231431094598887110e+00
1.408443414600758281e+00
6.220515627211324894e-01
-1.485818544937770103e+00
-6.503947129874871891e-01
-9.835172426410513369e-01
-1.288936995604585523e+00
-1.403210695712988842e+00
-1.441252966201829633e+00
1.330036495229897975e+00
1.203974692084178733e+00
-1.253135947170323838e+00
-1.171606946584793585e+00
-2.981834514145245585e+00
1.330036495229897975e+00
-1.032377754579218543e+00
1.060416209757698125e+00
-6.503947129874871891e-01
-5.309126858430327500e-01
9.397963588509095079e-01
3.551283144440612327e-01
-8.390784478555861625e-01
6.220515627211324894e-01
-1.860801165111303890e+00
1.641440912159155996e+00
-5.078738540661988932e-01
2.294355764335496706e-01
-9.808348304274255858e-01
-8.454940032820593698e-01
1.774599795800795077e+00
1.068532175288388286e+00
-1.075427785559046834e+00
7.023673327725107329e-01
1.331753705514160835e+00
-3.641173970463473242e-01
4.958856371556897846e-01
4.644636794945802283e-01
-5.417194577369124353e-01
1.068532175288388286e+00
-5.989203870240029648e-01
-2.774572330287937150e-01
1.243305930368783452e+00
1.699585361001412886e+00
3.675929973287999641e-01
-8.411433297756144567e-01
-1.422271027702473489e+00
1.068532175288388286e+00
-1.983877125503449301e+00
8.267850032699414209e-01
-2.415580753045982298e+00
7.543205769354260903e-01
-9.945665088036442780e-01
1.883554807792149344e+00
1.203974692084178733e+00
4.438746664410310738e-01
-1.334556226283133418e+00
-1.107710259284574894e+00
1.325048785119262496e+00
-5.977655907327094065e-01
-1.403210695712988842e+00
1.467366125267676846e+00
7.398749021949022620e-01
-5.691037557502954813e-01
1.068532175288388286e+00
1.473134547469139299e+00
-1.334556226283133418e+00
7.845534486024252629e-01
6.220515627211324894e-01
-1.413354118603254772e+00
-3.188777917665988060e-01
1.558806903860025406e+00
-1.171606946584793585e+00
-1.171606946584793585e+00
-2.908262696426298088e-01
3.426655610332718371e-01
1.424817179095119846e+00
8.267850032699414209e-01
4.989756023289871889e-01
-4.710701095468817212e-01
9.324608727760493876e-01
-1.929973119843527929e+00
-1.288936995604585523e+00
9.362952041002950421e-02
1.383966028089225864e+00
-1.485818544937770103e+00
-4.900219562565601428e-01
9.870031747028723546e-01
7.543205769354260903e-01
1.201033196043179929e+00
8.267850032699414209e-01
-4.826122210789101086e-01
-1.288936995604585523e+00
-3.188777917665988060e-01
-1.048715814776338906e+00
1.748742799255418590e-01
1.885921581553571480e+00
9.397963588509095079e-01
9.537269067705150816e-01
1.804915531362983216e+00
8.342359109484085433e-01
-1.596863098948533732e+00
7.543205769354260903e-01
-5.424427659578630045e-01
-1.212262756903807137e+00
-4.170560613909795600e-01
-5.309126858430327500e-01
-7.651548109631808314e-01
1.375777659244310502e+00
-3.641173970463473242e-01
6.550912725426499827e-01
1.068532175288388286e+00
-9.808348304274255858e-01
-4.919501963383289267e-01
-1.403210695712988842e+00
-3.808213667547453163e+00
1.060581700129962890e+00
1.317800120615996162e+00
8.267850032699414209e-01
-8.023729289739787163e-01
5.673889735885961905e-01
-4.338232076679143789e-02
-3.944345081045244061e-01
1.441431802786444782e+00
-9.691507083136015055e-01
1.060581700129962890e+00
4.438746664410310738e-01
-1.983877125503449301e+00
-6.948506918169337077e-01
-3.268389301889762066e+00
5.970828275468375024e-01
-2.300316014823904354e-01
4.989756023289871889e-01
-6.891687178867991204e-01
1.542176413490267795e+00
1.312959177472595496e+00
-1.173667296536750282e+00
1.087649662469413636e+00
1.433885888336602799e+00
9.870031747028723546e-01
1.186411442376593683e+00
-1.331996887425304088e+00
-1.431621923129225704e-01
-6.503947129874871891e-01
1.678792677529321375e+00
6.300111326126088818e-01
-5.078738540661988932e-01
9.870031747028723546e-01
6.927480148902686041e-01
1.437385495789860190e+00
-4.485945082061919553e-01
-3.181244408576154203e+00
-2.969352940180485234e+00
1.068532175288388286e+00
1.231110632947877370e+00
7.023673327725107329e-01
-6.893613447538269323e-01
1.330036495229897975e+00
-1.693149943442588956e+00
-1.512545507027476255e+00
-1.171606946584793585e+00
9.870031747028723546e-01
-1.045324886235915907e+00
-4.710701095468817212e-01
-4.330415397091810781e-01
1.697401985813911551e+00
-2.426462192700073461e-01
-8.078313236335300795e-02
-1.288936995604585523e+00
9.055828955900627752e-01
-1.253135947170323838e+00
-2.807988705558154829e-01
-1.693149943442588956e+00
6.220515627211324894e-01
-3.168792739119423274e+00
1.383966028089225864e+00
-1.548228530111306567e+00
-3.181244408576154203e+00
-4.710701095468817212e-01
7.897027843898475341e-01
-6.510591941093283319e-01
7.004399210955656319e-01
-1.422271027702473489e+00
9.870031747028723546e-01
-8.023729289739787163e-01
-4.900219562565601428e-01
1.593288952377611478e+00
8.799447520079465290e-01
1.892504384607603507e+00
-1.860801165111303890e+00
1.883554807792149344e+00
-8.852067573695522329e-01
-1.052487362209207911e+00
1.394645118591122390e+00
-1.091096308253203917e+00
1.558806903860025406e+00
-1.083088725668120311e+00
-6.503947129874871891e-01
-1.327089646890400321e+00
1.312959177472595496e+00
6.052008621293206714e-01
4.438746664410310738e-01
1.149981787895598462e+00
9.759922935202364203e-01
-5.992979200402868134e-01
-2.718952409395721137e+00
1.136387727850449725e+00
-1.241635435771963891e+00
-1.081917557425506216e+00
-3.755054186083310319e-01
1.422552731192248565e+00
-1.929973119843527929e+00
9.870031747028723546e-01
7.023673327725107329e-01
1.711115957462090442e+00
-1.032099985649664653e+00
-1.087073051102252386e+00
7.543205769354260903e-01
1.804915531362983216e+00
1.243801029493371679e+00
-8.274749127162096540e-01
8.267850032699414209e-01
2.837457188953200204e-01
1.063803755232500592e+00
1.060581700129962890e+00
4.989756023289871889e-01
5.528796079888926851e-01
1.558806903860025406e+00
9.055828955900627752e-01
1.408443414600758281e+00
2.266023832369168822e+00
2.803765051352958837e-01
1.060581700129962890e+00
8.267850032699414209e-01
-3.612732743967758120e-01
-2.593015450732585769e+00
-7.651548109631808314e-01
1.068532175288388286e+00
-3.830412905793858513e+00
1.243801029493371679e+00
8.060117384538711960e-01
-7.651548109631808314e-01
7.543205769354260903e-01
-3.738928418456093361e+00
-9.808348304274255858e-01
-1.008708027274294761e+00
-1.209869879246513458e+00
-4.330415397091810781e-01
2.118714904358062867e+00
1.164676028388335283e+00
-1.929973119843527929e+00
5.528796079888926851e-01
1.395635945243925313e+00
-6.131664175388247262e-01
-1.485818544937770103e+00
9.759922935202364203e-01
-7.502124998479812179e-01
1.537613508347040359e+00
-1.413354118603254772e+00
-2.018389048337856373e+00
-5.769135838387742243e-01
-1.241635435771963891e+00
-4.485945082061919553e-01
1.643373603881415512e+00
-8.390784478555861625e-01
1.203974692084178733e+00
-1.628001276274064324e+00
-3.330633376850027805e+00
-8.752743825249130749e-01
9.243566071378924720e-01
-9.403337755093721384e-01
1.201912849275014322e-01
-5.078738540661988932e-01
6.220515627211324894e-01
-9.666568078607022940e-01
4.299495848146114296e-01
