3.062973394919196179e-01
6.342317736240137283e-01
6.582781950814392546e-01
1.634218651959426227e-01
-2.024406964241495521e-01
-7.014360300652341396e-01
1.080589064964049939e+00
1.004741498316298748e-01
4.020738544472662879e-01
6.776633698386563820e-01
9.194308798418731055e-01
-6.134169764836137073e-01
-2.311795584057592112e+00
1.318879129953268170e-01
7.073117887113420377e-01
-5.650182947764039731e-01
-1.576228331667142379e+00
-1.230772041876557088e+00
1.013397670355484337e+00
5.904017776163315023e-01
-1.933360294632364695e-01
-2.221636008752325420e-01
5.213370772018024318e-02
-3.613940738418800480e-01
2.501825387278092450e+00
-8.868907508722769784e-01
-6.484486511922178398e-01
1.083026557714757754e+00
3.477038653733280915e-01
2.956675983938835683e-01
9.895930100061626211e-01
2.108681370046802395e-01
1.713204185019294279e+00
2.489290659262457794e-01
1.335485277243727120e+00
-1.131863456613698693e+00
-1.317897607351558475e+00
-5.253348217729987280e-01
1.298075362746267558e+00
-4.941787564687290524e-01
-2.552935178594005206e-01
8.479945825084382882e-01
3.688272646503717445e-01
1.378533857752789693e+00
5.594673332911451746e-01
-1.176534667117432376e+00
-6.958317481522656722e-01
1.924169395616482481e+00
-1.908170725682592384e+00
9.702310479720017700e-01
-6.964845943378391580e-01
3.818257292750839027e-01
9.120685058705828574e-01
-2.426164270749505469e+00
6.522821238851023162e-01
1.286903193367132880e+00
1.173903104984853396e+00
4.310847640489372523e-01
-5.621664357356793706e-01
-6.320853277161004868e-01
1.620814905236787284e+00
2.833714215744054243e+00
-8.351141274752041932e-01
-1.555440169537313233e+00
1.322870692413931737e+00
8.872498453102914961e-01
7.863920057318615209e-01
5.721562245550610992e-01
-2.622061769558493016e-01
1.706494596699218158e-01
6.277952825657390212e-01
3.516946243497224844e-01
-1.564575997204647573e+00
-4.035614782778374487e-01
9.457685658436530973e-01
7.638676263936269306e-01
-6.387426916625598139e-01
1.665413076126872838e+00
5.994521086540476329e-01
6.150310111183384665e-01
-4.704446771004868189e-01
9.797521935435086204e-01
-3.172824397962338838e-01
8.561633202564661316e-02
3.233630724142703139e-01
-3.797725896642358823e-01
-5.391213646530288450e-01
7.732141005643254905e-01
-5.638610329164526203e-01
8.710099614078422592e-01
5.636368807009839443e-01
1.220796149291897059e+00
-6.134301653663636333e-01
1.412410475944806620e+00
-8.996285535412936740e-01
2.979926068799032546e-02
-1.356081449564587871e+00
-6.637633261299975551e-01
-2.953010444821161928e-01
-2.267461432917923680e+00
-5.541591305140223245e-01
8.701924104315063024e-01
1.940540114617148593e+00
9.160800618711952836e-01
8.114651449101004665e-01
2.227095068706162806e+00
-1.197617126851421077e+00
1.145515351259491998e+00
-2.026468136305839884e+00
8.421483866651003139e-03
-1.669254006504830232e-02
2.852081833601844418e-01
6.392272808017512853e-01
4.653128449043359427e-01
6.058230626671707864e-01
-1.052156004034717762e+00
4.768347902621370982e-01
2.146386379304953351e+00
-1.621745542011076430e-02
-1.307107324291513661e+00
-5.690147403376932811e-01
6.438578234812926127e-01
2.910963490848001434e-01
-2.002483086482885533e+00
-7.218693900694247434e-01
8.512354812710511975e-01
7.488074513470529547e-01
-3.425860910912125745e-01
-6.595908395145215763e-01
1.155568139757899848e+00
9.797960781755050697e-01
1.231859951096758721e+00
1.237311338153171542e-01
1.295109612915744224e+00
8.553382817679804351e-01
-2.812197650778588964e-01
2.213825864322871984e-01
1.611869010903488775e+00
-1.369284816120911463e+00
-1.174747683317675095e+00
-1.530388856880696702e-01
7.387694972125857795e-01
-2.160759322430014784e+00
-1.098642145315312568e+00
6.490297259533807095e-01
-1.582563049565936519e-01
1.085833022923791580e+00
-1.442948033724423818e-01
-5.303689013940585673e-01
1.178665341028741542e+00
-1.895213972816560677e+00
-1.128305504263318548e+00
-2.259537522193937054e-01
5.802841685134245697e-01
-8.500791491362285068e-01
-1.362490053240641708e-01
2.025595918825432579e-02
5.992655860343546470e-01
-1.851052870569862563e-01
1.710500497014743937e+00
4.513547238403582407e-01
3.762217231104491577e-01
-1.435658711357274131e-01
-3.899531523725766058e-01
-9.456572994217420092e-02
6.210824869633259082e-01
1.996983284320915430e+00
1.497956118614436061e-01
3.911221892821629131e-01
7.683411502525033798e-01
3.381621944475487473e-01
5.529370189837840011e-01
5.898128925376610043e-01
-2.276699487054786863e-01
2.076981200356493029e-01
-9.592614549764466592e-01
7.995605417975659712e-01
-2.591946357887591201e-01
-5.162247282016210193e-01
-1.418877184416388104e+00
-1.992967944690679838e+00
6.919796836200016177e-01
-6.003095840125765026e-01
1.015343235799637034e+00
-8.732522290761287609e-01
-1.439672840898903905e+00
-3.733579196239169007e-01
-5.157409860854322847e-01
-7.425702806199034889e-01
-3.781046458236178576e-01
-4.959258700626653082e-01
-6.821594855784645084e-01
-9.401960479798225911e-01
-2.162007810270952790e-01
2.235647162387236264e+00
-1.183463647222309012e+00
-5.223477398611037215e-01
3.743662011325942784e-01
-1.246558995761554600e+00
8.586189548067543198e-01
2.784926454177080180e-01
7.528957833016718393e-01
4.747797969593947620e-01
-4.000165712864437589e-02
8.687237962631069177e-01
-1.090779854241319846e+00
-1.127461754964069085e+00
-1.301989546032937539e-01
-4.793873873356681026e-01
1.596619923307948108e+00
2.275632941020463706e-01
-1.929703137762760923e+00
-4.067833661962171887e-01
5.597514986874263521e-01
1.090779900896343690e+00
-7.690913960568941388e-01
3.528209768304610972e-01
-9.235991377570027527e-01
1.084826345637096345e+00
8.828458207588547879e-02
-3.389393899142368882e-01
-5.156918582237235427e-01
1.047855171229795102e-01
8.524020707169016609e-01
1.761574625383495407e+00
8.868977913913802524e-01
5.241496589202105927e-01
-3.059474357141557799e-01
1.007836862995190375e+00
9.321401699493894744e-02
5.840688218885031757e-01
6.315509551189467663e-01
-2.051841439086555530e-01
-7.713654738317939907e-01
1.409277737187523361e+00
4.352831290375005491e-01
-8.486499967060729954e-01
-6.259766161953266295e-01
-4.034495178159827611e-01
2.239844960544997043e+00
5.239978741464493828e-01
-9.872046683853140381e-02
8.365494908035692179e-01
-7.292444376394512096e-02
-7.640371474703200327e-01
-1.446452454999745729e+00
1.846024374591456629e+00
1.069107372351974394e+00
5.544239379823940467e-02
1.591502896502916098e+00
-2.100612201597583883e+00
1.586334756335078949e-02
-1.458682195921985336e-01
2.509678945873049516e-01
-2.844552042999897723e-01
-9.999736733318818072e-01
-9.111663428196730141e-01
-1.993543829223229646e-01
-1.018632413606745279e+00
3.767003071888455623e-01
1.048860011393166092e+00
7.618209354400287125e-01
7.857608591811853227e-01
-1.527126874356194319e+00
1.504374063429747332e+00
-3.976386113227622920e-01
9.814550044784541294e-01
6.929158247469230369e-01
-1.552074664502485490e-01
1.133319077964633215e-01
-7.207912152953632745e-01
1.464180581675251780e+00
4.517043015362077751e-01
3.862445119903023527e-01
3.298252540682898859e-01
-5.170550179623404352e-01
1.101322619590715313e+00
-5.204924839125119052e-01
-1.304722095295504536e+00
-1.446247870607032304e+00
8.010242952430127739e-01
-5.250900918534499029e-01
2.422932636562966369e-01
-9.850587310869248769e-01
1.441168407459311851e+00
2.644269657974958609e-01
1.187474608051672265e+00
-8.357782889258562609e-01
-4.151476069687901616e-01
7.006463816368066477e-02
-1.367967228415332137e-01
7.217773358774309811e-01
9.577136066792218960e-02
-2.447713369507504566e-01
5.793143954436282828e-01
-3.206713949155211990e-02
-9.175172726291273007e-01
3.053535754494368093e-01
-3.594163944869556704e-01
7.326598055545860411e-02
-4.223628066288995925e-02
-5.953195369906446599e-01
-7.992478840199894741e-01
-1.138514517794958048e+00
1.855740824993662996e-01
4.102016242605797669e-01
2.532388173763180927e-01
1.083066950929957306e+00
-1.103215840114044610e+00
1.522268180805377513e+00
3.706678513788700946e-01
8.888471587220260206e-01
9.680411933542368841e-01
-1.961164397771684165e-01
-1.253217861790715704e+00
7.869272606258418401e-01
2.155027596502087917e-01
6.020240505159827338e-01
6.359695081669493044e-01
1.144832641592232747e+00
-6.814046056304896570e-01
9.875020624741496222e-01
-2.628303941607089134e-01
8.531288349081307398e-01
1.393704265850774116e+00
-1.319363058113963705e-01
4.284889422211668464e-01
4.513718720128757633e-01
1.558932341494594781e-02
-1.609120158319853777e+00
-1.936738138264025189e+00
-2.780373816346701221e-01
1.399995075359951324e-01
6.178849219763477008e-01
1.195179988529411652e+00
8.925666387808086633e-01
-2.120229432625826416e-01
2.178052594082451887e-01
-2.222950073365163870e-01
2.554142325443162220e-01
-1.286684525819884017e+00
5.304059532160028123e-01
-5.888764171085469901e-01
2.684314222144035950e-02
-1.174275874556598431e+00
5.084311871515889703e-01
1.945616684259678791e-02
1.542672745745558016e+00
-3.603690854738383909e-02
6.872967413737347542e-01
1.394200853675140017e+00
6.115308903937574092e-01
3.514929029516977721e-01
-4.939238755010380566e-01
-2.171088656397675454e+00
9.062320291334121647e-01
9.376124352819220631e-01
8.609151746551357842e-01
-3.361423030537650375e-02
-6.222261690319184080e-01
-2.468536649612464995e+00
1.195310812652766286e+00
7.751015630534195955e-01
8.587996458648697873e-01
3.457391032864142177e-01
-5.249870836653326434e-01
-4.472247659872871650e-01
1.212071960512055568e+00
-1.186150822509789649e+00
-1.156088821866686350e-01
-2.395687918679303696e-01
-1.704701928531801691e+00
1.048550231915402975e+00
8.438781112171965804e-01
-3.424690727748722074e-01
5.339872071751210481e-01
-7.065569562486730959e-01
-1.678198533864688979e+00
2.069942506920758041e-01
3.004599240258946230e-02
1.409274871227341741e-01
-8.218552815724804450e-01
-1.743509807151265578e-01
3.532318184833558861e-01
4.424318101130910730e-01
1.765135170687588850e+00
3.796660792590962896e-01
-1.135542269606772736e+00
7.674098457366121950e-01
2.012061473037083381e+00
2.638657104765192996e-01
2.767525974177048043e-01
-8.475181367110916630e-01
-5.368030824730277706e-01
1.542416193533741486e+00
9.925149171636478140e-01
-6.801529454434083188e-01
-5.824815516028346574e-01
-5.652578572414902469e-01
4.519414342303901821e-01
4.729558544551996646e-01
-4.845462962011009567e-01
-1.317915531963762543e+00
-1.231775704409952876e+00
1.789297488976075323e+00
-2.814574223881341486e-01
-1.033501423228467553e-01
5.798373155184077810e-01
1.316960562807788226e-01
1.379927090122166633e-01
-4.165028398130157100e-02
1.281539556122423651e+00
-1.358701556149971790e+00
3.394561740336039524e-01
-1.341410624284417263e+00
1.298913327786774541e-01
-1.296801346995859694e+00
3.609749113852142588e-01
-5.832134638722415998e-01
3.301059590478210848e-01
-4.565743247555053008e-01
8.545754051848598598e-01
9.368881348846629376e-01
1.205643261274398137e+00
5.910906780826568063e-01
1.122621982438250399e+00
-2.505239542745505976e-01
1.553567430783666214e+00
-6.913173118778917492e-02
-1.102187589733548967e-01
-1.079507848053371077e+00
-1.406908325833441664e-01
-2.618532350828262634e-01
8.840049762200568040e-01
3.905877143253799061e-02
6.145256765205976690e-02
