-3.377842982513470926e-02
-1.310028886511750423e+00
-4.153047585360194471e-01
-8.568696228125696202e-01
8.053456650975900910e-01
1.112895354410166737e+00
-1.019729942903382591e+00
-1.586216109297804211e+00
3.804040464460574089e-01
-4.706465130333474800e-01
-1.069752436248512906e+00
6.223929655594449828e-02
6.644627917915431059e-01
3.227886171217910216e-01
4.197786234760096380e-01
-1.187365360825595878e-01
-1.064069599623527623e-01
1.373072602988649527e+00
-1.210949203666538576e+00
-1.445820327450881626e+00
1.014785415781134237e+00
-1.479015316246867551e+00
-7.517591034648500870e-01
-3.698848132088670138e-01
9.647141904510817545e-01
-3.866148955440862900e-01
9.219900056381848952e-01
7.985271125066150111e-01
5.887708497484740455e-01
8.647044158965101479e-01
-4.479943694881530769e-01
-2.092193007735398957e+00
2.008985144178565108e+00
9.476920913854640638e-01
5.368919376387806253e-01
-1.484663482341058272e+00
1.273040766516653433e+00
7.843533045190511643e-01
-6.386558478428202568e-01
1.871243060650431778e+00
6.618303198916999364e-01
7.618365536944034233e-02
-1.517107815967711382e+00
4.616257889847396045e-01
-1.156106237698798278e+00
5.623565765729322541e-01
7.688155136366772169e-01
1.190198830263108798e+00
5.651058119893199727e-01
3.642245071443591109e-01
-1.610350112139125489e+00
1.016251662860528482e+00
-5.469065844322473779e-01
-1.767214765486189720e-01
-3.420093737045685200e-01
-8.748921509756056869e-01
1.624378459861207435e+00
-8.423189546474982858e-01
5.782630244850126555e-01
-1.320163251939413529e+00
1.373853908960641190e+00
-4.483218865908255024e-01
-5.260588564062512740e-02
-1.224116058492834336e+00
4.462874456239752652e-01
-9.266546745592163514e-02
3.485382664180707718e-02
-4.408597181171172025e-02
-1.278734834755593130e+00
1.722576359770419119e-01
-2.877841540382841679e-01
-4.130059991709745804e-01
-9.878574283486472041e-01
-7.720505750628479935e-02
1.239038302747876158e-01
2.765500169571093458e-01
6.092144869366986765e-02
6.658622940051722727e-01
-1.412584838507910945e-01
-9.505981349424891952e-03
1.539175381605575987e+00
9.468662292297672645e-01
-7.188782305554178853e-01
-1.609682164893901438e-02
3.023934292944939761e-01
-2.378274263917487641e+00
-1.229221021390650703e+00
-9.715537864837388016e-01
1.936026376013494366e+00
8.322882337319429391e-01
9.427731438287265120e-02
1.492100496020437317e-01
-1.172934453970308072e-01
-8.585950258419869918e-01
1.269732784431794492e+00
-1.492703028468861159e+00
-3.097867727678729755e-01
1.432604759350973866e+00
6.589488142104834578e-01
-1.604388829802961824e+00
-1.082152754355939051e+00
-4.722806483559307544e-01
-5.471365904448159956e-01
8.377866510666903688e-01
2.976384145719939145e-01
1.086405645254601593e+00
1.607974976452286375e+00
-4.624149350644817247e-01
-3.738641902019943508e-01
1.335492797205935778e-01
1.031129532875216359e+00
-4.382414192011723220e-01
-3.689147850469142731e-01
-1.299602340077110896e-01
-1.842552040725866369e-01
5.787503984044400918e-01
3.135192896701673337e+00
-1.362191605815380901e+00
-9.812377654175493680e-01
1.038889953800374411e+00
3.046194996082042805e-01
2.545530856336946091e-01
-9.216248587372253276e-01
5.679319972735262789e-01
-5.268227483671292233e-02
-1.406914440908789032e+00
-7.893220283890072242e-01
4.912167231645340332e-03
2.259798359888884056e-01
-5.037498926475970640e-01
-1.212214651518830205e-01
-7.767306514360550196e-02
3.576012016471427635e-01
-4.787240884788726558e-01
2.229744918657955988e-01
1.687030483760445232e-01
-1.292426093378297725e-01
6.744271493074219803e-01
-1.068822494874295925e+00
-9.543408981965343374e-01
4.998013125551816205e-01
6.534445417515595267e-01
-1.777379709945326347e+00
5.135386478953410938e-01
-5.456619761818336939e-02
7.304460060501584140e-01
-5.475874268716512949e-01
1.447598316423072684e-01
2.134332562144353740e-01
2.128846573320739288e-01
-8.473457145277697444e-01
5.699479300552650063e-01
-4.502124312870799949e-01
1.477494076732007722e+00
-5.980705825730621150e-01
1.102490096597222857e+00
-6.459870716679448899e-01
-8.013476907080747669e-01
3.067266059498403585e-01
-2.503027635114614569e+00
2.001958929456895131e-01
-8.853700094513045071e-02
1.234259824313929110e+00
-3.523054119493332914e-01
-1.711227591740273890e-01
1.401509473913747916e+00
-8.186749735421179619e-02
-9.305169306586508204e-01
4.161193408465796439e-01
-2.539237426943716236e-01
3.191664250255918378e-02
7.422064963448060659e-01
1.718393024949031345e+00
1.001499394795303033e+00
1.902027119145980882e-01
-5.799399672359998315e-01
-1.338260686347018114e-01
-4.014304641788820072e-01
1.844433146865053441e+00
-2.637472208750432645e-01
-3.751734421652022644e-01
-2.695216174846742918e-01
-4.465213459052805312e-01
-7.329772326410625150e-01
-1.310533590126777614e+00
-2.227882283200575686e-01
-1.322456575461862016e+00
-5.859560957226886968e-01
8.518031891256311328e-01
6.645174755843585856e-01
2.152297248010726527e+00
2.464810656851512405e-01
-4.196856697684193116e-01
-9.667617935189507516e-01
-9.297956542146880166e-01
-6.282049518290876156e-02
-1.875576041585438614e-01
7.154039230830455676e-01
-1.271581962642757135e-01
-6.645497317961499006e-02
4.608319443636174073e-01
-4.752924035892301391e-01
-8.821004421516579486e-01
-1.768772139169057511e-01
5.519097435603002033e-01
-3.069323614738897477e-03
4.192514081693602401e-01
1.119228262657012696e+00
-5.587287946534945648e-01
-3.379165623526094175e-01
1.362841803084614334e+00
5.342691361381447512e-01
-9.824227907007744565e-02
-7.296673650660591426e-02
-2.140863409848076382e-01
1.513576344367564483e-02
1.819908842342041533e+00
7.809852817104924461e-02
-7.739124242993374869e-01
7.340772178430026162e-01
-3.334708876755955453e-02
-1.883871771323096245e-01
-2.782169034017428766e-01
-9.235363613028095831e-01
-2.438685202263654594e-01
2.427216413010920615e+00
5.502186745988710964e-02
5.675402433978233852e-01
-7.590350944953669909e-01
7.089069160639768219e-01
4.754471908030285521e-01
-5.354175238302131268e-01
-1.599738235513512130e+00
-2.623136907448824662e+00
-1.033507190699408218e+00
-9.169263689357810554e-01
-6.128192006427272132e-01
4.365220675265207850e-01
1.844022265955352013e+00
-2.822373445299408701e-01
8.252887943950790728e-01
2.077112371484357123e+00
-1.344162282206194714e+00
1.626604813141059980e+00
-3.180212531516956598e-01
2.351359454539758698e-01
7.128228220031467277e-01
1.504137619551111360e+00
7.186110818394183530e-01
9.500581058180466165e-01
-9.628375718784251136e-01
-3.910662671632632592e-01
-2.949708679891364094e-01
-5.689451581801543423e-01
1.017923125674914830e+00
-1.218429957095649580e-01
-7.583880581155887368e-01
1.323231758353579979e+00
1.292705326052401016e-01
1.978443681759176898e-01
-1.384585444071576577e-01
1.457959160298404111e+00
6.263148445480337667e-01
-7.392657197575700501e-01
-2.685823134472652973e-01
-6.720891037203966523e-01
-1.046033741327786704e+00
-3.877095523685770151e-01
1.175065699314486123e+00
-8.478919361427487145e-01
1.536032819629562229e-01
6.989357350405877023e-01
2.175233000484926293e-01
1.648254084304951461e-01
1.220379630735162202e+00
1.449356630058077799e+00
3.003539361197345436e-01
1.196262506453537711e+00
8.081808592050120088e-02
-1.185372935006019368e+00
5.632948723115953626e-01
-5.882165460303755422e-01
-2.120901194818728130e-01
-8.657489240696834010e-01
7.057281863448919834e-01
7.762784437599097309e-01
6.314611382361960956e-01
-4.397411901150281577e-01
-9.399911137347295442e-01
4.558603313488309716e-01
7.478960403982923832e-01
3.079166300052581587e-02
-1.818340443954984398e+00
9.415865582990468052e-01
-2.176585312407493256e-01
1.194342349721174285e-01
-7.465847248194435772e-03
-5.163351868006039319e-02
-3.146075221457232396e-01
1.943558640784459834e+00
8.362729791300155258e-02
-7.702443666698106650e-01
-5.070803127547882649e-01
4.900770920154031707e-01
-1.000092074573730283e+00
1.085700152923834150e+00
1.904217207987027871e-01
-4.314375152826226828e-02
1.312218898953754653e+00
7.251951618570774416e-01
1.185020357235940305e-02
4.514419524452677468e-01
1.789821340804365890e-01
6.155119222987334160e-01
1.239369376812733399e-04
1.359943524627650113e+00
-1.932924821469064400e-02
-2.137223318191363852e-01
-9.058156214824234498e-01
5.617203865223092674e-01
9.404145735957890606e-01
1.139507891893095870e+00
-3.107826278817067342e-02
-3.590184840649978670e-01
-8.279095781584673297e-01
-6.945147350502735017e-01
6.662523699011254630e-01
-1.059760285554764314e+00
-4.338988876311185017e-01
2.230014773173828679e+00
1.812431351297185467e+00
-4.716320483396982399e-01
8.600326138457656810e-01
1.439324783133431707e+00
-2.419030706790954166e-01
2.289001847486519803e-01
1.718375463073039899e+00
2.792548459469132785e-02
-2.706902790247535662e-01
-5.522060416631063839e-01
-4.962665857362267841e-01
1.637565308480981585e-01
2.004106924057313388e-01
-2.582665984838791173e-01
4.740020184776643775e-01
1.199328340592622638e-01
-1.306262568061464124e+00
-1.387944889146507599e+00
-1.340259704730837054e-01
-1.093529335299615379e+00
2.180095516085343854e-01
1.468951333599429476e-01
-4.198403137173464805e-02
-1.547659580689771941e+00
-1.414118934123042459e+00
1.737604958257900067e+00
-1.130163000114014604e+00
-8.454243136458300389e-01
-7.536007243395296262e-01
2.346258539993831271e-02
-8.349691771966141762e-02
5.180299925601767469e-02
7.643832477420727800e-01
-1.990651421001177757e-01
1.802150908916196337e-01
-6.385145143012178615e-01
-2.502767325528624243e-01
1.346874960002864441e+00
5.816703211638440951e-01
5.991648230556791965e-01
-4.868935805210704293e-02
-8.138163896925876273e-01
-4.278163772660072417e-01
-1.634613835795705461e-01
-2.701592955759134912e-02
-3.731269401840122124e-01
-7.187994691392833868e-01
-1.231655198958021780e+00
1.647028681120700888e+00
9.481418573862625543e-01
6.527795328772911798e-01
2.296572422367269883e+00
-3.175253898020717891e-01
1.270448918105525071e-01
1.054660317547561288e+00
-1.417911523802366958e+00
-1.548198958990073093e+00
-9.204962569462613597e-01
1.021373308594995422e+00
-9.002734817275995782e-01
-3.768135185766126327e-02
-1.048190181903472656e-01
-9.152736168827307894e-01
-1.900442994713599010e+00
1.663040536901711164e+00
3.742315885926185137e-01
-1.993507982821336455e-01
-8.061131517144535241e-01
-4.313193376759341668e-02
3.643689598114016603e-01
5.263835742106112159e-01
-7.404959875222733023e-01
-1.093772422421084523e+00
2.916982001311118733e+00
8.104132879923771071e-01
2.966929772646791919e-01
1.662716986704126487e+00
-2.979098441872157429e-02
9.178024019607662343e-01
1.468878760652530202e+00
-3.544960359714336984e-01
8.447809768736574965e-01
6.674295492194239898e-01
4.337180081863669101e-01
6.082088318753496869e-01
4.934277428496026130e-01
5.945987884308319080e-03
-1.317060218003646699e-01
5.410005940933403368e-01
-2.143226814971031846e+00
-9.671963319376706281e-01
6.043360100263789336e-01
-2.832426739705335983e-01
-7.072076282544178527e-01
9.300771416368203148e-01
-9.993676953492431903e-01
-1.134586778960669173e+00
1.123842635683781843e+00
1.584693221785220540e+00
-8.825087411367246726e-02
-5.275925503189228261e-01
-4.223920124563177447e-01
5.183485176129066785e-01
1.948662840153762843e-01
-4.900210576285720654e-01
3.168090021423459191e-01
