1.468071909751563808e+01
1.513375196608608597e+01
1.693072963056663482e+01
1.448922697533712878e+01
1.706829796905523366e+01
1.499893257719535100e+01
1.528654600767463911e+01
1.588764587987237498e+01
1.571099087227851854e+01
1.475786812219891075e+01
1.508111766924021246e+01
1.513375196608608597e+01
1.532295273269582481e+01
1.513789745237690809e+01
1.502490976076359530e+01
1.496795515036737712e+01
1.495447727462367737e+01
1.441419391226073365e+01
1.502367423857508832e+01
1.444140128514782973e+01
1.457165330778503787e+01
1.441419391226073365e+01
1.706370495673803944e+01
1.482776561758599421e+01
1.530590749340751699e+01
1.492209805407867051e+01
1.484795490173590160e+01
1.694811137320362704e+01
1.486131755464686677e+01
1.693072963056663482e+01
1.423550717438405400e+01
1.496134129696807769e+01
1.499893257719535100e+01
1.698689870262797541e+01
1.698263762145398204e+01
1.508111766924021246e+01
1.502367423857508832e+01
1.702081641010362389e+01
1.701466884146664427e+01
1.562400284836838971e+01
1.593804655428998807e+01
1.487125451743108862e+01
1.444140128514782973e+01
1.693072963056663482e+01
1.500972563890007905e+01
1.496695532837455644e+01
1.702081641010362389e+01
1.496134129696807769e+01
1.555614185728061472e+01
1.484795490173590160e+01
1.499893257719535100e+01
1.487125451743108862e+01
1.471073956161020391e+01
1.696392749294348334e+01
1.555614185728061472e+01
1.528654600767463911e+01
1.488630823389168256e+01
1.584356140244773670e+01
1.530590749340751699e+01
1.527389852730101438e+01
1.493089186179692263e+01
1.545218484258599112e+01
1.502938288946220524e+01
1.491785239712298505e+01
1.447589808728843863e+01
1.494864117549869142e+01
1.528131536418208114e+01
1.504639160604778958e+01
1.522383874562307504e+01
1.571099087227851854e+01
1.475786812219891075e+01
1.493358745903809748e+01
1.535801727217409862e+01
1.514623472586114872e+01
1.523254750427870619e+01
1.551143145474569707e+01
1.703819815274061966e+01
1.582428276563840086e+01
1.447589808728843863e+01
1.607052304803151088e+01
1.530590749340751699e+01
1.595131748515032832e+01
1.483653563249525931e+01
1.502333240005261494e+01
1.561807486869657779e+01
1.706829796905523366e+01
1.694811137320362704e+01
1.543376669669055090e+01
1.708878891731350791e+01
1.585241399698779219e+01
1.696392749294348334e+01
1.474724461313467749e+01
1.547359131118237840e+01
1.467356517844414476e+01
1.543033957920112087e+01
1.537101992304392972e+01
1.475786812219891075e+01
1.499893257719535100e+01
1.533685713659820671e+01
1.594030122668406690e+01
1.487125451743108862e+01
1.475811970520106264e+01
1.530277129182727158e+01
1.485062178247804354e+01
1.530674282640543282e+01
1.688389720526958016e+01
1.502367423857508832e+01
1.514378103826881450e+01
1.514880568254667992e+01
1.499893257719535100e+01
1.698689870262797541e+01
1.557490455477987368e+01
1.481271190112540026e+01
1.514844685655863188e+01
1.487125451743108862e+01
1.700834239625116240e+01
1.501398629365594495e+01
1.571099087227851854e+01
1.446145121183141313e+01
1.520420704480243401e+01
1.471157259599580769e+01
1.700183584483747268e+01
1.477292183865950470e+01
1.501507308586501921e+01
1.486588141610055658e+01
1.566619918257391930e+01
1.458362224568982946e+01
1.577821628429048317e+01
1.487125451743108862e+01
1.702081641010362389e+01
1.462251944091659617e+01
1.569790711220218604e+01
1.472833704525949727e+01
1.499893257719535100e+01
1.466174008732202871e+01
1.527083391507306587e+01
1.499893257719535100e+01
1.530590749340751699e+01
1.569201018584369756e+01
1.493358745903809748e+01
1.603875964788073816e+01
1.570328504430122152e+01
1.454748637784020104e+01
1.477201391510385164e+01
1.513949175052716356e+01
1.701466884146664427e+01
1.528093314350693888e+01
1.490219692990375577e+01
1.566297055723544140e+01
1.580107765181550761e+01
1.575285382392102562e+01
1.515615073231660759e+01
1.531377526995470006e+01
1.708108244219691940e+01
1.520719105656871939e+01
1.440009658758130939e+01
1.449423574304966778e+01
1.499203430492010369e+01
1.524965359317389080e+01
1.496134129696807769e+01
1.508901935673234185e+01
1.470653177702662795e+01
1.690506117806888398e+01
1.508111766924021246e+01
1.515615073231660759e+01
1.703257983612090953e+01
1.526500150674477396e+01
1.570816164823356864e+01
1.585241399698779219e+01
1.590725777591428169e+01
1.462646351162504743e+01
1.693669955224482138e+01
1.496134129696807769e+01
1.490279868066239111e+01
1.557943898329326338e+01
1.462646351162504743e+01
1.532448475943890642e+01
1.516583444512560419e+01
1.703257983612090953e+01
1.701466884146664427e+01
1.697361817720105037e+01
1.552196273946966265e+01
1.705894413441968993e+01
1.508111766924021246e+01
1.517120444877720153e+01
1.449576243060339564e+01
1.600339167244724337e+01
1.475811970520106264e+01
1.707698548216496448e+01
1.470370255298167805e+01
1.463972521890304535e+01
1.481271190112540026e+01
1.539048895195801592e+01
1.501398629365594495e+01
1.462866948990528115e+01
1.698827750493665789e+01
1.453783307834114602e+01
1.528093314350693888e+01
1.607052304803151088e+01
1.481271190112540026e+01
1.602543513874577741e+01
1.697398398480656923e+01
1.499410075226989747e+01
1.467981466238405730e+01
1.551720958710098053e+01
1.512588433446184411e+01
1.486300861819649555e+01
1.481271190112540026e+01
1.530590749340751699e+01
1.499893257719535100e+01
1.540284952678884700e+01
1.506606395277961852e+01
1.527760337189450368e+01
1.441419391226073365e+01
1.693669955224482138e+01
1.458432252258665862e+01
1.502367423857508832e+01
1.547347969358884257e+01
1.691825561671416978e+01
1.493417462893942016e+01
1.585241399698779219e+01
1.482360131098673506e+01
1.428853977704785372e+01
1.599861191154037066e+01
1.481271190112540026e+01
1.520449024464371490e+01
1.502367423857508832e+01
1.423550717438405400e+01
1.508111766924021246e+01
1.508901935673234185e+01
1.571099087227851854e+01
1.453243266137960710e+01
1.490279868066239111e+01
1.490279868066239111e+01
1.581714014559012504e+01
1.552674790371788660e+01
1.485345217888183100e+01
1.499893257719535100e+01
1.521582071387052792e+01
1.593804655428998807e+01
1.533334641605704718e+01
1.523889246208366899e+01
1.570816164823356864e+01
1.562946844496870291e+01
1.458362224568982946e+01
1.515615073231660759e+01
1.700834239625116240e+01
1.487125451743108862e+01
1.506606395277961852e+01
1.503018048448467781e+01
1.499893257719535100e+01
1.485691497587416166e+01
1.570816164823356864e+01
1.571099087227851854e+01
1.708501651070653082e+01
1.479838937111417785e+01
1.512733921981760155e+01
1.697361817720105037e+01
1.550943906558429219e+01
1.514140201426987353e+01
1.698689870262797541e+01
1.529085377694692305e+01
1.506606395277961852e+01
1.489604094146097424e+01
1.562697853616848676e+01
1.589043897069932321e+01
1.701466884146664427e+01
1.704891414130069549e+01
1.488929391450957951e+01
1.698827750493665789e+01
1.541628213303742356e+01
1.481271190112540026e+01
1.707698548216496448e+01
1.486287994868313689e+01
1.585241399698779219e+01
1.596035524003066008e+01
1.477292183865950470e+01
1.493370525920034453e+01
1.499893257719535100e+01
1.705401427248047597e+01
1.544535657946179796e+01
1.569201018584369756e+01
1.480308497914600352e+01
1.484165968363394228e+01
1.463757315737719011e+01
1.477292183865950470e+01
1.458432252258665862e+01
1.530590749340751699e+01
1.574249276025706479e+01
1.569258372698828730e+01
1.444140128514782973e+01
1.578463537036040343e+01
1.521582071387052792e+01
1.703819815274061966e+01
1.444774629880415517e+01
1.465851146198355082e+01
1.559030830539227708e+01
1.695355573172365382e+01
1.521263895111485986e+01
1.487125451743108862e+01
1.504303119874960259e+01
1.481167227302421097e+01
1.574037813875830238e+01
1.703257983612090953e+01
1.469144611151250501e+01
1.542444915571301500e+01
1.600339167244724337e+01
1.487125451743108862e+01
1.540423675695903682e+01
1.453953702408813164e+01
1.700183584483747268e+01
1.565629139333918296e+01
1.557490455477987368e+01
1.481271190112540026e+01
1.563628482999617830e+01
1.501398629365594495e+01
1.500160900330966030e+01
1.462646351162504743e+01
1.503872795503568227e+01
1.491785239712298505e+01
1.490279868066239111e+01
1.487125451743108862e+01
1.534239013607338009e+01
1.593804655428998807e+01
1.587571361268297920e+01
1.447650492829200708e+01
1.561807486869657779e+01
1.570985717836753004e+01
1.570816164823356864e+01
1.493358745903809748e+01
1.496134129696807769e+01
1.566297055723544140e+01
1.503872795503568227e+01
1.508111766924021246e+01
1.565124324352412266e+01
1.458362224568982946e+01
1.522383874562307504e+01
1.565629139333918296e+01
1.593804655428998807e+01
1.494864117549869142e+01
1.497274571923254527e+01
1.700231411210057075e+01
1.486300861819649555e+01
1.487125451743108862e+01
1.705401427248047597e+01
1.700834239625116240e+01
1.440009658758130939e+01
1.488630823389168256e+01
1.439914019580013971e+01
1.517120444877720153e+01
1.441419391226073365e+01
1.516560922314640081e+01
1.535287368379393413e+01
1.461361577344468721e+01
1.542232441590471126e+01
1.453243266137960710e+01
1.540512489287436182e+01
1.703257983612090953e+01
1.575305733677243047e+01
1.465851146198355082e+01
1.701219973757220316e+01
1.458432252258665862e+01
1.475786812219891075e+01
1.696885735488270086e+01
1.450428069179772272e+01
1.549036235430473241e+01
1.528020092747325798e+01
1.476365195798113383e+01
1.708878891731350791e+01
1.479210167872770043e+01
1.458670702424563181e+01
1.523889246208366899e+01
1.487125451743108862e+01
1.501398629365594495e+01
1.515828394953374669e+01
1.532411335656390960e+01
1.541338512602281341e+01
1.506606395277961852e+01
1.514140201426987353e+01
1.693072963056663482e+01
1.511397277281626117e+01
1.499893257719535100e+01
1.471655029116203828e+01
1.516212906845152730e+01
1.477292183865950470e+01
1.521582071387052792e+01
1.514880568254667992e+01
1.453243266137960710e+01
1.493358745903809748e+01
1.690506117806888398e+01
1.430945826474905402e+01
1.555116060227901364e+01
1.477292183865950470e+01
1.499893257719535100e+01
1.585688412480098286e+01
1.545218484258599112e+01
1.704891414130069549e+01
1.481271190112540026e+01
1.597379135210515422e+01
1.693072963056663482e+01
1.536952953214241191e+01
1.704891414130069549e+01
1.506606395277961852e+01
1.592039690992856116e+01
1.707698548216496448e+01
1.479661855656361702e+01
1.710228651710919223e+01
1.587571361268297920e+01
1.508916284385439788e+01
1.694249305658391691e+01
1.523889246208366899e+01
1.514880568254667992e+01
1.487459218669278016e+01
1.494513340865306006e+01
1.515615073231660759e+01
1.696885735488270086e+01
1.504947753706429481e+01
1.688389720526958016e+01
1.508901935673234185e+01
1.537101992304392972e+01
1.600533642040939597e+01
1.476365195798113383e+01
1.700183584483747268e+01
1.435131450561083888e+01
1.705894413441968993e+01
1.693669955224482138e+01
1.535596620658333578e+01
1.571955522450569376e+01
1.706370495673803944e+01
1.541033990705569323e+01
1.521899781569316090e+01
1.483733139267166656e+01
1.600339167244724337e+01
1.508111766924021246e+01
1.524648552265313128e+01
1.549391730432382630e+01
