-1.427523860182310367e-01
-1.029631276605759815e+00
-2.522858494036470112e-01
-1.376323054937407475e+00
-1.807137230809571227e+00
-4.159705607495318147e-01
-4.941382740154412478e-01
-3.181262259282312543e-01
3.323598098824533109e-02
-5.542936270390367293e-01
1.994375459273452167e+00
-1.469143241185235649e+00
1.894664922045439681e+00
1.355512918770289454e+00
-1.297483809859811821e+00
4.152301376229954322e-01
6.662770246380212980e-01
-1.130834738036501919e-01
-4.910605191978607009e-01
-1.249610644112072677e+00
-7.295270713548592800e-01
4.578958769952804625e-02
-7.177695644974204647e-01
-9.525540622248153400e-02
7.282564995111591444e-02
-5.811866868388976259e-01
7.917922777664972989e-01
-1.185404601104878969e-01
5.587658876667729313e-01
-7.569832514986036820e-01
3.472065741074937262e-01
-8.698294292930115468e-01
-1.153489255212596598e+00
-7.171712093998309223e-01
1.886853979316319152e-01
-8.422038913863739984e-02
-3.207104081101073145e-01
9.022745611239441077e-01
-8.338200153839314677e-01
-6.746872971917431405e-01
-5.406338990103206621e-01
-1.140475568373634063e+00
-7.948475284761009618e-01
1.525729499578046267e-01
-2.086651600055724198e-01
-3.239507378472832322e-01
8.665390590181507036e-02
-1.031762497046825660e-03
-4.551889329370743531e-01
-6.677601660725532851e-01
-5.287700335952080083e-02
1.028871947992156199e+00
8.568573824409203565e-01
-1.865664329706339553e+00
-5.705908507104999750e-01
3.125592315414535416e-01
7.164377561556385665e-02
-3.209009280303132261e-01
-1.150886414697057658e+00
-6.098498037281395723e-01
-2.668424251305164252e-01
-4.476608186812520151e-01
-4.862828365072218717e-01
-2.492915206549302376e-01
3.132240567856381386e-01
-6.007567183191804272e-01
8.219650115524189393e-02
4.925528763079307648e-01
8.519191968466588438e-02
-2.435980474032040932e-01
-6.576583205574612068e-01
8.789174274104875895e-02
-4.140360889894773022e-01
-1.418883745913072647e-01
1.360338475726589336e-01
1.271919361677805949e+00
-6.838224753350851115e-01
3.978890791837070839e-01
1.959477764297108682e-01
3.514389294517106938e-02
-3.564314672360894276e-01
-6.447294310796936045e-01
-2.494703905469873861e-01
-2.740416796948365041e-01
1.973635946391598395e-01
-1.893195202179332570e+00
-7.263913624414222170e-01
-9.088414959042721009e-01
5.927466213566762177e-01
-5.195480822704037216e-01
-9.949650311592037055e-02
-1.175550019544696179e+00
-9.835120598327674601e-01
-1.087628911520805541e+00
-5.451882559604561695e-01
1.117241716493709847e+00
3.933168759419314875e-01
1.330137699346936077e-02
-6.129937589889209448e-01
8.992915407883780299e-01
-1.901210090010629628e-01
-5.376571978101212235e-01
-4.185729382007790100e-01
-2.117583787248231708e-01
-3.688937771932069842e-01
1.487274399229590705e+00
-6.897941943180181390e-01
2.478244082588295372e-01
1.951045326624162302e-01
-2.754607400622638980e-01
1.215822680834572622e-01
1.744486778006308636e-01
1.580716544916060950e+00
1.165806195789083066e-01
-1.226920957566848047e+00
-1.362928173006582977e+00
4.259061817755800394e-01
-2.320587569519146909e-01
-1.148665687213598074e+00
6.707713553291182185e-02
-5.633664830583072769e-01
5.738660593784065123e-01
-3.135711698931595293e-01
-4.287647338807972774e-01
-4.401219960931548325e-01
-8.335876077297744713e-01
-5.284593057779669589e-01
-8.959694176775209185e-01
1.311016101847208848e+00
-2.113938481945056569e-01
-6.770165800611859241e-01
-7.432481123548856372e-01
-4.762685830917543495e-01
4.390887207688962124e-02
8.041958588767697536e-02
-5.846932646232543274e-01
5.599122294894570695e-01
-7.914815586415940851e-01
-1.105183141353825560e+00
-9.008497844379198538e-02
-5.116811054982384199e-01
-2.584393001917516530e-01
-3.977435822037852509e-01
-5.192600374290054499e-02
1.146993783282188373e+00
-1.843083431550475382e+00
-6.444024948858966262e-01
1.154805891965137860e-01
-1.304350000671695708e-01
-3.522187387157881822e-01
-7.546398955640917228e-01
-5.013608735920391801e-01
-2.469150619843686889e-01
1.510381147018012293e-01
-1.055202828374518287e+00
9.389822549115782735e-01
-1.078632658180929571e+00
-7.863386113266546129e-01
-4.335663083539145202e-01
-8.649348406119352628e-01
8.004057298722387914e-01
-2.279150180758175437e-01
-2.706222002523634540e+00
-7.417610617254480898e-01
-2.798654741072564844e-01
1.145999067724076254e-01
4.863017617177933793e-01
2.083811698154649783e-01
-9.299109432851841717e-02
-3.429958528930014405e-01
2.460948432502070571e-01
-2.716886551137466910e+00
1.007463585676229512e+00
3.244671204800254199e-02
4.839522450972154055e-01
-1.064560677182907700e+00
-1.222944122697944058e+00
8.170295988948739208e-01
5.488342952151026299e-01
4.564469983787578650e-02
-4.956895897432039844e-01
1.287218892930903857e+00
6.222750061152300116e-01
-2.848296726549363611e-01
1.512784106002224238e+00
-7.513769615435362814e-01
5.547880096765512858e-01
9.029941810749501918e-02
1.264659480005878300e-01
-1.157779464233769762e+00
1.615727295868596203e+00
-5.506515220128795907e-01
-7.714162474882625409e-01
9.196437422387669924e-01
1.058511277546724250e+00
-1.464442380580547043e-01
-6.451664209244702963e-01
-6.483385388545929162e-01
-1.656350755264099361e-01
5.174980336347712040e-01
9.078396140426614469e-01
1.598210319008124269e+00
-1.284708686618579510e+00
-1.026380276155650417e+00
1.093918649681620142e-01
3.945189491935757742e-01
-6.120908805142374204e-02
3.702021694683710340e+00
-6.108528121763646679e-01
2.232511757638346583e-01
1.831486098107008909e+00
-1.499743438930153105e-01
-1.632508166421978990e-01
-1.103418898786418412e+00
-2.569292368937352578e-01
7.200446317418524728e-03
1.024522420290279179e+00
-8.261225872980043627e-01
5.413462295106626909e-01
-1.642940381253881643e+00
1.030698170757777143e+00
4.060913182767328378e-01
-1.904784561485418637e-01
-7.195328747470217667e-01
-7.278685010511495301e-01
1.772711408656673926e-01
-1.996783633109014688e-01
5.278006098991755435e-01
-2.488814310050327938e-01
1.124477814643038309e+00
-6.632299541024855305e-01
-5.540705697434423760e-01
-5.603554979075365816e-01
2.178097274552558638e+00
-9.022158264124591209e-01
-3.758088035820890682e-01
-6.095972500876194466e-01
2.139881013467255677e+00
3.577641902132829288e-01
-1.636208614831503039e-01
1.828226523546333304e+00
-9.231477189602778077e-01
-6.577194856666267464e-01
8.266845713265690287e-01
4.946526380595666628e-01
-7.107468195430621805e-01
-1.642678823383542541e+00
1.012992404982305361e+00
1.290820342343123109e-02
-9.046827954856170306e-01
8.478128488587206857e-02
-2.401395604455898725e-01
-1.333832505725893181e-01
-4.268169530437883608e-01
6.401564676054309899e-01
-7.208708033772707191e-01
1.629504876266104352e-01
-2.663498575046770345e+00
3.421913993804005794e-02
8.913522146406907543e-03
-2.206527865237459529e-01
-1.137850529282822543e-01
-1.291377497085231862e+00
-6.083512600663253389e-01
-1.336241015963067769e-01
5.885083416353552588e-01
-6.859677064636410249e-01
1.640302930797132630e+00
-1.271304501945623722e+00
-7.639381643671392386e-01
3.467676612781081413e+00
-8.598047472239248590e-01
-2.056500664961927516e+00
5.535968309892815853e-01
-1.747734811504167429e-01
-7.577166481532069398e-01
3.726216107498047519e-02
8.969447195680313456e-01
-1.340678491079511092e-01
-6.850348872090656904e-01
-1.208781759557238322e+00
-1.803744758502297652e+00
-2.329033008482864486e-01
-1.011670047208630852e+00
1.115642268002744686e+00
-2.423639569332546873e-01
-1.705343079411658636e-01
-3.243758483936111103e-01
-5.328501884026694002e-01
2.176274380929574370e+00
1.121889546696481110e+00
5.177045834841791372e-01
-1.559923708015934718e+00
6.035587469533956195e-01
6.446047747625843760e-01
-1.770920552079401356e-01
3.306173796823172473e-01
1.626473999127061865e-01
-7.702922193042467391e-01
5.100286523587725940e-01
-9.279132540359624759e-01
-3.929416533286265723e-01
-3.230489548311543668e-01
-3.347538410651680785e+00
1.885781481636156665e+00
9.686857594015635398e-01
3.046564067058115111e-01
-5.885680844368389175e-02
2.320763100570559789e-01
-3.385519042244451993e-01
3.866258881418306592e-02
-7.510932267414864860e-01
4.330164383208072974e-03
2.957804759330788236e-01
7.481025538519052720e-01
1.924286822798917163e+00
-4.546829070282513707e-01
1.728751790522763121e-01
-2.122406594655497636e-01
1.328166476399717522e-01
-6.839232413897279317e-01
5.515566529410631524e-01
8.066992650562713196e-01
-1.957039353972261919e-01
-3.714777449336025272e-01
-3.528730735116135664e-01
7.270895402666686103e-01
1.062354722708920063e+00
-5.167251769437696679e-02
6.927115051491194997e-01
1.581219085991734108e+00
-4.771807933336206786e-01
8.154102732442041201e-01
-8.422038913863739984e-02
-1.061836450973610985e-01
-5.532498835441580498e-01
9.549221554173775717e-02
-3.236523190829628249e-01
-1.138857391304269467e-01
7.560981415353833501e-01
3.348824277165747265e-01
-6.620689050169019374e-02
-5.953080601478858425e-01
-1.800507536329418179e-01
-4.148411291823753816e-03
-2.103330761335088894e+00
-8.024098096242489042e-01
-2.014217030313073808e-01
-9.083354200634947695e-01
4.306107796857720493e-01
-7.951977794701361457e-01
-9.824868522648460001e-01
-1.061687294436238771e-01
-1.336179999442635713e-01
4.778001276466408709e-01
1.584117285091524441e-01
-7.601049992534708588e-01
-5.995905248885401162e-02
6.311783932569463573e-01
8.568983953862169267e-01
-1.821013280537195023e+00
-4.685840682362509835e-01
-7.033264950656276104e-02
7.364099250264283247e-02
-1.158501378869974674e-01
-3.248748943137749201e-01
-3.755949437000058455e-01
-3.766288141278891222e-01
-3.303626084510107308e+00
1.078368960915186969e+00
-4.283534078016814628e-01
-4.884247948789665061e-01
1.628655042150423560e+00
-3.558879983052862794e-01
7.546305526952027387e-01
-9.803703990563511494e-01
-3.816425416804353765e-01
-2.663380886557945582e-01
-6.123272181997332364e-01
8.177022598468451642e-02
2.662079836875718364e+00
1.070919618604790013e+00
4.136205866537276954e-01
4.065720506840284076e-01
-3.530069229454602109e-01
-4.338219635014683440e-01
-6.548693974272821183e-01
2.294066867244215768e-01
-3.018434207687393789e-01
2.264009487326985037e-01
1.309193358270655805e-01
-7.666444346320108183e-01
-1.055101844894964280e+00
-3.006166639224376880e-01
-7.496202401557310324e-01
-3.520713069548405127e-01
3.097949615098418708e-01
-5.901612581959034820e-01
-5.802990673533795496e-01
3.285197084111066701e-01
-1.171659685680868312e+00
-7.885556003865371588e-01
-5.421832841489785393e-01
-1.568188718277531590e+00
-1.595848727010381163e+00
6.995145193696056252e-01
4.466523312826098935e-01
-9.839733343855546766e-01
-3.668840890130983801e-01
-4.486628017433387794e-01
-8.572812178123088156e-01
2.766728190101604146e-02
-3.655133613523400271e-01
2.808174764201092355e-01
-9.622997322567958811e-01
-5.396384943952562407e-01
-9.953514849641480200e-02
1.241586746150579040e-01
-8.373820576594833698e-01
5.005852067517541082e-01
4.161439812274967953e-01
-1.261569162504262431e+00
2.016077010422015481e-01
-5.078254132804685961e-01
6.350842895801249721e-01
-6.094531586826988923e-01
1.648512525696619990e+00
-2.630882541098901184e-01
4.092907195687512933e-01
1.561400261134435974e+00
-4.117812997347217174e-01
-6.812476573059763618e-01
2.081775906927051667e-01
-5.305355229710075893e-01
-1.024064333416299322e+00
-1.132724285922754426e+00
