1.422688467673728141e+01
1.507926511346448351e+01
1.735864796737322990e+01
1.381002753463663169e+01
1.732474141515318422e+01
1.478571934713666636e+01
1.466345301027952175e+01
1.574777672011714813e+01
1.546356250908073093e+01
1.430296836461969079e+01
1.397814382591416837e+01
1.507926511346448351e+01
1.472146413657976360e+01
1.506866692866833368e+01
1.484178858068663409e+01
1.472999573392852390e+01
1.470382062338941687e+01
1.272534111960290915e+01
1.478542837151589495e+01
1.385164489172712443e+01
1.395717646915488785e+01
1.272534111960290915e+01
1.734350505919958607e+01
1.345938373836388635e+01
1.442066113575230979e+01
1.464142108325356695e+01
1.443717053412909834e+01
1.730281305439049788e+01
1.452634729730699803e+01
1.735864796737322990e+01
1.361715917000235088e+01
1.466003512531550612e+01
1.478571934713666636e+01
1.715295584453622268e+01
1.717175666817197666e+01
1.397814382591416837e+01
1.478542837151589495e+01
1.749285013688263746e+01
1.751141245333528929e+01
1.526759361316414498e+01
1.591009696033088439e+01
1.452583295580610212e+01
1.385164489172712443e+01
1.735864796737322990e+01
1.481180721292711233e+01
1.477142401033774810e+01
1.749285013688263746e+01
1.466003512531550612e+01
1.513706891672724630e+01
1.443717053412909834e+01
1.478571934713666636e+01
1.452583295580610212e+01
1.428077163466012145e+01
1.724677062846098252e+01
1.513706891672724630e+01
1.466345301027952175e+01
1.357534871028178713e+01
1.570864428006801283e+01
1.442066113575230979e+01
1.535625930460058264e+01
1.465829797417262448e+01
1.492063220785375854e+01
1.485064408135565373e+01
1.359358590787329213e+01
1.281896809790490188e+01
1.370074195648217596e+01
1.537263596148007316e+01
1.436301722254437685e+01
1.521346728297389106e+01
1.546356250908073093e+01
1.430296836461969079e+01
1.465122620200649095e+01
1.554766966943006246e+01
1.514034262041178458e+01
1.533135125775011964e+01
1.608898281477475223e+01
1.743701522389990188e+01
1.561958340096835407e+01
1.281896809790490188e+01
1.618749882976287680e+01
1.442066113575230979e+01
1.594105181619116429e+01
1.451589525440161843e+01
1.434193917426156339e+01
1.529110890859256067e+01
1.732474141515318422e+01
1.730281305439049788e+01
1.497991319486609463e+01
1.723065293876911142e+01
1.569604129245349355e+01
1.724677062846098252e+01
1.420535561481657716e+01
1.596444896246751277e+01
1.316411154952959173e+01
1.583404602006520356e+01
1.458469302888433283e+01
1.430296836461969079e+01
1.478571934713666636e+01
1.474425245178622745e+01
1.585676996075875955e+01
1.452583295580610212e+01
1.424006971294530821e+01
1.468899714132047407e+01
1.450640754697850099e+01
1.550671748252758597e+01
1.748801820155373576e+01
1.478542837151589495e+01
1.446549411442906496e+01
1.412878086794017030e+01
1.478571934713666636e+01
1.715295584453622268e+01
1.513787601371603664e+01
1.440986798388820134e+01
1.514509826366826850e+01
1.452583295580610212e+01
1.752994896374806544e+01
1.383523510161235315e+01
1.546356250908073093e+01
1.377134373540747347e+01
1.526730353959251474e+01
1.428228096857660745e+01
1.754845898085951816e+01
1.335248411909537758e+01
1.482235178979093071e+01
1.453488554964860135e+01
1.535024939698868884e+01
1.400018455807730433e+01
1.557415113493783565e+01
1.452583295580610212e+01
1.749285013688263746e+01
1.402317057397923961e+01
1.537039009501453179e+01
1.428669504198475337e+01
1.478571934713666636e+01
1.409137863866429541e+01
1.463922417082581973e+01
1.478571934713666636e+01
1.442066113575230979e+01
1.540125574742872949e+01
1.465122620200649095e+01
1.614380307428708861e+01
1.665175943832934280e+01
1.293848415894551884e+01
1.439360899752439948e+01
1.507192593789168278e+01
1.751141245333528929e+01
1.445049085937492528e+01
1.460343078289989016e+01
1.537346655337830015e+01
1.559776467859013671e+01
1.552286418561805270e+01
1.506283024094788914e+01
1.552401284312885288e+01
1.726833963150736651e+01
1.454684158521629733e+01
1.377545647472330081e+01
1.388961231606502622e+01
1.477703423980047504e+01
1.460740820681308527e+01
1.466003512531550612e+01
1.491992151664607391e+01
1.420469175075633572e+01
1.743273964789879216e+01
1.397814382591416837e+01
1.506283024094788914e+01
1.745565083490349778e+01
1.533672648878501654e+01
1.542531107810196822e+01
1.569604129245349355e+01
1.580294091172200055e+01
1.405371881142107782e+01
1.734006053214215015e+01
1.466003512531550612e+01
1.454407015339760534e+01
1.514622320821229629e+01
1.405371881142107782e+01
1.546978628109714116e+01
1.518271100177525490e+01
1.745565083490349778e+01
1.751141245333528929e+01
1.720930288969017852e+01
1.507260574151054477e+01
1.736224908255913491e+01
1.397814382591416837e+01
1.411234599542357593e+01
1.382717160896877218e+01
1.604459010546106157e+01
1.424006971294530821e+01
1.728715801404562669e+01
1.416644031977757479e+01
1.415503707932148458e+01
1.440986798388820134e+01
1.562543576404837076e+01
1.383523510161235315e+01
1.308175390474385225e+01
1.758539678613265878e+01
1.396710291123698688e+01
1.445049085937492528e+01
1.618749882976287680e+01
1.440986798388820134e+01
1.611186629635481182e+01
1.762222037106313977e+01
1.482574321166388565e+01
1.422527707457462931e+01
1.506371686525011455e+01
1.504417505524249421e+01
1.348668628860478513e+01
1.440986798388820134e+01
1.442066113575230979e+01
1.478571934713666636e+01
1.483918013147302695e+01
1.492862807143848158e+01
1.536442893375296670e+01
1.272534111960290915e+01
1.734006053214215015e+01
1.402381448557443377e+01
1.478542837151589495e+01
1.583735547723563464e+01
1.739574679423865788e+01
1.466461186187306787e+01
1.569604129245349355e+01
1.449112963655947794e+01
1.367581879285785362e+01
1.604878543537344981e+01
1.440986798388820134e+01
1.454314567104346168e+01
1.478542837151589495e+01
1.361715917000235088e+01
1.397814382591416837e+01
1.491992151664607391e+01
1.546356250908073093e+01
1.388896840446983205e+01
1.454407015339760534e+01
1.454407015339760534e+01
1.565379866587428914e+01
1.508157377026911483e+01
1.454846046920389213e+01
1.478571934713666636e+01
1.428645896624290579e+01
1.591009696033088439e+01
1.473846760854449300e+01
1.426298303744957785e+01
1.542531107810196822e+01
1.527823758480688277e+01
1.400018455807730433e+01
1.506283024094788914e+01
1.752994896374806544e+01
1.452583295580610212e+01
1.492862807143848158e+01
1.489855870651479819e+01
1.478571934713666636e+01
1.451812766843657876e+01
1.542531107810196822e+01
1.546356250908073093e+01
1.724950437732804787e+01
1.429066971646565065e+01
1.444633035591722070e+01
1.720930288969017852e+01
1.608212578209047905e+01
1.446267114459924308e+01
1.715295584453622268e+01
1.537114538127662300e+01
1.492862807143848158e+01
1.459173856905815292e+01
1.528204133230363304e+01
1.580783764332238484e+01
1.751141245333528929e+01
1.739967551817190028e+01
1.461807041505172755e+01
1.758539678613265878e+01
1.488010140208623433e+01
1.440986798388820134e+01
1.728715801404562669e+01
1.452926829265292774e+01
1.569604129245349355e+01
1.589903855643860631e+01
1.335248411909537758e+01
1.470537527360265706e+01
1.478571934713666636e+01
1.738097279797039008e+01
1.493189862947953372e+01
1.540125574742872949e+01
1.441906780957346790e+01
1.452573878785244510e+01
1.307268632845492462e+01
1.335248411909537758e+01
1.402381448557443377e+01
1.442066113575230979e+01
1.692643322715017007e+01
1.536009546706044482e+01
1.385164489172712443e+01
1.558720216143687587e+01
1.428645896624290579e+01
1.743701522389990188e+01
1.383290074172757933e+01
1.411459579505390494e+01
1.522024453680257494e+01
1.728415438639281376e+01
1.455435586077289933e+01
1.452583295580610212e+01
1.492470701296653068e+01
1.338840967474142829e+01
1.549778062662425526e+01
1.745565083490349778e+01
1.424602400478814523e+01
1.489455129388281485e+01
1.604459010546106157e+01
1.452583295580610212e+01
1.485893947975536555e+01
1.394542799057011173e+01
1.754845898085951816e+01
1.529042274144958391e+01
1.513787601371603664e+01
1.440986798388820134e+01
1.666006623032455281e+01
1.383523510161235315e+01
1.479583196591146432e+01
1.405371881142107782e+01
1.383494412599158174e+01
1.359358590787329213e+01
1.454407015339760534e+01
1.452583295580610212e+01
1.551108783200184327e+01
1.591009696033088439e+01
1.578470371413049556e+01
1.282085948988316026e+01
1.529110890859256067e+01
1.543674084377997424e+01
1.542531107810196822e+01
1.465122620200649095e+01
1.466003512531550612e+01
1.537346655337830015e+01
1.383494412599158174e+01
1.397814382591416837e+01
1.528080556820506786e+01
1.400018455807730433e+01
1.521346728297389106e+01
1.529042274144958391e+01
1.591009696033088439e+01
1.370074195648217596e+01
1.473932649695302999e+01
1.707758383358260801e+01
1.348668628860478513e+01
1.452583295580610212e+01
1.738097279797039008e+01
1.752994896374806544e+01
1.377545647472330081e+01
1.357534871028178713e+01
1.367582536512722413e+01
1.411234599542357593e+01
1.272534111960290915e+01
1.512562642147764791e+01
1.553557164986183459e+01
1.403223815026816723e+01
1.570426262866188516e+01
1.388896840446983205e+01
1.566133471595311200e+01
1.745565083490349778e+01
1.550766872288770593e+01
1.411459579505390494e+01
1.702089691645680603e+01
1.402381448557443377e+01
1.430296836461969079e+01
1.722804691304973090e+01
1.285954328911231670e+01
1.498622268319590667e+01
1.465360673593828444e+01
1.329831371903899750e+01
1.723065293876911142e+01
1.439921037830039729e+01
1.300669222363057465e+01
1.426298303744957785e+01
1.452583295580610212e+01
1.383523510161235315e+01
1.448306921730412888e+01
1.546893619796665043e+01
1.568184775617880966e+01
1.492862807143848158e+01
1.446267114459924308e+01
1.735864796737322990e+01
1.501999710145636335e+01
1.478571934713666636e+01
1.418792098093048359e+01
1.517466013578002482e+01
1.335248411909537758e+01
1.428645896624290579e+01
1.412878086794017030e+01
1.388896840446983205e+01
1.465122620200649095e+01
1.743273964789879216e+01
1.258646816357330422e+01
1.512761668368768220e+01
1.335248411909537758e+01
1.478571934713666636e+01
1.573657477096096180e+01
1.492063220785375854e+01
1.739967551817190028e+01
1.440986798388820134e+01
1.592762579939054923e+01
1.735864796737322990e+01
1.479903523187806336e+01
1.739967551817190028e+01
1.492862807143848158e+01
1.581525258185133431e+01
1.728715801404562669e+01
1.433889392026574328e+01
1.715509908596621358e+01
1.578470371413049556e+01
1.440489769132558351e+01
1.732144866539409378e+01
1.426298303744957785e+01
1.412878086794017030e+01
1.458942052384352017e+01
1.468574192849282944e+01
1.506283024094788914e+01
1.722804691304973090e+01
1.489055140379847231e+01
1.748801820155373576e+01
1.491992151664607391e+01
1.458469302888433283e+01
1.606445484560477155e+01
1.329831371903899750e+01
1.754845898085951816e+01
1.371744272221771688e+01
1.736224908255913491e+01
1.734006053214215015e+01
1.553517727440864604e+01
1.541243975431629032e+01
1.734350505919958607e+01
1.577710516727039369e+01
1.523752181249050786e+01
1.433955778432598294e+01
1.604459010546106157e+01
1.397814382591416837e+01
1.529644991343394800e+01
1.502044428926658526e+01
