9.495327221883425040e-01
1.487491571287927888e-02
-4.832258158790951885e-01
2.025100967616821457e+00
-1.452518274291337841e+00
-1.051442986539200097e+00
1.624822971822310891e-01
1.879610652544946511e-02
3.046873625964017784e-01
-1.442643251396920512e+00
8.875764930955488963e-02
-1.197546373982918189e+00
-3.630023265226888229e-01
1.147787574587345594e+00
1.264860905734641827e+00
1.216109448808295079e+00
-4.999177050160232838e-01
9.446255338042722771e-01
-2.190984680012891594e+00
-3.372690893575426285e-01
-2.026083506853256999e+00
-7.433714472219455915e-01
1.067495927408159462e+00
8.939870456002216859e-01
-1.264332798618609699e+00
-2.263122994888812078e-01
-1.695803095277397254e+00
1.127954960978961862e+00
8.574145929911726194e-01
-4.387272238332259877e-02
-8.096209527221096547e-01
-1.936910624377728984e+00
-1.977966858153794361e+00
5.528802578505555981e-02
-5.635582978656963338e-01
-8.079906530289695521e-01
-8.765250614480338820e-01
5.517483424275110293e-01
1.357125097176073991e+00
1.659369275731286564e+00
-1.244310971992714121e+00
-5.709280144314341499e-01
-1.204966606945349961e+00
-6.536554819452329301e-01
2.305349363188369693e+00
9.748586365855891334e-01
1.181467334842955103e-01
1.025832470909648242e+00
-2.575880399663663112e-01
-1.594592396640019727e+00
-2.146525147873685313e+00
3.883531807149747106e-01
1.197468437094142635e+00
1.368865369529051468e-01
6.760539519970136801e-01
-4.362749750371024970e-01
1.458416332845040131e+00
-3.265478674443237916e-01
-1.685876234345926150e+00
-1.836251587217763381e+00
1.903687943245429670e+00
1.080014419930370950e+00
1.463895977768757684e+00
-1.192887342054827826e+00
1.601798907815989104e+00
6.113159085554800143e-01
2.931987757608164880e-01
7.748423403566566670e-01
-2.190620607133189957e+00
3.498217251068789224e-01
1.258615675978378867e+00
-1.595993564648582608e-01
-9.361503971633018395e-01
-5.613378413930911748e-01
-1.985695021142896144e-01
8.052862690993246586e-01
1.770284897274292168e+00
-5.647816068404594159e-01
5.655372467888155619e-01
7.246436033120592368e-01
6.649876407391159816e-01
6.148892298043597826e-01
1.275437106972488133e+00
-1.084901140611383319e+00
9.592537368538802678e-01
-2.061396530135895411e+00
-6.690668139836367656e-01
-9.368070224448615813e-02
6.846468251400164226e-03
5.179013090432253996e-01
-2.624885264829309728e-01
2.434671897869193913e-01
-9.654808022570938730e-01
-9.039758516651040798e-01
1.176054474525133342e+00
-4.743022044295974737e-01
3.893734044502060176e-01
-1.797128979345974598e+00
6.427169545096241832e-01
-1.365060877417826557e+00
-1.683712933888996233e+00
-3.310588155355939088e-01
8.745191214767079890e-02
3.512369706839275629e-01
1.965230101995793510e-02
-4.058066189585053940e-01
6.391008831788198563e-01
-7.183240147761552619e-01
-1.596700543925086702e-01
-3.620772764618947814e+00
-4.161565117905567934e-01
-1.534151732968597859e+00
-1.052524102353698421e+00
-1.330807354911994533e+00
-5.475703622232704904e-01
5.579704327617112519e-02
1.485280262472271184e+00
7.114774172759250059e-02
-1.728395627580491922e+00
4.585132618678871563e-01
1.133518218168853425e-01
4.687367217150524568e-02
-1.802532763834527874e-01
6.325352795701221220e-01
8.352060777371811406e-01
-1.267212188214208168e-01
-9.186644051488224161e-01
-1.012279272468258107e+00
4.966186457833390855e-01
-7.024501624679064804e-01
7.897409879666367205e-01
-1.205423622879234768e-01
9.851995789415016747e-01
-4.540197854299716784e-01
-3.232698579974562225e-01
-2.228467055841611977e-01
-4.185403682610325804e-01
-5.178401729796276998e-01
-5.358046876084965326e-01
1.729866121798661061e+00
-9.990111253226109378e-01
-1.032770206897224874e+00
-1.737345713130335811e+00
-6.098749915875406602e-01
-2.031701062738954233e-01
-1.542509274200329461e+00
-1.825290044275505563e+00
1.556415005890678660e-01
-5.619831404879030989e-01
6.085669818299327405e-01
-9.267739442198816846e-01
-1.504194144491686869e+00
-2.299842797855508603e-01
-8.363195519205982587e-01
-8.707382959003188150e-01
7.341366800933220027e-01
-3.800929704643470769e-02
-1.262302109613034906e-01
5.927332442865264860e-03
-2.004220368851981959e+00
4.137166073932825872e-01
-5.787729328567083886e-01
-1.733647185619428432e+00
-1.255770232088350591e+00
-5.781207672072701254e-01
-9.266191648221473454e-01
1.124822469313824097e-01
-1.219673532999822618e-01
8.483205704635425892e-01
-4.335805214367051685e-01
4.036866445315451801e-01
7.282329716049944501e-01
4.774485296708622650e-01
6.208443796780355184e-01
-2.326084890287792029e-01
-9.948286456594923610e-01
-3.234620663511513783e-01
5.044521642498688285e-01
-1.016212718315599034e-01
-1.222718088867182473e+00
1.604839563696175697e-01
1.357705751390985149e-01
-7.293929096059379447e-01
8.397251571968683548e-01
1.078692184803111465e+00
9.195559861348699682e-02
-4.515422147783662576e-01
-8.484773445517029833e-01
2.173074816526753827e-01
5.439560001810209711e-01
2.833589516501252015e-01
6.622919996892688566e-02
2.523364756643861617e-01
-6.205047657191961052e-01
3.868500510004890813e-01
-5.764684300097963066e-01
1.045254452212693586e-01
4.777572576377468461e-01
-7.944912939365355031e-01
4.836393768974794338e-01
-5.326739957732083974e-01
1.464583019797241148e+00
-9.265282050327519059e-01
-1.244980952075580349e+00
6.733725365667183604e-01
-4.282071789162240211e-02
1.003839000976068041e+00
2.090802876019989487e+00
8.008345211390103247e-01
-7.013285905956700983e-01
1.275309429339422485e+00
1.340801917295516121e+00
-1.993315417603573614e-01
1.318679604803306926e+00
3.482991013122400670e-01
1.134397126382494569e+00
2.243783782842665928e-02
3.395930820683779050e-01
7.990107575566930409e-01
-8.010212402225646011e-01
-2.253901731683750076e-01
9.791560156031200446e-01
2.179078736914089875e-01
-1.254090201734873455e-01
3.160662692174329713e-01
-3.535417197464372774e-01
-5.245370248031270277e-01
-2.625066296930046450e-01
-1.313145636543326944e+00
-6.532166767536988772e-01
-1.150110542880561498e-01
1.483760181017414137e+00
3.797172421136998377e-01
-1.341611633712647356e+00
5.953876211107309580e-01
3.318560437037584854e-01
-1.352726066958633011e-01
-1.810564749819360830e-01
1.307118115378869572e+00
-9.596667043081644755e-01
1.342677326988641395e+00
4.924369178638979272e-01
1.082426803566011314e-01
1.676193945529416973e-01
-6.423462886227737645e-01
1.326425989016841944e+00
-3.285577662871378979e-01
-6.525485456731334732e-01
-1.995772736754420074e-01
4.573529017585420964e-01
-1.455163253421388081e+00
3.270488885230922738e-01
7.793567754710515327e-01
-3.754438905869428855e-01
-4.252548425399774734e-01
-4.227766476817490515e-01
-5.048957314266994123e-01
-1.625932044141502608e+00
-1.472080860288517590e+00
4.369397483271141025e-02
4.384991563892952082e-01
6.902510735334096426e-01
-1.525142834116629764e+00
-9.842111739289342021e-01
5.077256621362684630e-01
-3.688094441955236391e-01
-3.196216232029501780e-01
1.571868188569618852e+00
1.486174468241247215e+00
9.508839527365214872e-01
6.469164001858979107e-01
3.638614992209820986e-01
1.808434246831846365e-02
1.674639273209672208e+00
2.006822740215490342e+00
-1.114109507449831532e-01
-3.479142028898296601e-01
-1.813453095924161818e-01
-1.097841423840399955e+00
1.283938255028851172e+00
-1.446620612294943875e+00
-7.175475958702542956e-01
3.062614472725351811e-01
-1.600527088267762466e+00
1.791349620939698628e+00
2.258909385915817622e-02
1.448638825242147821e-01
4.930802045042525020e-03
-2.158773369073165860e+00
9.928351697596853320e-01
-3.009842803214972662e-01
-6.480992167485535860e-02
-7.386126444791017986e-01
-5.156507000929907436e-01
-3.784775446503517160e-01
-5.574483095468204530e-01
-1.917436870211251462e-02
5.784377997309610997e-01
-1.197541715652918615e-01
1.510811417740463680e+00
-1.220847726748515605e+00
-5.694364086799945657e-01
9.483553527440896636e-01
1.967700457016912763e+00
1.134741410857303956e+00
-8.958502028293815478e-01
-1.233713817747267849e-01
1.498423600159339841e+00
-6.841580300248176760e-01
-3.435485105973042907e-01
-4.780804602617353405e-01
1.530333722803395080e+00
2.325354118319611918e-01
1.778648372985729642e+00
-8.016541279468546444e-01
1.330278888284531558e+00
-1.023208424314989040e+00
1.786896002076877044e-01
-1.126944623817683455e+00
2.019974905934049048e+00
-5.565341835184935970e-01
-9.077397882265768603e-01
-2.036402877318280513e+00
1.215419804381433037e-02
-9.305838665202134097e-01
1.467172012288228133e+00
1.326676087171212437e+00
1.957841116547214932e+00
1.527410052545903063e-01
-3.319202998571773922e+00
3.326234686991275113e-01
-9.780409809312954339e-01
-5.033864577379317667e-02
-6.144977027004117076e-01
-1.899108739703682380e-01
-6.645221737331912237e-01
-2.088125084550898514e+00
3.874995984925568293e-01
1.518876444689273519e+00
-9.481210483933554256e-01
2.274260108738483110e-01
-1.809263892024304821e-01
6.336127280701782105e-01
-4.188055344682936054e-01
-9.739596020036134227e-01
-9.896113253065592918e-02
-1.339710125326585843e-01
-5.940178557259061520e-01
-3.014819390563901469e-01
-7.106321201782965780e-01
2.410997409583936602e+00
-2.270056529856480376e-01
5.282530221860758379e-01
3.046731981540110046e-01
-1.770009107184334018e+00
7.153319980685673984e-01
-7.433690206409605539e-01
2.533247447547687381e-01
-7.398237510616721968e-01
-7.026587733005182357e-02
2.457764932865815488e-01
-5.549947457253628924e-01
-1.114205120346165367e+00
-1.471019358402841259e+00
-4.608027107956919610e-01
-1.202132158192965039e-01
-3.674000212181295633e-02
9.767105370662395591e-01
2.076168197099872881e+00
-7.325776523709587318e-01
4.415367328835528293e-01
7.256298318885476828e-01
7.748172699683518738e-01
5.862439084260628874e-01
9.155275972056220457e-02
-1.560731670811849492e+00
-1.879314324643289458e-01
-1.674226472940852695e+00
-1.257485579607378057e+00
-5.153172599589349590e-01
2.016993409504005630e+00
2.848863447719876429e+00
3.959658800355081443e-01
-6.094139369703184261e-01
1.259346592563204137e+00
-1.092799604505485966e+00
-4.437664389637390183e-01
-1.198345537894187851e+00
-4.432849855387582250e-01
-1.169388591203858407e+00
3.558370764534701247e-01
-1.201186764831632336e+00
-5.970575382529709207e-01
-1.236635968569069099e+00
2.498941696291390735e-01
-2.534366880202720274e-01
4.105150202183601577e-02
-2.640393877119479038e-01
2.140892725973815858e-01
-5.686636978205266146e-01
-1.621471616444342123e+00
-1.568041349798885431e-01
7.094437262193947769e-01
5.410250828788553124e-01
-2.115122912881635120e-01
6.120261039044909701e-01
-7.608227182300620894e-01
-1.376550663516313833e+00
-7.008180714636391695e-02
-5.932822261036142519e-01
-8.797485655976984287e-01
1.311275571734360712e+00
1.581492334400515232e-01
1.263875059824307867e-01
-8.504159257581205278e-01
9.895481245127287773e-01
-6.367476521272548151e-01
4.801584482565451339e-01
5.478569743156520566e-01
-1.344000988004125041e+00
6.491415181968326342e-01
-6.995606875533715296e-01
9.279323231876178690e-01
-9.409331272527278189e-01
5.237724634639602250e-01
-8.656712679967797364e-01
-1.397015501070401733e+00
2.136598826099306292e-01
-8.516501014450083007e-01
-3.367206021856551379e-01
-1.472113696804342675e+00
-5.722913915557656939e-01
4.828351807028303799e-01
-6.229447939086121266e-01
1.340687908215374147e-01
-1.220373501121883586e-01
