3.279993537814207549e+00
3.190008295139663996e+00
3.063249264861007681e+00
3.491203379521673700e+00
3.264733603580027843e+00
3.212445582918712628e+00
3.043468596129923487e+00
3.172473753079994019e+00
3.064770169113172127e+00
3.248597580714097877e+00
2.959415352029239443e+00
3.190008295139663996e+00
3.039177141010885208e+00
3.426298467145966864e+00
3.443399592536551257e+00
3.451599857995883536e+00
3.453497268605025372e+00
3.051447363762469944e+00
3.420414635491121125e+00
3.724165206947477991e+00
3.272939415047041667e+00
3.051447363762469944e+00
3.264251762989907935e+00
2.998742363753753803e+00
3.133745177418585381e+00
3.457986808135303125e+00
3.446278527732550057e+00
3.064381667295205336e+00
3.466149124097556378e+00
3.063249264861007681e+00
3.808818290403011453e+00
3.429896143938364172e+00
3.212445582918712628e+00
3.068059227851780424e+00
3.067548840552721590e+00
2.959415352029239443e+00
3.420414635491121125e+00
3.260930211879459417e+00
3.260583766088664959e+00
3.000646729913223343e+00
3.031876110256923162e+00
3.232215196919911993e+00
3.724165206947477991e+00
3.063249264861007681e+00
3.445614234986519087e+00
3.240965423958787728e+00
3.260930211879459417e+00
3.429896143938364172e+00
3.010023597598145528e+00
3.446278527732550057e+00
3.212445582918712628e+00
3.232215196919911993e+00
3.276250976303596296e+00
3.065650725366746432e+00
3.010023597598145528e+00
3.043468596129923487e+00
2.990140128179159973e+00
2.967512755691089410e+00
3.133745177418585381e+00
3.404270084389710238e+00
3.456777165763458726e+00
3.232226266894079991e+00
3.442743292226938312e+00
3.196423310772205539e+00
3.252653401713119230e+00
2.980658619731917369e+00
3.403019777386619982e+00
3.081040539024483493e+00
3.387689242158115732e+00
3.064770169113172127e+00
3.248597580714097877e+00
3.222733688472669389e+00
3.389747520533972658e+00
3.212841839793645793e+00
3.198269764003363491e+00
3.143685877680584273e+00
3.262062614313657516e+00
3.182211563615287897e+00
3.252653401713119230e+00
3.010632842554245236e+00
3.133745177418585381e+00
2.949722587822722453e+00
3.259684410886092731e+00
3.087028400689843632e+00
3.076868980529414266e+00
3.264733603580027843e+00
3.064381667295205336e+00
3.099038733502570864e+00
3.267355155683752788e+00
3.255420949516803830e+00
3.065650725366746432e+00
3.337506575237908724e+00
3.152159538483708445e+00
3.019904969348444101e+00
3.161275019520612961e+00
3.121629404164513844e+00
3.248597580714097877e+00
3.212445582918712628e+00
3.037537271010721351e+00
3.164125892505066151e+00
3.232215196919911993e+00
3.575039575385629664e+00
3.041553999857650847e+00
3.467549652195499821e+00
3.185085219361385001e+00
3.061159678559710606e+00
3.420414635491121125e+00
3.062061236147501919e+00
2.947933226398911977e+00
3.212445582918712628e+00
3.068059227851780424e+00
3.217095420632914760e+00
3.240817432494505823e+00
3.212477438414107045e+00
3.232215196919911993e+00
3.260253064630027620e+00
2.970370514177960608e+00
3.064770169113172127e+00
3.286097055330476024e+00
3.203137628956640892e+00
3.276146031831543848e+00
3.259938247596660066e+00
3.006522511973345857e+00
3.444836628212189833e+00
3.465548274192431055e+00
3.279762783849747176e+00
3.418945502523262014e+00
2.977800861245046171e+00
3.232215196919911993e+00
3.260930211879459417e+00
3.475371659763519805e+00
3.200602624600061397e+00
3.482848564977966355e+00
3.212445582918712628e+00
3.470620362065493403e+00
3.045332697926437682e+00
3.212445582918712628e+00
3.133745177418585381e+00
2.990826529172741388e+00
3.222733688472669389e+00
2.934406788025995638e+00
3.314220005204874475e+00
3.035615644004315605e+00
3.268365212023502497e+00
3.426049516851920718e+00
3.260583766088664959e+00
2.923948457146062108e+00
3.460697574532391574e+00
3.071122459873449895e+00
3.262451116131623863e+00
2.981697946762747797e+00
3.399171367788443643e+00
3.183798682170962291e+00
3.266264625384090348e+00
3.053163302475836893e+00
3.504874482691944237e+00
3.461654889900178667e+00
3.448168624964784712e+00
3.047874770890841578e+00
3.429896143938364172e+00
3.410126529937164364e+00
3.255627747328918353e+00
3.061958508063225448e+00
2.959415352029239443e+00
3.399171367788443643e+00
3.261669776085069028e+00
3.405762753487200367e+00
3.274549927547866002e+00
3.255420949516803830e+00
3.247640801297211333e+00
3.397973482054741812e+00
3.063611314890846593e+00
3.429896143938364172e+00
3.438498379512957559e+00
3.216512439126131273e+00
3.397973482054741812e+00
3.395629843688437344e+00
3.209597301032008243e+00
3.261669776085069028e+00
3.260583766088664959e+00
3.066570815971456199e+00
3.014583024891992036e+00
3.263784405893927154e+00
2.959415352029239443e+00
3.157096299047691623e+00
3.282052557589469899e+00
3.021588004702966401e+00
3.575039575385629664e+00
3.265740174870232160e+00
3.465407505763612228e+00
3.284990025764424448e+00
3.240817432494505823e+00
3.383920260441787953e+00
2.970370514177960608e+00
3.025651490004408473e+00
3.259356827178191640e+00
3.680920126875530940e+00
2.923948457146062108e+00
3.010632842554245236e+00
3.240817432494505823e+00
2.936799456561350219e+00
3.258840625578162342e+00
3.236880855230846343e+00
3.280105136778011410e+00
3.015208410306077891e+00
3.428167515201843596e+00
3.204203458991798037e+00
3.240817432494505823e+00
3.133745177418585381e+00
3.212445582918712628e+00
3.238058202265364560e+00
3.201490420769991463e+00
3.403646217879902736e+00
3.051447363762469944e+00
3.063611314890846593e+00
3.659335836918630402e+00
3.420414635491121125e+00
3.368330995125296212e+00
3.062572117611575884e+00
3.456323749115108424e+00
3.255420949516803830e+00
3.261455930824518124e+00
3.788076000314542835e+00
2.941549016264445537e+00
3.240817432494505823e+00
3.053512595909968930e+00
3.420414635491121125e+00
3.808818290403011453e+00
2.959415352029239443e+00
3.410126529937164364e+00
3.064770169113172127e+00
3.277690712745067625e+00
3.438498379512957559e+00
3.438498379512957559e+00
2.971715889918380427e+00
3.013951293353862582e+00
3.257343881002115804e+00
3.212445582918712628e+00
2.936064230400133646e+00
3.031876110256923162e+00
3.037951710294311880e+00
3.145614173417363713e+00
3.274549927547866002e+00
2.999872933686664744e+00
3.418945502523262014e+00
3.399171367788443643e+00
3.260253064630027620e+00
3.232215196919911993e+00
3.201490420769991463e+00
3.231356377992510076e+00
3.212445582918712628e+00
3.466726897619772263e+00
3.274549927547866002e+00
3.064770169113172127e+00
3.266802999019634779e+00
3.554858426954768724e+00
3.064697931149359178e+00
3.066570815971456199e+00
3.144146209830018801e+00
3.062432140856105711e+00
3.068059227851780424e+00
3.375820246159337401e+00
3.201490420769991463e+00
3.461528559446222619e+00
3.284514081547773579e+00
2.959905847589201944e+00
3.260583766088664959e+00
3.262893702556835418e+00
3.252297374242968608e+00
3.259356827178191640e+00
3.028006587819418449e+00
3.240817432494505823e+00
3.265740174870232160e+00
3.465943648041317271e+00
3.255420949516803830e+00
3.160883839427087949e+00
3.006522511973345857e+00
3.245882363473675980e+00
3.212445582918712628e+00
3.263331672385198168e+00
3.024410342353645031e+00
2.990826529172741388e+00
3.473647242941266811e+00
3.258978277803921575e+00
3.233296591022767785e+00
3.006522511973345857e+00
3.659335836918630402e+00
3.133745177418585381e+00
3.298751233377471781e+00
3.201345700504926839e+00
3.724165206947477991e+00
2.976806060890139438e+00
2.936064230400133646e+00
3.262062614313657516e+00
3.483239179857079204e+00
3.261980038089196121e+00
3.288875926392175408e+00
3.064789689483498503e+00
3.052464424730501058e+00
3.232215196919911993e+00
3.229362567827843922e+00
3.211233625606618070e+00
2.983595258676859707e+00
3.261669776085069028e+00
3.278664875645413534e+00
3.027003248631357835e+00
3.021588004702966401e+00
3.232215196919911993e+00
3.029477159970594968e+00
3.440198151296990137e+00
3.259938247596660066e+00
3.206341274911663319e+00
3.217095420632914760e+00
3.240817432494505823e+00
3.108305013593423372e+00
2.970370514177960608e+00
3.446789653529093389e+00
3.397973482054741812e+00
3.178339566750369105e+00
3.196423310772205539e+00
3.438498379512957559e+00
3.232215196919911993e+00
3.392505156734425764e+00
3.031876110256923162e+00
3.041357618704165766e+00
3.044021986589724005e+00
3.076868980529414266e+00
2.988181642194605026e+00
3.274549927547866002e+00
3.222733688472669389e+00
3.429896143938364172e+00
3.071122459873449895e+00
3.178339566750369105e+00
2.959415352029239443e+00
3.207026371249154018e+00
3.418945502523262014e+00
3.387689242158115732e+00
3.206341274911663319e+00
3.031876110256923162e+00
2.980658619731917369e+00
3.450921423429213153e+00
3.070240008264878195e+00
3.204203458991798037e+00
3.232215196919911993e+00
3.263331672385198168e+00
3.260253064630027620e+00
3.504874482691944237e+00
2.990140128179159973e+00
3.293522432503221964e+00
3.157096299047691623e+00
3.051447363762469944e+00
3.421940964207278668e+00
3.390658408658363321e+00
3.267726558745160492e+00
3.378068113973133002e+00
3.277690712745067625e+00
3.381247860919559312e+00
3.261669776085069028e+00
3.268803406891901631e+00
3.261980038089196121e+00
3.072017863745240440e+00
3.659335836918630402e+00
3.248597580714097877e+00
3.066103458875475418e+00
3.249128310780921680e+00
3.227639403027529941e+00
3.044219791445368362e+00
3.217585916366895837e+00
3.267355155683752788e+00
3.475027435687519262e+00
3.030864346306289647e+00
3.145614173417363713e+00
3.232215196919911993e+00
2.970370514177960608e+00
3.059869608314233602e+00
3.395694274387095479e+00
3.379726201651933160e+00
3.201490420769991463e+00
3.062432140856105711e+00
3.063249264861007681e+00
3.430008921447036396e+00
3.212445582918712628e+00
3.595654429073193548e+00
3.210213459413106207e+00
3.006522511973345857e+00
2.936064230400133646e+00
2.947933226398911977e+00
3.277690712745067625e+00
3.222733688472669389e+00
3.061958508063225448e+00
3.065662605877313318e+00
3.010694920101295136e+00
3.006522511973345857e+00
3.212445582918712628e+00
2.965370604809305366e+00
3.232226266894079991e+00
3.262893702556835418e+00
3.240817432494505823e+00
3.158691686252438124e+00
3.063249264861007681e+00
3.033659103330608175e+00
3.262893702556835418e+00
3.201490420769991463e+00
3.167309171327534756e+00
3.265740174870232160e+00
3.453308694347370089e+00
3.269698810763692176e+00
3.041357618704165766e+00
3.071606195094465530e+00
3.063988829066617292e+00
3.145614173417363713e+00
2.947933226398911977e+00
3.254381668631238345e+00
3.454802850231605493e+00
3.399171367788443643e+00
3.066103458875475418e+00
3.439773425881322844e+00
3.061159678559710606e+00
3.410126529937164364e+00
3.121629404164513844e+00
2.940366448742406824e+00
3.217585916366895837e+00
3.259938247596660066e+00
3.526484259929026255e+00
3.263784405893927154e+00
3.063611314890846593e+00
3.363704472905265863e+00
3.197553880705116480e+00
3.264251762989907935e+00
3.165327085731540091e+00
3.413361018451657181e+00
3.535187522256360459e+00
3.021588004702966401e+00
2.959415352029239443e+00
3.408844730483713725e+00
3.018242669217102936e+00
