-9.550088759699520979e-01
1.215797015911770806e+00
4.426188749818727591e-02
-1.610345977101678705e-01
-7.312984854347377439e-01
-1.506556658732350340e-01
-9.243776156770450170e-01
8.199490197657449686e-01
7.271351160481392961e-01
-8.514855138240720600e-02
9.686676421111678481e-01
2.811713953158729851e-01
9.336613915024435384e-01
-1.456015510908964083e+00
2.284206602353095583e+00
-1.142810154509103615e+00
-1.985881186565693346e+00
-8.118466030366906505e-01
-4.002663417392682832e-01
-9.238403452251006676e-02
1.054989491899127746e-01
8.908183880965783175e-01
-7.618248981743283021e-01
2.450517911665354986e-01
1.470412192773894455e+00
-4.144936307640751383e-01
-3.940474446878080017e-01
1.653548778025158983e+00
-6.238365821096374386e-01
1.354565812739481956e+00
-9.817183124592120391e-01
-2.962031947056370518e-01
1.419245994217637419e+00
1.339052607178479182e+00
1.456787232640309737e-01
8.978330121651922902e-01
-8.877346948218386435e-01
-1.153341064958455675e+00
4.414015236355335881e-01
1.467554732878117330e+00
-1.772461979802510523e+00
-1.437025641069021198e+00
7.317514980058058560e-01
1.595458157257823029e-01
-1.220321531123001214e-02
9.029677968168483559e-01
1.455913218127378450e-01
-1.139839951153903241e+00
-5.892023299898858646e-01
-1.387515012302156681e+00
-5.720193995341982252e-02
-1.979644609897209320e-02
-1.072478245301577982e+00
-8.903471650505174750e-01
1.698742273439838968e+00
2.653984938553278994e+00
-1.240130048932422291e+00
9.053411358626399785e-01
-2.000650304533319268e+00
-2.267832964479746138e+00
6.728871440044249530e-01
-2.016102093166959541e+00
-2.157534297832869541e+00
-1.489953985984380891e+00
6.334997849960923855e-01
-5.324886133706845381e-01
7.403391267923799257e-02
9.768515539723969798e-01
7.206819866092628590e-01
3.325261852821797537e-01
1.325004725693877061e+00
5.593984902765762879e-01
1.332332620314897520e+00
3.123428274898416013e-01
-1.110580733705716749e+00
1.631284492300478561e+00
4.562469864557471000e-02
3.798663541261622978e+00
2.977582822998771361e-02
-7.196495114373234747e-01
1.138957801801564029e+00
-1.040843143569964102e+00
2.425217978507717032e+00
-9.384812563406249586e-01
1.073682316894542410e+00
-1.865725448622624905e+00
-5.688383121418006949e-01
6.834223667546482917e-01
-2.065192308992984671e+00
-1.266723837094495764e+00
-8.127671025859353193e-01
6.051787994250088509e-01
-3.419811870245123009e-01
1.971297009788596899e+00
-7.520727908017327268e-02
-7.317696259428932981e-01
4.400553624205470471e-01
-1.272693878792703126e+00
-8.826269378201877236e-02
-5.673896656460603038e-01
3.848419036618338507e-01
-3.232056459641231144e-02
6.423722651911318859e-01
5.683967988197943244e-01
6.014831425604469928e-01
4.075899350636734697e-01
-1.256590988278581955e+00
9.416128931181233508e-01
-5.030125723896317069e-01
5.119288135062539657e-01
9.447578939828994438e-01
1.989341270310877874e-01
7.292874914420189869e-01
-5.850662298172487619e-01
1.208605467349258111e+00
-7.405336083287874516e-01
-5.427973054922089480e-01
4.764000768361050242e-01
1.743546861464300157e-01
7.986947626322858651e-02
1.051136226160289955e-01
2.175638342469097264e+00
-6.944363563956706953e-01
-1.566972011645451746e+00
2.415393871000338089e-01
8.990898063255713391e-01
-4.498444699846856215e-02
7.854226396633740004e-01
-8.027565742439731755e-01
-1.914834454149652865e-01
-1.231230837128043820e+00
-7.420327035597319432e-01
-9.109518765912720806e-01
2.288879523170084251e+00
8.407664380547154037e-01
-1.031649138959850776e+00
-7.793110072905691244e-01
-1.287586346331546450e+00
-2.935596885123100200e-02
1.875947875346200444e+00
1.090694862164297563e+00
-4.137940086826529251e-01
4.179675335063000596e-01
-2.248320999637934303e+00
-1.244839098124652432e+00
-7.179143321321517224e-01
8.682458171286997484e-01
-6.975582972210611077e-01
7.375038005207683600e-01
5.648204863214884019e-01
-1.115807308690073274e+00
-1.644450140613544997e+00
2.467796966110827328e-01
1.997434902843351789e+00
-1.030795217578755141e+00
-3.800284124460396457e-02
3.466265469480058203e-01
-5.526187439686136571e-01
-2.372044288846922033e-01
-4.812321165537608580e-01
2.325675986476558155e+00
3.336732519380984918e-01
-8.304988046617687303e-01
1.259252903493278897e+00
1.903086083906743720e-01
2.012254318675508635e+00
8.272640664981970593e-01
2.480336860193358903e-02
-1.260568870300300848e+00
-6.883931379683050356e-01
-3.852185672597336907e-01
-2.690504570868002543e-01
-1.562751984625921686e+00
1.521125293576762461e-01
1.371781849178278501e+00
2.077193247347411051e-02
6.966589290266403944e-01
-1.548217817238208616e+00
-2.046855689236053433e+00
-1.040186540904435519e+00
-9.849802051680203174e-01
1.889186872957053120e+00
4.809402197935727097e-01
2.192528805801252645e+00
8.329249247499951325e-01
2.233384898001412322e-01
7.851080290977791032e-01
1.355352644863344613e-01
1.300781162517352929e-01
-9.269219661461880477e-01
-2.055655969517079740e+00
9.614062496507154165e-01
-1.392496142810546012e+00
7.697903587568657446e-01
1.180802271735578834e+00
1.010872654930612263e-01
-3.313151796140019756e-01
8.338233529976404323e-01
-9.417016267668206764e-01
-1.095253790909619107e-01
1.293658520573004678e+00
-5.557558432870993714e-01
4.574398399801921644e-01
-1.301240900708975134e+00
3.845815012176514891e+00
-1.042714842341190273e+00
7.870206949826663578e-01
-8.893257177479009234e-01
-3.936069456419045154e-01
-2.315222970733091135e+00
-8.835240194847591155e-01
-2.958958087898531097e-01
-1.796906219189753573e+00
-5.562193870761181769e-01
-2.559478111846998361e-01
1.168344240103740966e-01
1.456960880126428881e+00
-4.627829370008380017e-01
4.948012351455244873e-01
-5.085216891011441476e-01
1.002397150155964478e-01
-1.419986518249578111e+00
-1.810164539731058120e-01
-5.987259921512242400e-01
1.010571750414401143e-01
-1.442738361410685899e+00
4.159663106514662756e-01
-1.335439499478849878e-01
-5.091573019279459489e-01
1.357631354782000477e+00
-1.599291496356645137e-01
-2.988684745886271282e-02
-2.692560953692780812e-01
1.105773425140148258e-01
-2.386195399211724910e-01
2.455315276470818375e+00
-1.604196817245404194e+00
-9.020958187793808036e-02
9.296368334702312941e-01
2.698924409037886663e-02
-6.719213941243267207e-01
-7.688474809482300776e-01
1.357867098796681354e-02
3.100713391368379868e-01
-6.593712743744196692e-01
-2.902214914512726840e-01
2.898399814536256613e-01
-3.091140331925604778e-01
4.169343469154038195e-01
-1.238610164641282818e-01
-4.605039879017061577e-01
2.078188278070306705e+00
-7.753919802048063747e-01
-2.364188049830735217e-01
3.241222308989201717e-01
-4.437110668164286342e-01
-2.481047474440897793e-02
-8.453745284102224256e-01
4.395636800449909676e-01
5.093703327687274518e-01
-2.702933244896428833e-01
-9.246385308003621240e-02
1.175282720340070419e+00
-1.811173552718182700e+00
3.917926311040129672e-01
2.440445532012047281e+00
1.220956301784267728e+00
-5.688279223125184414e-01
1.357282900256304714e-01
-7.460376362763175839e-01
-2.135436818706706319e+00
9.211981093148166044e-01
-3.789803057941684150e-01
4.685061158908623291e-01
-9.396155095061593521e-01
-8.649473472759408033e-01
-3.995810548003995710e-01
-1.154368124382795235e+00
7.944469588881415412e-01
-6.915183057114641096e-01
8.522290150750457816e-01
1.230288311525211009e+00
5.131035264269639268e-02
-1.558181161989758756e+00
2.179768518446182135e+00
-8.755890528186442978e-01
3.085933103322753834e-01
-7.748495408220472669e-01
-1.303496888580198521e+00
-1.646226037449635582e+00
3.215519103017466240e-01
-8.830724234225066915e-01
1.518572850547859288e+00
3.394110309423158389e-01
-5.044990213687915448e-01
3.404200556280233547e-01
-1.687141697849416477e+00
1.490924961976741070e+00
3.014544462124827184e+00
-1.397714061545785869e-01
2.004703441166655331e+00
2.147588479437709530e-01
-2.193385695030246829e+00
-6.559948999240522438e-01
-3.541148991528936252e-01
1.548316136842043722e+00
-8.289741702522987477e-02
-5.803503586709998219e-01
-9.979303404309654291e-02
6.378123796615264851e-01
1.872575065081973078e-01
5.575794023609794703e-01
2.832163796217108676e-01
-3.897419451957257475e-01
5.821109891622942012e-01
3.345106255457185040e-02
-1.646610126519696848e+00
4.685843717403930242e-01
-5.059034941043311084e-01
-2.197612115482908135e-01
-2.831112775924612412e-01
-1.794200028445974704e+00
-1.517393144940917260e+00
-4.503384866502019857e-01
5.667641013943498507e-01
4.864078821866151259e-01
-1.318320831097927970e+00
-5.281593218931233125e-01
9.048075601168426019e-02
-7.556715003519016705e-01
-2.375025287629883575e-01
-1.125345755538818437e+00
-5.430042366250422692e-01
5.004972392089506172e-01
2.171344737894529142e-01
6.388405664297245323e-01
-1.063749722216001725e+00
-7.576470496145302214e-01
1.889228008434602479e-01
8.334911118036157918e-01
-1.075294299334356385e+00
-8.275685655312612354e-01
5.869239792376159531e-03
-3.362938393467919673e-01
-1.026438692616459258e+00
-3.612831490269601264e-01
3.373709915162311224e-01
-3.886635148097180026e-01
1.150284266075171757e+00
-3.534272396088826707e-01
-5.553688226290236507e-01
-4.138039049889577492e-01
2.680361871087881265e-01
2.087403076873283858e+00
3.854776385440310260e-02
6.996362840752191892e-02
7.425477077912840951e-01
-9.607019282404518634e-01
-8.546450046131457423e-01
-1.255800533561170773e-01
-9.108826092296955501e-01
-5.258293197179806366e-01
1.330008834554345043e+00
1.109680901799186964e-01
2.762390105233415369e-02
3.907406589860810686e-01
4.930677754298316146e-02
-1.690159568820709834e+00
-6.743315196809834822e-01
-7.071346761222884192e-01
1.096720029118040118e+00
-1.421595800238540042e+00
-2.271480148683568123e-01
1.729561670767608916e+00
-3.789310511822839289e-01
1.338271452506207604e+00
1.002340476327371110e+00
-1.665807586912657345e-01
7.410368511572835715e-01
9.602710995439019959e-01
3.841776936764880745e-01
3.571268006784864696e-02
-1.143002257866869265e+00
7.886245132539888847e-02
7.342347808441989088e-01
3.207144765884016202e+00
2.649084297342644834e-01
2.616858421524143608e-01
6.309309650684005177e-01
5.129726995532241096e-01
1.879972683119285337e-01
-8.546987909121135374e-01
1.632782944067045008e-02
4.906618843484801262e-01
-1.827527656038614889e+00
-2.070435299756604230e+00
7.038003221165236578e-01
2.788801059345481503e-01
-8.695465274139049239e-01
1.311713586359261052e+00
-5.438159100990297423e-01
-1.343371230462782284e+00
-8.145339629211245658e-01
3.664174726000547500e-01
2.721428246864173728e-01
-3.627569682998499911e-01
2.944251772971172576e-01
-9.329320756097069234e-01
2.078736683882429492e-01
-4.517592167479559384e-01
-8.028752002904293583e-01
1.097874687760469259e+00
7.206256243635715819e-01
-1.207845781072204527e+00
-2.271170835647473574e-02
-4.685410492415865713e-01
-6.881878419414413361e-01
1.502632558429652487e+00
-8.303104525564537486e-01
2.754038573831388836e-01
-4.759277647497530683e-01
1.212655394275274245e+00
-5.906457017115394198e-02
-9.814769380307884761e-02
-1.289928294965753119e-01
-1.035258836930525311e-01
-7.674964974362185055e-01
8.535454302191906040e-01
3.119931236570830935e-01
1.808694360262221579e-01
-5.872769226791323405e-01
-5.297439470798614991e-01
3.868846112200149401e-01
8.932866383509507902e-01
6.703030057556694787e-01
-3.772669603946183225e-01
