1.060211674161512718e+01
1.096736649817963638e+01
1.273222242045651598e+01
1.023249501284028362e+01
1.257110179095458946e+01
1.085145005475325419e+01
1.098769427692079681e+01
1.133045348542813180e+01
1.073341676892832375e+01
1.065065041714110627e+01
1.115405048414140055e+01
1.096736649817963638e+01
1.102157506268984655e+01
1.081436662501124069e+01
1.072069799927946754e+01
1.067299419533033777e+01
1.066163996064618402e+01
1.057686446345342723e+01
1.069856598196541420e+01
9.185611837932796675e+00
1.048994477633335975e+01
1.057686446345342723e+01
1.257807808948213335e+01
1.094255227597141200e+01
1.117577409514745845e+01
1.063424818988065468e+01
1.055207159668973915e+01
1.271143948572607307e+01
1.058233676920136546e+01
1.273222242045651598e+01
8.949408073221658100e+00
1.064697204163293520e+01
1.085145005475325419e+01
1.265570989259716939e+01
1.266269820305987182e+01
1.115405048414140055e+01
1.069856598196541420e+01
1.263364360000515063e+01
1.264055556357961763e+01
1.128465454347203334e+01
1.092349642537613974e+01
1.074555086208430232e+01
9.185611837932796675e+00
1.273222242045651598e+01
1.070802141667295793e+01
1.084601244703712730e+01
1.263364360000515063e+01
1.064697204163293520e+01
1.122718560130619814e+01
1.055207159668973915e+01
1.085145005475325419e+01
1.074555086208430232e+01
1.062848239086400959e+01
1.269059034672530473e+01
1.122718560130619814e+01
1.098769427692079681e+01
1.099134149224608059e+01
1.146732131820248313e+01
1.117577409514745845e+01
1.092908104143094938e+01
1.064170410985255089e+01
1.095873771976496336e+01
1.072442705765201509e+01
1.084397345552004488e+01
1.045059263435860153e+01
1.104293543257855958e+01
1.093551815951986228e+01
1.074027434982356510e+01
1.086878767772826926e+01
1.073341676892832375e+01
1.065065041714110627e+01
1.079714480241678132e+01
1.100382681323511491e+01
1.099540533092294581e+01
1.107046476624193687e+01
1.136022879584304413e+01
1.261286066527470595e+01
1.127802499855475205e+01
1.045059263435860153e+01
1.103461147693898070e+01
1.117577409514745845e+01
1.155933277547466176e+01
1.073666463256158821e+01
1.071393559332900836e+01
1.065321597863420244e+01
1.257110179095458946e+01
1.271143948572607307e+01
1.048627615140309288e+01
1.253613280507712524e+01
1.067842321964909758e+01
1.269059034672530473e+01
9.727824980369536689e+00
1.131320038915186288e+01
1.081164443234523986e+01
1.126375414645559658e+01
1.123885132354602412e+01
1.065065041714110627e+01
1.085145005475325419e+01
1.103434603485126431e+01
1.137431420014532613e+01
1.074555086208430232e+01
9.541172349188340007e+00
1.100287689238042610e+01
1.057312655884668828e+01
1.113847796828511072e+01
1.278042697231900604e+01
1.069856598196541420e+01
1.084657647582741546e+01
1.121315712834141465e+01
1.085145005475325419e+01
1.265570989259716939e+01
1.106729235259079580e+01
1.069676164580963373e+01
1.099728898781443220e+01
1.074555086208430232e+01
1.264745934031638441e+01
1.109724068491503246e+01
1.073341676892832375e+01
1.039008494021419615e+01
1.104542412452633826e+01
1.062921049595659717e+01
1.265435472251353666e+01
1.089644104730288454e+01
1.071248903257253460e+01
1.058625942798774489e+01
1.051771757884135106e+01
9.545670026750192605e+00
1.141301606586601025e+01
1.074555086208430232e+01
1.263364360000515063e+01
1.035636421359789061e+01
1.117243780642167295e+01
1.046577392281580465e+01
1.085145005475325419e+01
1.039136595588199263e+01
1.097285429362673881e+01
1.085145005475325419e+01
1.117577409514745845e+01
1.134157535058390387e+01
1.079714480241678132e+01
1.163822587822756560e+01
1.142240277534895831e+01
1.070073366421103600e+01
1.068158900858006710e+01
1.081568778817960030e+01
1.264055556357961763e+01
1.133743014399738946e+01
1.061732620056093346e+01
1.069220542514282002e+01
1.063483794847695663e+01
1.139204176328983209e+01
1.080968103352825516e+01
1.114514712708028554e+01
1.255013706726839473e+01
1.091114720587215636e+01
9.339489137745522029e+00
9.445582400014350455e+00
1.069321477669732445e+01
1.095261775588709519e+01
1.064697204163293520e+01
1.075287123430188707e+01
1.060706514596896533e+01
1.275982032292051827e+01
1.115405048414140055e+01
1.080968103352825516e+01
1.261979594315077868e+01
1.092139190182251696e+01
1.055463715818283532e+01
1.067842321964909758e+01
1.072453444831762503e+01
9.593461461695325099e+00
1.272530247774626488e+01
1.064697204163293520e+01
1.059818282535826661e+01
1.107122302938465808e+01
9.593461461695325099e+00
1.097353675785070592e+01
1.101215806145013687e+01
1.261979594315077868e+01
1.264055556357961763e+01
1.267665690993349870e+01
1.119793446178752028e+01
1.258504807048922203e+01
1.115405048414140055e+01
1.105547166369003342e+01
1.042170709871278866e+01
1.097780167771261262e+01
9.541172349188340007e+00
1.255713107214580404e+01
1.042828553522347690e+01
1.056567437509584906e+01
1.069676164580963373e+01
1.103392304790726719e+01
1.109724068491503246e+01
1.077265498583662229e+01
1.266811947248131709e+01
9.294707599850607238e+00
1.133743014399738946e+01
1.103461147693898070e+01
1.069676164580963373e+01
1.162586781095204458e+01
1.268184815186764069e+01
1.086851045288334738e+01
1.060131842728562646e+01
1.119384825218427615e+01
1.080441900374018083e+01
1.079786222685151742e+01
1.069676164580963373e+01
1.117577409514745845e+01
1.085145005475325419e+01
1.091358001021001556e+01
1.090825985397962228e+01
1.093229332799439213e+01
1.057686446345342723e+01
1.272530247774626488e+01
9.347003579562983333e+00
1.069856598196541420e+01
1.111530073797404583e+01
1.274603816076774976e+01
1.064448418374089300e+01
1.067842321964909758e+01
1.072568438183510153e+01
9.010710279410959700e+00
1.160138658822225288e+01
1.069676164580963373e+01
1.090846498211786475e+01
1.069856598196541420e+01
8.949408073221658100e+00
1.115405048414140055e+01
1.075287123430188707e+01
1.073341676892832375e+01
1.045494303404925773e+01
1.059818282535826661e+01
1.059818282535826661e+01
1.144528704033379896e+01
1.120204349848397207e+01
1.075098387614507622e+01
1.085145005475325419e+01
1.127435291559882558e+01
1.092349642537613974e+01
1.103112969327878012e+01
1.111457830789004753e+01
1.055463715818283532e+01
1.128925204835569041e+01
9.545670026750192605e+00
1.080968103352825516e+01
1.264745934031638441e+01
1.074555086208430232e+01
1.090825985397962228e+01
1.089835011670660236e+01
1.085145005475325419e+01
1.057854861840638527e+01
1.055463715818283532e+01
1.073341676892832375e+01
1.254313757567819643e+01
9.585960224092799464e+00
1.082924840439120295e+01
1.267665690993349870e+01
1.135764375067253518e+01
1.084408485412894407e+01
1.265570989259716939e+01
1.092998346498568019e+01
1.090825985397962228e+01
1.061207752856139663e+01
1.048271583655724903e+01
1.150683755850151790e+01
1.264055556357961763e+01
1.259896824913436930e+01
1.078117771366598809e+01
1.266811947248131709e+01
1.110581603978258869e+01
1.069676164580963373e+01
1.255713107214580404e+01
1.058368013896502546e+01
1.067842321964909758e+01
1.139117750312218647e+01
1.089644104730288454e+01
1.081834464603041290e+01
1.085145005475325419e+01
1.259201152627393938e+01
1.113144932663907305e+01
1.134157535058390387e+01
1.053187728827938052e+01
1.074100683422350144e+01
1.060215484375966888e+01
1.089644104730288454e+01
9.347003579562983333e+00
1.117577409514745845e+01
1.152481082240746346e+01
1.116794286013896809e+01
9.185611837932796675e+00
1.141832796698499841e+01
1.127435291559882558e+01
1.261286066527470595e+01
9.393286420301974360e+00
1.056585380218346160e+01
1.044947990122077996e+01
1.270449685181996458e+01
1.091654060683182159e+01
1.074555086208430232e+01
1.090898627517970709e+01
1.075427695567937647e+01
1.138172150096843716e+01
1.261979594315077868e+01
1.061156685665228316e+01
1.111304166372278246e+01
1.097780167771261262e+01
1.074555086208430232e+01
1.109512106157632516e+01
9.496376970843476428e+00
1.265435472251353666e+01
1.113717699057287902e+01
1.106729235259079580e+01
1.069676164580963373e+01
1.157415839943864455e+01
1.109724068491503246e+01
1.070123330281017182e+01
9.593461461695325099e+00
1.094435661212719246e+01
1.084397345552004488e+01
1.059818282535826661e+01
1.074555086208430232e+01
1.098961908380190522e+01
1.092349642537613974e+01
1.087190248504366075e+01
1.063587557037597442e+01
1.065321597863420244e+01
1.135641836160566065e+01
1.055463715818283532e+01
1.079714480241678132e+01
1.064697204163293520e+01
1.069220542514282002e+01
1.094435661212719246e+01
1.115405048414140055e+01
1.113287986404681185e+01
9.545670026750192605e+00
1.086878767772826926e+01
1.113717699057287902e+01
1.092349642537613974e+01
1.104293543257855958e+01
1.067702356330543267e+01
1.262770178361846263e+01
1.079786222685151742e+01
1.074555086208430232e+01
1.259201152627393938e+01
1.264745934031638441e+01
9.339489137745522029e+00
1.099134149224608059e+01
1.033107383329164897e+01
1.105547166369003342e+01
1.057686446345342723e+01
1.083737683669587071e+01
1.099913186556908684e+01
1.052686435567484402e+01
1.106429419648847912e+01
1.045494303404925773e+01
1.104777060325544724e+01
1.261979594315077868e+01
1.059362660469145290e+01
1.056585380218346160e+01
1.260664390705379567e+01
9.347003579562983333e+00
1.065065041714110627e+01
1.268362689094058737e+01
1.047828564300206189e+01
1.099301489565684165e+01
1.098171823195407448e+01
1.071306561189387274e+01
1.253613280507712524e+01
1.052226679805009546e+01
1.073573540649513802e+01
1.111457830789004753e+01
1.074555086208430232e+01
1.109724068491503246e+01
1.086165332121131577e+01
1.097320526505843929e+01
1.105567105403160433e+01
1.090825985397962228e+01
1.084408485412894407e+01
1.273222242045651598e+01
1.079456490964988191e+01
1.085145005475325419e+01
9.494882641243959753e+00
1.100897962743125191e+01
1.089644104730288454e+01
1.127435291559882558e+01
1.121315712834141465e+01
1.045494303404925773e+01
1.079714480241678132e+01
1.275982032292051827e+01
1.047151824683382948e+01
1.122293640941819426e+01
1.089644104730288454e+01
1.085145005475325419e+01
1.147848956075788607e+01
1.095873771976496336e+01
1.259896824913436930e+01
1.069676164580963373e+01
1.140254112458279145e+01
1.273222242045651598e+01
1.106403071083889422e+01
1.259896824913436930e+01
1.090825985397962228e+01
1.135767443707131008e+01
1.255713107214580404e+01
1.050848632551759820e+01
1.250806508660242855e+01
1.087190248504366075e+01
1.078802860878441194e+01
1.271837476360214580e+01
1.111457830789004753e+01
1.121315712834141465e+01
1.076881549938847904e+01
1.065375235272289700e+01
1.080968103352825516e+01
1.268362689094058737e+01
1.074115015545542562e+01
1.278042697231900604e+01
1.075287123430188707e+01
1.123885132354602412e+01
1.160747701067225002e+01
1.071306561189387274e+01
1.265435472251353666e+01
9.284190658384163797e+00
1.258504807048922203e+01
1.272530247774626488e+01
1.099306069338424585e+01
1.119067322790432328e+01
1.257807808948213335e+01
1.124208995117902532e+01
1.088213277546612190e+01
9.629246159918169568e+00
1.097780167771261262e+01
1.115405048414140055e+01
1.090549599125425750e+01
1.117375428951232763e+01
