9.593840530567674385e-01
-1.350103993982572748e+00
4.276483060504586153e-01
-1.111803652633475803e+00
-5.863344800188359240e-01
2.222412070515801530e-01
-2.450016905374996778e-01
-8.763425686687572602e-01
-1.985187557051843743e-01
3.376863208907266989e-01
-1.080170838407877310e-01
3.881146300130244864e-02
2.103966564081641177e+00
-3.428196972105416185e-01
-4.219097336726169989e-02
1.047022460321570536e+00
7.848348899666344192e-01
3.836425410079531972e-01
-3.247210120551113910e-01
-1.394522934009029713e+00
-2.071094388932948949e+00
-1.368781365177950349e+00
8.555591745583603913e-01
-5.972856685066414428e-01
9.000618858521865218e-02
-4.019846570244441364e-01
1.478401409965975910e+00
6.161734149259777693e-01
9.209016073776378486e-02
-1.061323793776767221e+00
2.775764903968852004e-01
4.230237673574316348e-01
2.290267047820763735e-01
-1.003823596106133476e+00
4.798966940602245046e-01
-6.059398968845967071e-01
1.762988732800694902e-01
-7.256158257571503067e-02
1.489924013755411947e+00
1.698456510179448209e+00
9.974619665773294674e-02
2.251509551292319167e-01
-7.635578158461442388e-02
4.276483060504586153e-01
4.235063381982228092e-01
6.105264660120603981e-01
9.486959335486070399e-01
9.425106429105977179e-01
9.430303080032018670e-01
-2.342057349657100940e-01
-1.110978025046823303e+00
9.846100248777380770e-01
8.559429701777206967e-01
-1.314472427995595494e+00
-3.629719262725206175e-01
-2.007766955737633197e+00
1.091477133313550230e+00
-5.280055835327516212e-01
4.804502097371225466e-01
-9.247687808391797937e-01
8.740048340983093134e-01
8.169720739649187491e-02
-1.074030565044073460e-01
-2.113663260572303138e+00
4.614723688207007790e-02
3.614073041247113927e-01
1.479695876154222045e+00
-1.970034167066428421e-01
-5.607758858338972585e-01
1.203181613957847285e+00
8.764452430079903156e-01
-1.216175476175837822e-01
-4.529199411347415438e-01
1.176150423162534375e+00
-1.124291860003482135e+00
-1.622138397130466481e-01
4.092641489353369688e-01
1.242974343932875397e-02
1.923897157764010490e+00
1.031626138965135997e+00
-5.243785353258189064e-01
8.487871329257357100e-01
-7.342135557800482104e-01
-7.180470969036627515e-01
4.544862205886899820e-01
-2.023934830265874396e+00
-1.261680413826669067e+00
-1.037824511104877390e+00
2.455650547660517269e+00
-7.016151102491111624e-01
-2.379384642346225529e-02
-8.633052378464052268e-01
-1.590055746418700122e-01
4.793980239712570257e-01
-4.954871851930821025e-01
-4.738125208160333113e-01
1.825490697453337807e+00
4.606208876384916828e-01
-2.432503074053698755e-01
-2.566694093921941255e-01
6.333980012632275391e-01
-9.396213763482664794e-01
-7.246122690591009219e-01
7.350807319103445092e-01
-4.511897796991808929e-01
-1.828712685702017227e-01
-7.063169217412643697e-01
3.339089076974143810e-01
-3.974520415608205903e-01
2.018936792666634339e-01
1.422383277498722620e+00
-1.347894836997668877e+00
-2.098912386529201701e-01
1.170333225392601734e-01
-1.614136035043354234e+00
-8.260447898235812048e-01
8.512056165985787404e-01
2.748871726698216555e-01
9.885316313926172382e-01
2.216506720268865069e-02
-3.207568345418475297e-02
9.933051875744622894e-01
5.246478120470425832e-01
9.379592570583021871e-01
6.102818685984429115e-01
-5.303388358926124369e-01
-6.230650663733859895e-01
6.468717618587491724e-01
-3.732060216871031094e-02
-4.353027017443072411e-01
1.176952583700355381e+00
5.875813998880881073e-01
-4.115343523145349458e-01
2.086746940526845728e-01
2.304102630678353247e-01
7.120584052496919947e-01
1.047100213017075676e+00
-1.346841193981803027e-02
-2.299109179575652195e+00
-1.063405530729531590e+00
5.931263932041339615e-01
-5.912857349062504708e-01
-1.761374203526548943e+00
-1.047239169385444590e+00
-3.393884445961536378e-01
-6.385299278316679539e-01
-4.758033901970127322e-01
7.114093397545879771e-01
6.534680648972696071e-01
3.609608735105115929e-01
8.374896068575427011e-01
5.329993572339717170e-03
-1.042574378642119326e+00
-7.704928321788244439e-02
-2.509407619804001843e+00
8.390160763185176007e-01
-3.095891643243812719e-01
1.172206446369297578e-01
-2.860595235750750809e-01
-2.490396092290767527e+00
-5.174143712220550251e-01
-6.239284530538116158e-01
-1.402919001578161629e+00
-1.807060552438404910e+00
-4.882824875699660616e-01
-1.293988688976861201e-01
1.144881240048995774e-01
-3.657219080795791610e-01
9.027435805232019161e-01
-3.683168454337170522e-02
3.656029848887444866e-01
3.296655745438120122e-01
6.953681350380904735e-01
1.308509488470638527e+00
-8.853599091407847732e-01
-7.153502189243157172e-01
-4.038277605094675038e-01
1.297612289384744821e+00
2.392776569874499604e+00
-2.206848070447690269e+00
2.781165655324604469e-01
-4.126990248664499233e-02
-4.555405641014752538e-01
-7.748543005082769719e-01
9.051678049659436232e-01
1.632511284798844331e-01
9.567814235156143488e-01
4.081900952225072654e-01
1.006196131219240897e+00
1.504834362729900787e+00
3.656650589749931846e-01
-2.165397735028020409e-01
2.403875088617311029e-01
7.506418128136820543e-03
-1.445929395521274863e-01
-1.320354915223793002e+00
-1.222208088693360617e-01
6.096007713167389541e-01
8.755012001049922166e-01
1.703393436216277479e+00
-5.281989682564118826e-01
2.986582380843273987e-01
3.627820256541354482e-02
-1.054906437727962665e+00
2.035410184459097493e+00
9.257365778332619088e-01
-1.989426195909336226e-01
9.421964331858864172e-01
3.023410320240748739e+00
1.382977063303301835e+00
9.705508062671940328e-01
9.629000364366421261e-01
3.756677896496328772e-01
-4.605312527197785721e-01
1.245668083245461549e-01
5.586983059259817974e-01
1.359050176361656648e-01
1.360344028579668851e+00
-1.600713510521154959e+00
-8.754685070781917933e-01
-3.769812704246996438e-01
1.462929189059341439e+00
1.061084865903205054e+00
-1.096673856142182046e+00
-5.470276702170864258e-01
5.915172701935076383e-01
4.673672053742836119e-01
1.187849172219807153e-01
-7.063828065090772546e-01
1.226672039147519655e+00
-7.106360556916823112e-01
1.115221041540468638e+00
-4.174307022676257972e-01
-8.804741076172694081e-01
9.338933924364772876e-02
-6.084787626319424492e-01
1.508308431019595997e-01
9.914484431751897642e-01
3.050683571766246605e+00
1.056191711255059840e+00
6.201235489920183808e-01
4.242866447952471365e-01
-2.372954793630113191e-01
-6.318717534153189819e-01
-3.602984151062004203e-01
1.003269210482473639e+00
-5.496336432905876146e-01
-5.092551411041290610e-01
-4.190162021854964558e-01
4.147183872368829793e-01
-3.024051251503705462e-01
1.800947397781955950e-01
3.650902953752473423e-01
3.495018779659765928e-01
7.525701265115454230e-01
5.759604642599901458e-01
-4.971838451823547972e-02
-1.340420573941463855e+00
3.151588623732023281e-02
2.018055074751590738e-01
1.768665756233021580e-01
7.306099368345819745e-01
-3.590566602582535571e-01
-6.156079918896028014e-01
3.754279489700776407e-01
1.350698693425711472e-01
-3.360735882122143359e-01
3.609436039377032501e-01
9.242855417581807842e-01
7.878918595990643814e-01
2.501317570356994757e+00
-3.094599121834900046e-01
-1.642456622442799441e+00
1.444488985020898175e+00
1.084505649928759974e+00
1.943698412463151504e-01
-6.559362799425334511e-01
3.550954044918540053e-01
1.235616935185848808e+00
4.004320912752265538e-01
-1.049904794850615719e+00
-1.599841262326985758e+00
4.928341777334144941e-02
-9.089547545845992893e-01
-2.366744011424933569e-01
1.018570240116942971e+00
9.630329454805696132e-01
2.206452372514851490e+00
-6.317946019912108468e-01
1.799009919166319360e+00
1.130069832623328968e-01
-1.039552149911660228e+00
-1.914044992976458026e+00
7.001722833586365713e-01
-2.061662429657632467e-01
2.440503273270826945e+00
-3.265681704456367407e-01
-6.442934690782802232e-01
-1.997669807294313093e+00
1.705563394734903593e+00
-5.583616999550621296e-01
1.392591860503507251e+00
-1.547455200043919232e+00
-1.442717745670406115e+00
-1.786192051195812369e-01
-6.424324682605335735e-01
-6.232616339574159614e-01
1.186028240774596121e+00
1.900989535983982126e+00
-1.797374694401794593e-01
-4.034609691914626817e-01
7.330586205517382326e-02
-1.322164565318195706e+00
7.288974312943256040e-01
2.047689282961868695e+00
-6.400318072792110513e-01
6.028502387354334191e-01
-3.040436794869648685e-01
-1.251496480964684022e+00
1.717062447851802176e+00
-1.726798783985233454e+00
3.334916224933996420e-01
1.728298273057698731e-01
-3.105849884531187155e-01
4.235133597248557508e-02
-1.927619500273552722e-01
1.080427574706249949e+00
-1.218007701633148088e-01
6.613837810186856681e-01
2.674426479330087592e+00
2.494027836774707296e+00
1.068347653580761003e+00
-4.935130559352410295e-01
8.511677882341512902e-01
-1.727296649837177123e+00
5.279660162570096738e-01
7.297536452427422216e-01
1.410906697178028746e-01
4.142144129573002709e-01
7.152014740567267381e-01
-7.657055760998512928e-02
2.346775780052915220e-02
1.061459918874574582e+00
6.745173491036933200e-01
1.276670947544213675e-01
-1.710339535481594231e+00
-3.937865371366937595e-01
-1.680282244283444471e-01
-8.530040400042616655e-01
-6.871885748273869332e-01
1.179813503276150533e+00
4.601036868883296438e-01
-6.035460815718649563e-01
4.283683165369007173e-01
-2.135176138385328048e+00
1.768707740549487983e+00
-2.409281789834387955e-01
6.323135431057019806e-02
3.376430109686943126e-01
-7.732094905757070924e-01
-1.251385545233976382e+00
4.797735038498988636e-01
-2.514374136064413956e-01
-5.107202547166656004e-01
5.037595954199952653e-01
2.006805624713282388e+00
-8.190206267538949758e-01
2.588516421899248687e+00
-1.379843767884388450e+00
-3.884080823995079146e-01
3.724219652156283145e-01
1.689360286973648373e+00
4.991582725916487995e-02
2.082967567116302508e-03
2.395718774567811682e+00
5.575604017987693117e-01
4.590981074413589269e-01
8.586960852668000799e-01
5.740924931819270105e-01
1.364883079828088652e+00
-6.432522566979892442e-01
2.086746940526845728e-01
-8.397662714100587733e-01
-5.055538904750737049e-03
-1.104400939519058350e-01
2.932371027799142160e-01
-3.438211789445559941e-01
3.268199671446200827e-01
-1.884887487924881977e-01
-1.770030368050441449e-01
2.513724966878067568e-01
-9.811726995687998221e-01
7.843281277078693048e-01
-1.130409285144142517e+00
1.277467634011739461e+00
7.276751700707383419e-01
-1.041519571022720275e-01
8.525754711011979126e-01
-2.783235548983370222e+00
-6.557211465975688602e-01
-7.594514621935500864e-01
-1.363743097300657237e+00
9.281286814112117423e-01
9.455106495717473525e-01
-4.817507302517926582e-01
9.387476435688831833e-01
-5.502234872964435058e-02
-1.579380811588335876e+00
-8.518538713926916417e-01
4.676132582981972208e-01
1.062552808927017117e-01
1.320021048660048768e+00
2.598272755671287571e-01
6.750671355602144708e-01
6.854371017235150187e-01
1.087018527869870743e+00
5.915676413156633062e-01
-7.013559797546490282e-01
-5.437742332699301295e-01
3.800656812506100213e-01
2.444006150598428129e-01
-3.142168355341431463e-01
6.442071755252674059e-01
-6.886393002927351237e-01
1.232144888879975753e-01
-9.078109630101216521e-01
-2.141878590200022359e+00
1.341126909936708911e+00
-1.076380656289509102e-01
-8.544300638048264451e-01
2.665180533777073424e-01
-5.902892220920309407e-01
5.595971345749571890e-01
-6.905525200668244379e-01
-8.771083542228479413e-01
2.404380522275972876e+00
