3.425508790738406306e-01
-7.899520902735601702e-02
8.129360847017537139e-01
9.370167161665857725e-01
-1.333653680667579167e+00
-9.945331147334394162e-01
1.354039110584311090e-01
3.114964777075495891e-02
-1.459231912529326547e-01
-9.741695429125631911e-01
-6.326836540898006511e-01
3.340740916796975379e-01
2.481393972826635985e-01
1.152116747512170969e+00
-7.484415995975681746e-01
9.322920484236352223e-02
-2.320805723482169958e-01
1.528408532715374246e+00
-1.191041256055807261e-02
-6.529185881080731280e-01
-5.054595394364335137e-01
-1.241861958794290732e+00
3.045923489859687638e-01
-3.227805877079406582e-01
1.568539716049421218e+00
-8.111870860893016788e-01
9.633121067553418460e-01
7.414077785677205545e-01
8.051530539960930488e-01
9.401485261443170982e-01
-1.021495428836578956e+00
-1.766394058929005917e+00
6.793852868854605154e-01
9.460556231149985784e-01
6.196728618074440753e-01
-5.006818363428575669e-01
1.757530854234721662e+00
4.964985475655928071e-01
-1.031605724926226264e+00
1.386987613906181860e+00
6.115457313898470249e-01
1.876075727950573258e-01
-9.616998394492222157e-01
6.148410731896322146e-01
-1.177090172636467091e+00
1.306255799021402986e+00
8.527630716233154384e-01
1.403991983976230262e+00
-6.129034454998241177e-01
-8.968787131520484790e-01
-2.217628850828956999e+00
1.137940698018927277e+00
1.845253579515061804e-01
-1.577379998127039107e+00
4.165804468089125412e-01
-1.169270903882040802e+00
4.308325970937299410e+00
-4.203386044840731750e-01
1.024370411619933696e+00
-1.526286064085880412e+00
8.247145133886871760e-01
5.698301452507541498e-01
6.371328531336510892e-01
-1.025436757495349571e+00
7.069027495283635165e-01
5.770567806229405239e-01
-3.392276337375587092e-01
2.468850149377035674e-01
-1.029718898650109793e+00
6.105395202903506346e-01
-5.469310653672017353e-02
1.114153805114020124e-01
-1.303597409771800386e+00
-2.485695536883526235e-01
-1.219545198767884864e-01
4.138794424289885532e-01
-2.460112624231169498e+00
-2.474745651817863434e-01
1.496449576920835245e+00
2.407324798308020652e-01
1.186129040989470029e+00
3.345957246104357963e-01
1.487968589641255057e-01
2.152737833846630200e-01
6.312972197940802666e-01
-6.355990735087324595e-02
-4.978851795371925792e-01
-8.148377888167142036e-01
8.456422935273676389e-01
7.403048891057445458e-01
2.329611083725428577e-01
4.322483134195626020e-01
-8.596830562720946256e-01
-4.963678942181543041e-01
-4.100578870571446322e-01
-1.221231939320212900e+00
7.063211883334096219e-01
1.462125042061198199e+00
9.709774321141350084e-01
-4.059953793190481663e-01
-6.469459331248593736e-01
-7.459706589796132326e-01
5.122314985525919934e-02
3.152332784599752857e-01
4.784814827483017674e-01
1.432322920794036447e+00
2.619361803253743570e-01
-1.917877572995174435e-03
1.221811243648279338e-01
-9.075866429868136853e-01
2.574326357420603575e-03
-5.030197134778751078e-01
-4.067831786651017190e-01
7.717573176646200794e-01
2.497466104664751163e-01
-1.564051779532626141e-01
1.194137246752057457e+00
-1.197961984790124612e+00
-2.401622972114071317e-02
-4.451604782668577287e-01
6.741003094524660177e-01
-6.375228734479145842e-01
-1.540473894661897047e-01
9.841122777949061831e-03
-1.347590233164556173e-01
-9.973690098331001730e-01
4.161816877222094258e-01
6.100347442679380228e-01
8.399398928740103853e-01
6.509825085141363044e-01
9.724596259012309174e-01
7.211237756117244713e-01
2.764087160095010653e-01
-6.894204782679314025e-01
1.337895964052606246e+00
1.319267466948760514e+00
1.370442790897713037e+00
6.545355742763815377e-01
-1.606361961110850611e+00
-5.322574599721840993e-01
-1.286719681111332669e-01
5.005296232868364920e-02
-3.158571990813489272e+00
-6.095097199358394668e-01
-1.116012371972404438e+00
-1.337385747750783338e+00
-2.411478772491078559e-01
3.878695456689402188e-01
-5.496435038104480197e-01
5.383428522339510636e-01
-8.820174640072541150e-01
9.700213639679563515e-01
-1.089550665810200103e+00
-7.375757234469362475e-03
-6.762522222825467777e-01
1.202656107604560265e-01
-1.627659868037813762e-01
-3.326784880442515413e-01
4.678409021492309638e-01
-1.623343213808604357e+00
1.526784880675908340e+00
6.692548517815226639e-01
4.653199845463255602e-01
-8.105796414489877533e-01
2.149800385393410285e-01
-1.437924196961572199e-02
-1.239170554102459798e+00
-7.304244385468948719e-01
5.955531149663138013e-01
-4.091587935440386681e-01
2.109535167072342232e-01
7.495390022590798784e-01
1.631073430073788577e+00
8.920370240323517441e-01
-4.861544806345654557e-01
-8.330688922083424597e-01
-3.581698801826226075e-02
-9.064501583524707529e-02
8.359720901106316715e-01
-7.727077410693936610e-01
2.260964721594017901e-01
-4.741180875294724317e-01
-2.960089757863679782e-01
-1.255618188623278897e+00
-1.639043445482649131e-01
3.119583362378852143e-01
-1.439483535530832858e+00
-3.762591491472317556e-02
8.586701685939969186e-01
1.152987160650046583e+00
8.901607867689903530e-01
-7.109348968490680765e-01
-4.779220766214647420e-01
1.926212873367629808e+00
1.788894148562218733e+00
-7.157144216096799072e-01
6.557527403600472704e-01
-5.094038531559821198e-02
-2.976897144227511061e-02
1.246755329966870995e+00
-8.697418574764622656e-01
-4.835250030647283426e-01
-6.171375941643509888e-01
-1.679248293432753059e+00
-4.682028359686971064e-01
5.576565563659244829e-01
8.136133988669499995e-02
1.949270292355935075e+00
7.186326626101370296e-01
8.511968121884848637e-01
1.162679739123225531e+00
6.405827897610347765e-01
3.539634491513560244e-01
2.273733125883314443e+00
2.065472428689264228e-01
-1.000132241163148861e-01
2.796632147252529621e-01
1.547172068664048189e-02
1.594171425932539687e+00
3.377464312453882234e-01
1.361056645481018568e-01
8.467215582088718495e-01
1.764061659718992592e-01
-1.055316055575616474e+00
5.279519467406922351e-01
4.717850569176914033e-01
5.375126977411864848e-01
4.064617694119612157e-01
-1.041412148070986365e+00
2.911174432884416352e-01
8.973423666480920824e-01
1.115094423797300616e+00
6.958946494905089430e-01
-1.639463983181664419e+00
4.545486145451633764e-01
-1.910698464976446076e-01
6.724376075416796938e-01
4.094055625913948782e-01
7.560120861477631626e-01
-5.306737405032164734e-01
1.825319841921000830e+00
1.603027394656108828e-01
-6.851545850772785551e-01
3.852392318852664865e-01
-2.106876937837728059e-01
1.297429781092691581e+00
-3.943891292598613041e-01
-9.588956531729653232e-01
2.800427464560947266e-01
-2.380841958534601899e-01
-2.860304229567855128e+00
8.700223707119408845e-01
9.184100346317796149e-01
1.581995130530395033e-01
2.064436930274751551e-03
4.516470266236535802e-01
3.191879155550032127e-02
4.671054892561451455e-01
-4.078037769746474250e-01
5.536189898621409755e-01
2.124695040373855981e-01
-2.458812598498967550e-01
9.037419611562509392e-01
3.550983156378793582e-01
2.851868953814242214e-01
-3.563761520306887309e-01
2.810787493187183461e-01
-4.858316812485192759e-01
1.536086005450517211e+00
3.034019284391004656e-01
2.171431729520226117e+00
3.944468666063657980e-01
-7.945359510829407279e-01
5.392590022362839797e-01
1.839957416924989930e+00
3.102730664749952516e-01
-1.017901123821231435e+00
4.353771823650840478e-01
2.239106445238340903e+00
6.149091930906385173e-01
-4.263889508408227891e-01
-2.821622501980928788e-01
4.433700038046639591e-01
-5.516702541949775052e-01
1.124796919769791570e+00
1.953683027856802923e-01
6.367073581283475003e-02
-3.816207519644786439e-01
-7.263903057012542908e-01
7.691211641893878070e-01
5.908166788196878016e-01
6.778358344999270424e-02
-1.862401969840629778e+00
-6.011022387595338183e-03
-4.282229304157172400e-01
3.487713327336798841e-01
2.619608447209453295e-01
1.252798051389806488e+00
3.674146880922564140e-01
7.769756056634492536e-01
-1.161862702845885692e-01
-4.726042593397415392e-01
-7.633312022105268602e-01
-4.172445474594982606e+00
-3.924631238214849605e-01
3.680349361883615278e-01
-2.655593434247625617e-01
7.410350896175348367e-01
-3.283447010994793303e-01
-8.322690929275722987e-03
-1.372812550753542762e-02
1.485612839137041119e+00
-2.163830916263038973e-01
2.244267631178668232e+00
-2.936137294581835366e-01
1.016970609249470359e+00
-3.966457154921533279e-01
9.929684177735411676e-01
2.296919870024763943e-01
2.010846368376371984e+00
8.295341328296197414e-01
1.055343596028584553e-02
3.753761334009251827e-01
-4.926043871527107654e-01
-4.344995782581380084e-01
-8.014275991969760371e-02
8.997282698463109352e-01
6.755876141439384197e-01
9.360432483487266531e-01
1.849726360994580432e+00
7.204530874356194214e-01
-8.440703322296249089e-01
9.479887466547275432e-01
-9.184717255596490659e-01
1.955632341535336882e-01
1.067449336004554078e-01
1.446781051386957895e+00
4.546217705498435402e-01
2.773613957945683661e-01
-5.960786789806319375e-01
2.597979463504038189e-01
2.426111365964910560e-01
1.194694273676021545e+00
8.579456624407929555e-01
7.700892054250116914e-01
-8.000693921709430834e-01
-6.460898720567920250e-02
-1.215150792160497178e-01
1.125598898650170959e-01
-1.483010137704162124e-01
1.376392688326378566e-01
-1.648495829793192313e-01
9.776453285337053378e-01
-2.726033605968860019e-01
-4.772978258209089608e-01
1.581394236329232816e+00
5.290711230752905836e-01
-6.619828319070618639e-01
-6.870302290356783415e-01
-4.543214854586892781e-01
-1.562675304520735997e+00
-4.596272749766870946e-01
1.308380295283094297e+00
-9.108763344000814222e-02
9.767700561223472411e-01
-6.656912354491681949e-01
-4.068461965610031816e-01
5.407815885214609652e-01
-4.162775271178245973e+00
2.140191018676249890e-01
-4.851251324002333609e-01
-1.082624343904994957e+00
6.602729640458677718e-01
9.456689115562018355e-02
1.650297051754196831e+00
-1.173903156249943125e+00
-2.239420280451448197e-01
3.159690423885495036e-01
-2.368623762594378457e-01
-3.332770613260861020e-03
6.423945306941590827e-01
3.867695040426857300e+00
-3.387462413930286687e-02
-7.366725075371579612e-01
9.985948690157567809e-01
-1.650043394547676900e+00
1.301042239021065194e-01
2.582312649284745909e-01
6.656184175155461791e-01
5.531414337375968326e-01
5.822606812179328267e-02
-8.527505728722872824e-01
-6.609725201000071770e-01
-1.262900150094525165e+00
4.268315004461110118e-01
-6.126672438029766576e-01
-5.416324258088225929e-02
-1.030016463606044042e+00
-4.718394152081735182e-01
-2.966185526012394269e-01
-5.482126556295825459e-01
-3.455084945144836772e-01
7.039683146783561885e-01
1.756469438482845258e-01
-3.888556881718589486e-01
1.770502449810024581e+00
1.909543050727032121e+00
-1.449112971091189028e-01
-3.873506541354401755e-01
-2.965356716989465125e-01
9.404453708329172379e-01
7.848089253791892261e-01
-8.127116966037897239e-01
4.492300806766021948e-01
-6.934239048924768778e-02
4.579991353983262625e-01
4.636193676014915277e-01
1.255536853176831391e+00
8.191889232805098509e-01
-5.866898148758585840e-01
3.883533186985937968e-01
-2.993033603926601449e-01
1.099363553603882382e+00
-3.221983710682870816e-01
1.383351493051896863e+00
-1.613302569916707618e+00
-3.769616405855637509e-01
1.625222073201714190e+00
1.896246453254924580e+00
3.941434504985598386e-02
-4.210827697777752565e-01
-2.270773020539061937e-01
7.579262231502055247e-01
2.494520253398156306e+00
-4.070401776054921039e-01
4.071374892770501797e-01
