1.370307489144029889e+00
2.592595653396733701e-01
-8.219222730838092739e-01
-1.348133764182749772e+00
-2.522055966270898786e+00
-3.971732851426220123e-01
6.250014424951853831e-02
1.115103258754805760e+00
8.783100158981869132e-01
-5.745822491834792073e-02
-1.511393269907102654e+00
3.622912535475893980e-01
1.571583637487266316e-01
1.331308541825995784e+00
5.282666549533549666e-02
1.437278216651256990e+00
-7.182011244654551430e-01
6.571575622337315625e-01
-2.076945779544315251e-01
-1.602967427755853436e+00
-1.605684094689558750e+00
-8.583155684439575106e-01
-2.344018643818620296e-01
5.038499430282957769e-01
4.949266156807049510e-01
-3.003672957773643182e-01
8.373242760205976687e-01
3.196557853825190421e-01
1.612477597220275671e-01
1.281126050845576569e-01
-7.240378088379357813e-01
9.496876587429006200e-01
1.189362585892877577e+00
1.229690295635398056e-01
-3.866511792011221860e-01
-1.124549725426557956e+00
2.173098565300849216e+00
-1.189945770347226928e+00
6.173996389570484133e-01
1.224264894520731950e+00
-6.101706061422363936e-01
-2.753192611706938298e-01
-1.185135753404806369e+00
-3.814461575674588101e-01
-8.026994933388861275e-01
4.395603383011069121e-01
1.720695271359466316e+00
-5.903268531553969023e-01
7.052379852481135969e-02
-1.231862300528730331e-01
-1.887512836220530010e+00
1.203165283937819741e+00
-4.779345105067388522e-01
-1.781572697633131197e+00
1.403093571771056203e+00
-1.247533365572021546e+00
1.171725206882635817e+00
3.787593938288816298e-01
4.738455562260842635e-01
-2.309756095914780705e+00
5.770754514125504553e-01
7.198827904063971328e-01
9.024291754001690924e-01
1.717640313525466145e-01
5.106259693200000394e-01
-1.209535936328417910e-01
1.448433649333244588e+00
-4.330779669917668717e-01
-3.274509628328679534e-01
-1.111409426241100618e-01
1.974678768101989224e-01
1.002034093409496673e+00
-2.543461153719999590e+00
1.047883604323448292e+00
3.606017016920502749e-02
8.963657846350440161e-01
1.413661871510261792e+00
1.926102849334309919e-01
5.717849527192612191e-01
5.103389285879249559e-01
1.403727734596395445e-02
2.536184776405337460e-01
-3.467662175117245948e-01
-7.418204967971983033e-01
2.408254303966818888e-01
-1.342170060750755400e+00
-9.473373621253053933e-01
-1.328151122565515818e+00
2.716858058139345333e-01
6.653624564716600354e-01
-1.766627210902241285e-01
1.074430826181428156e+00
1.137818217216270827e-01
-1.828892745754313820e+00
-3.738744332681445126e-01
-1.515480827307173373e+00
7.138863867155988974e-01
8.351781311424223420e-01
-1.076617227957074596e-01
-1.726485589472278592e+00
5.338318262933892111e-01
-1.062265923128676182e+00
-1.012176316758761629e+00
1.227043989985882266e+00
1.128586039818265663e+00
1.482830653788323183e-01
8.293474780725096362e-01
2.966385237140907460e-02
2.336129784893464512e-01
-9.230815544344830315e-01
-9.901977067608104532e-02
-8.342450989279012186e-01
-1.077874734009685476e+00
6.160223366267684186e-01
-5.961139227546608660e-02
1.143860021453490194e+00
-1.767475323735463455e-01
-9.394114957124979348e-01
5.011905694057893212e-01
2.868694230430220982e-01
-1.279991141120356002e-01
-5.622701949805873900e-01
7.438261319674674965e-01
9.125721973538581944e-01
1.092303741190659566e-01
3.103345133892796981e-01
-3.863353819351119517e-02
-1.363822161638313657e-01
3.331884814513808718e-02
-1.905602851595981362e-01
1.777182389948931962e-01
7.315978293411012912e-01
5.861376522736945205e-01
2.112009338375516604e-02
4.736086407030543760e-02
9.436966598602704037e-01
1.843116075442021939e+00
2.638979358597223768e-01
-3.618844764181652796e+00
6.271035067541308461e-01
-2.012289729533507932e-01
-8.264873944841089060e-01
-1.699265288953046182e+00
-6.701395148271441227e-02
-4.809509242545846885e-01
-2.515771007590740904e+00
-1.224901089527530296e+00
-1.251798657050572916e-01
1.695348713566426635e-01
1.155054115375642398e+00
1.324946403153242303e+00
3.275059611673330484e-01
-2.302162666689993031e-01
-4.897271103398074255e-01
-2.796127982994439876e+00
2.380427821744574568e-01
-3.948465408687292233e-01
-7.588705830405584329e-02
1.623623851646968985e+00
-1.472789350550681275e+00
-9.764194262954347669e-01
-9.653147446130237730e-02
-2.841044345909941593e-01
-1.611842319911144794e-01
-3.864334503736860937e-01
-4.866557436728210506e-01
1.342939559648765602e-01
2.235183353108196602e-01
-4.147732123878536403e-02
-8.556434644186636795e-01
1.568529166727911373e-01
4.467560293060332532e-01
1.623524360615974826e+00
1.478941297346192618e+00
-1.445624452300364515e+00
-9.933821175554321536e-01
-2.071115566442758293e+00
1.086585662463081858e+00
2.741262116693957696e-01
-7.688259988843985093e-01
-2.309850192734309582e-01
-8.478174440955941193e-01
-4.415784269737149659e-01
-5.765665512928122016e-01
-4.539302314522169340e-02
-1.154393170699022919e+00
-4.773550873721680854e-01
-7.248136951565087305e-01
1.715551695838448243e+00
1.107912630505067386e-02
-1.483553610147867241e+00
1.156175175492409002e+00
5.830415830706743296e-01
-2.245628165265574905e-01
3.681625848410437496e-01
-1.380537258686016733e+00
-6.500794515603889323e-01
7.151200921153171297e-01
4.566854377111831953e-01
7.180831381012043879e-01
-2.923494249325443439e-01
-9.521944482831107281e-01
-1.453249095243329403e-01
-1.125787019026943003e+00
1.454492746703268669e+00
4.480496635796349381e-02
2.647150531560764075e-01
-1.168797560566908061e-01
5.512193663163028612e-01
2.717624005899076933e-01
-1.136880981739711444e-01
3.064009604980559853e-01
6.279880720017125828e-01
7.881456426955201211e-01
3.864701714331605920e-01
2.282958252026210388e-01
-5.656370955910378084e-01
-6.422219869758839794e-02
-5.189829797920501031e-01
-5.707108622699835765e-01
-3.049826987689944757e-01
-1.719879871807925564e-01
-4.519121735382304883e-01
-2.403807943798615288e+00
-5.143243037255206263e-01
2.481422069314680900e+00
4.353182018328946024e-01
-2.986105378538639332e-02
-1.394036217852282045e+00
8.219824163594805499e-01
5.044284465642371318e-01
1.015330205354940674e+00
6.603662768665814475e-01
-1.376616139665800098e+00
1.005116993613310639e+00
-7.807081852825152879e-01
5.120730857555146898e-01
5.800013006904353174e-01
1.057898002543695926e+00
-2.727859907125928518e-01
1.095301256724712902e+00
9.186115654840618650e-01
-2.721389510313699245e-01
-2.293762396082262289e-01
6.898778100812838487e-02
2.302587743120782626e+00
-6.587545156117466938e-01
5.496050329041587412e-01
9.607761974518616022e-01
-7.464283904476358422e-02
-1.034306291235835562e-01
-8.146966125128790592e-01
-1.207163455864926210e-01
2.226048907145057321e-01
9.621067190436520811e-01
2.163847836131160829e-01
9.226630536302830032e-01
-2.942889242296507502e-01
5.219318475646024247e-01
5.820544782781049697e-01
3.823363471372218103e-01
1.468217238344683651e+00
-3.035977473095724521e-01
2.501442745059003769e-01
-2.233836082787499233e-01
-8.395211197702565631e-01
2.048901431238641518e-02
-9.663925630954561807e-01
6.286825344278861305e-01
-2.226392509413729903e-01
1.448889446246166335e+00
-2.090836697540300326e-01
-1.419789269252065722e+00
-5.161004140642223570e-01
5.930318994418721790e-01
1.075993103952467500e+00
-1.404056008561838764e+00
2.217384061869039427e-02
7.392483124349581436e-01
-2.918938397550832620e-01
-4.410001414641786521e-01
6.107855495861539419e-01
-7.818083459529245882e-01
-1.564689573715554838e+00
-6.526281091792623945e-02
2.241397201387894944e-01
5.316621532820836604e-01
-5.736297749311488614e-01
-2.239424455974030614e+00
-1.066218515789032262e+00
-5.431250468047297275e-01
-1.280664015582390174e-02
-1.529549689092245535e+00
9.641243677904579590e-01
2.315719678447246410e-01
2.723550580254499587e-02
-7.020955982789518768e-02
-1.902919006345631103e-01
-1.148526317871162217e+00
3.106962107709767107e+00
-2.996752759810806244e-01
-1.082836451718933946e+00
-9.259241935530579948e-01
-1.430219962909097919e+00
-1.093237839584459081e+00
-2.096525705528780481e+00
-6.018543485353818889e-01
1.576766010133045792e-01
1.679019659790324803e-01
-7.711733130902734823e-01
-1.135413195924432905e+00
5.862114210815376758e-01
-2.126413686906651612e-02
1.180243939488740068e+00
9.211131309563634906e-01
-3.965670181869335870e-02
1.547236909300306329e-01
1.839905341319339360e+00
3.933135506960430683e-01
1.534699319110252591e-02
1.214381514485842972e+00
5.417174307358716412e-01
-1.369421364025064314e+00
4.740203746826131548e-01
-4.292202897037555309e-01
-4.578899363550421597e-01
8.557312275412243263e-01
5.709077210508918254e-01
8.774942198660953124e-03
1.138726874526458932e+00
6.809325218768280674e-01
4.548402716719854855e-01
-1.006981274985120134e+00
3.235501364480743436e-01
-5.446275160977648300e-01
-6.525798124149425616e-01
1.392722960467961624e+00
1.246914035422148848e+00
1.189103062626477803e+00
-1.367077010502730117e+00
-3.855077852287177587e-01
-1.761359252027268618e-01
6.083211588495731625e-01
-3.749307799967356303e-01
9.624111399011928691e-01
-1.412289537589224819e+00
-2.321834422697922340e-01
-1.841318917317333215e+00
-7.058246225310823574e-01
-4.260848175109346325e-01
2.273777829292201735e-01
-1.634455570384106826e+00
1.880883552144859028e+00
1.724733684425710178e+00
-3.460623779890487750e+00
5.919395464056133038e-01
-3.434072137444057482e-01
-5.488005260027842835e-01
4.786240565031226191e-01
1.401916570974810483e+00
-1.779060133976977376e+00
-1.059346480606252472e+00
5.407769657894307969e-01
-5.116787956245467672e-01
-7.583708771335762044e-01
5.797083285075966819e-01
-1.375968994404312529e+00
8.131753508081447368e-01
-1.432660368764559156e+00
-1.233826237211706200e-01
-6.020292085067311394e-01
-4.078187036247940545e-01
7.633246067709398286e-01
1.384128991163909639e+00
1.345813323041001874e+00
-9.936730083377316447e-01
9.383103370449075165e-01
-6.269895514493439848e-01
1.765090902473262169e+00
-9.387619515506318013e-02
5.783279987385737675e-01
2.403199462564078459e-01
-1.842424947779500721e-01
-1.145917825548120383e+00
9.051670257041978251e-01
-1.286022669181230427e+00
2.825580551731590728e-01
2.358931562677321070e-01
3.036305699320545060e-01
-1.887181341299684352e-04
4.483322966554219580e-01
3.375144048101983429e-01
4.628812149210956295e-02
-6.651452615955258940e-01
5.214486315611389644e-01
-8.207436243899984829e-01
-1.253780555643251082e+00
-3.697394646558387343e-01
-1.399015839112837112e+00
-9.493447262097998163e-01
-4.928269019763823700e+00
-1.590911892890452206e+00
-3.113389140576631742e-01
8.317058786367816925e-01
-6.662542472745877076e-01
8.271312226102298659e-01
-5.535620405678688405e-01
-1.362633655534467358e+00
-8.257229074351226661e-01
3.713366732742450632e-02
-6.676713331508207783e-02
-5.581870908306605372e-01
-7.077913269594416912e-01
-6.291244543019869351e-01
8.501267771430062181e-01
5.387819230763908340e-01
-7.721228191196732871e-01
-1.766645704616807422e-01
1.061449219062852833e+00
1.375642938535952819e-01
8.141169994819766886e-01
-8.995014805840309373e-05
3.842589278639864658e-01
3.308858304102760273e-01
-3.887169133509963959e-01
-3.969721638862750424e-01
-7.355976597673082873e-01
2.085736422580322991e+00
-5.566818857904060058e-01
-4.403368314918973403e-01
-9.558643734600479336e-01
-8.040914150693708740e-01
1.594244968949765751e+00
4.285371126626345561e-01
-7.348962405100292195e-01
1.401639369850282923e+00
