1.358084236208326523e+01
1.220176454600341032e+01
1.404767846892088556e+01
1.190399857996845512e+01
1.391063029218237013e+01
1.217602549465841122e+01
1.337960426092782917e+01
1.322015167429546167e+01
1.433539610537117071e+01
1.213343461204666340e+01
1.225234928027888159e+01
1.220176454600341032e+01
1.337869160579534622e+01
1.341919523778015488e+01
1.339844069242319335e+01
1.338942308592326391e+01
1.338745633888395759e+01
1.217960147290500039e+01
1.195080293073665700e+01
1.382120431163478358e+01
1.211504375612836881e+01
1.217960147290500039e+01
1.390276676625929575e+01
1.220485894569148044e+01
1.206376438450563704e+01
1.338301341501816921e+01
1.192102156579249339e+01
1.407396117486178788e+01
1.337584070632524380e+01
1.404767846892088556e+01
1.366007001883079930e+01
1.193916856935995341e+01
1.217602549465841122e+01
1.413839701465784415e+01
1.413078212140206524e+01
1.225234928027888159e+01
1.195080293073665700e+01
1.383526542266671555e+01
1.382624081397462135e+01
1.340212491026504438e+01
1.437184558785991229e+01
1.215158161561412342e+01
1.382120431163478358e+01
1.404767846892088556e+01
1.339592926630771608e+01
1.361640999080645464e+01
1.383526542266671555e+01
1.193916856935995341e+01
1.339295672268527504e+01
1.192102156579249339e+01
1.217602549465841122e+01
1.215158161561412342e+01
1.358282311925480634e+01
1.409907511880345687e+01
1.339295672268527504e+01
1.337960426092782917e+01
1.221477146229649868e+01
1.344161621539454465e+01
1.206376438450563704e+01
1.344575848985432920e+01
1.338417956350078164e+01
1.316638300373691450e+01
1.339919478165290379e+01
1.199244589943731221e+01
1.196959292375480643e+01
1.222640582367320228e+01
1.344715713384723621e+01
1.340818418310113991e+01
1.198935149974924386e+01
1.433539610537117071e+01
1.213343461204666340e+01
1.216321597699082702e+01
1.346084383640882542e+01
1.365095123732904092e+01
1.366714443974973214e+01
1.369416628289599736e+01
1.386154812860761965e+01
1.320807693395923721e+01
1.196959292375480643e+01
1.439778904446559160e+01
1.206376438450563704e+01
1.346243128881983253e+01
1.359602258559232091e+01
1.341123641980505887e+01
1.432631233763673961e+01
1.391063029218237013e+01
1.407396117486178788e+01
1.432319816738315055e+01
1.394809384239054495e+01
1.412965117666157866e+01
1.409907511880345687e+01
1.426727343402992609e+01
1.369499492424067277e+01
1.218474293283302856e+01
1.369337012740810877e+01
1.207275210044507752e+01
1.213343461204666340e+01
1.217602549465841122e+01
1.337860408837314807e+01
1.323051604266574088e+01
1.215158161561412342e+01
1.401695745013030425e+01
1.337907282211131132e+01
1.337474934941016969e+01
1.367943613653109480e+01
1.398167756025627284e+01
1.195080293073665700e+01
1.339317577786473024e+01
1.226495439268578735e+01
1.217602549465841122e+01
1.413839701465784415e+01
1.317302770397578904e+01
1.214166909900910341e+01
1.365138140960861257e+01
1.215158161561412342e+01
1.381708292984696129e+01
1.223921534134078826e+01
1.433539610537117071e+01
1.211339857442564849e+01
1.366199156989105568e+01
1.358288517117056315e+01
1.380779091703593053e+01
1.219662445872903866e+01
1.339680511886203362e+01
1.337632264845844432e+01
1.411126032074328585e+01
1.418382013833027244e+01
1.342880669772695867e+01
1.215158161561412342e+01
1.383526542266671555e+01
1.190111146775391404e+01
1.318736340620735881e+01
1.336652902628990169e+01
1.217602549465841122e+01
1.190263070987419880e+01
1.338031513767185565e+01
1.217602549465841122e+01
1.206376438450563704e+01
1.341299881989675669e+01
1.216321597699082702e+01
1.347754251191348729e+01
1.345864811489232160e+01
1.217671436069045932e+01
1.358833576682637734e+01
1.341950639805430612e+01
1.382624081397462135e+01
1.228516514669924753e+01
1.338049035202850412e+01
1.433018269701973857e+01
1.412298305911700069e+01
1.342396485612324497e+01
1.197674638734233810e+01
1.368048544821760792e+01
1.393347582519750816e+01
1.338522097833243762e+01
1.406802818056588755e+01
1.413018511475989136e+01
1.339309987166059557e+01
1.338158524569822028e+01
1.193916856935995341e+01
1.196361244840424476e+01
1.212676649450208544e+01
1.401077696854790133e+01
1.225234928027888159e+01
1.197674638734233810e+01
1.385291822673541517e+01
1.344406784311607339e+01
1.411389929138257138e+01
1.412965117666157866e+01
1.413788566362402221e+01
1.420757857272768199e+01
1.405657065542521522e+01
1.193916856935995341e+01
1.192925605275493695e+01
1.317343371321625689e+01
1.420757857272768199e+01
1.345506058448132514e+01
1.365474229719489863e+01
1.385291822673541517e+01
1.382624081397462135e+01
1.411517981251346399e+01
1.338906175137856103e+01
1.389477764413086902e+01
1.225234928027888159e+01
1.203993623402471336e+01
1.211301334018208209e+01
1.438465510552749826e+01
1.401695745013030425e+01
1.392598396840367592e+01
1.190526968051348433e+01
1.357898931686959365e+01
1.214166909900910341e+01
1.346605720433649900e+01
1.223921534134078826e+01
1.218087257345002961e+01
1.378880109237256413e+01
1.388778616805588939e+01
1.228516514669924753e+01
1.439778904446559160e+01
1.214166909900910341e+01
1.347540727944051042e+01
1.376926451400210460e+01
1.362134647236796958e+01
1.358079060387107972e+01
1.338856172871030381e+01
1.341685974857425201e+01
1.198421141247486865e+01
1.214166909900910341e+01
1.206376438450563704e+01
1.217602549465841122e+01
1.316643284910411893e+01
1.218915943359650456e+01
1.344645841483528592e+01
1.217960147290500039e+01
1.405657065542521522e+01
1.391777206850572313e+01
1.195080293073665700e+01
1.347696655132018506e+01
1.402949597610113130e+01
1.338462275157801962e+01
1.412965117666157866e+01
1.359434035102646376e+01
1.370398655362309093e+01
1.347090611874167898e+01
1.214166909900910341e+01
1.338550083068470542e+01
1.195080293073665700e+01
1.366007001883079930e+01
1.225234928027888159e+01
1.196361244840424476e+01
1.433539610537117071e+01
1.211352451400808405e+01
1.192925605275493695e+01
1.192925605275493695e+01
1.343640569589815570e+01
1.338957565117740245e+01
1.359832312456117442e+01
1.217602549465841122e+01
1.227617743075980705e+01
1.437184558785991229e+01
1.337861296824855373e+01
1.205254134643161912e+01
1.411389929138257138e+01
1.340293980132273610e+01
1.418382013833027244e+01
1.197674638734233810e+01
1.381708292984696129e+01
1.215158161561412342e+01
1.218915943359650456e+01
1.362818710163556624e+01
1.217602549465841122e+01
1.337538496714641845e+01
1.411389929138257138e+01
1.433539610537117071e+01
1.394084549877719859e+01
1.403683751868491036e+01
1.339563173017126196e+01
1.411517981251346399e+01
1.369427545990179418e+01
1.339352340791978868e+01
1.413839701465784415e+01
1.200057453782326178e+01
1.218915943359650456e+01
1.337974337529109725e+01
1.410974107862300109e+01
1.345082667666201104e+01
1.382624081397462135e+01
1.387841919826675685e+01
1.360355517016104621e+01
1.378880109237256413e+01
1.338063447686450047e+01
1.214166909900910341e+01
1.392598396840367592e+01
1.337600461023553855e+01
1.412965117666157866e+01
1.323446559604004946e+01
1.219662445872903866e+01
1.361066631301395624e+01
1.217602549465841122e+01
1.388666207254928864e+01
1.338235754103413555e+01
1.341299881989675669e+01
1.337057918142287427e+01
1.359670757633189275e+01
1.196430131443629108e+01
1.219662445872903866e+01
1.391777206850572313e+01
1.206376438450563704e+01
1.342477704174376640e+01
1.318661228652862505e+01
1.382120431163478358e+01
1.343004873297419621e+01
1.227617743075980705e+01
1.386154812860761965e+01
1.410019921431005763e+01
1.212155308615065152e+01
1.410922990479699735e+01
1.408246121428963704e+01
1.338467387336122627e+01
1.215158161561412342e+01
1.363067707840925458e+01
1.197754329493029068e+01
1.342163166042175426e+01
1.385291822673541517e+01
1.358149211090135644e+01
1.338106911958364797e+01
1.438465510552749826e+01
1.215158161561412342e+01
1.338006621327414436e+01
1.415804053755382164e+01
1.380779091703593053e+01
1.318178677924191788e+01
1.317302770397578904e+01
1.214166909900910341e+01
1.365552891121189560e+01
1.223921534134078826e+01
1.339461802587368666e+01
1.420757857272768199e+01
1.201399277741903404e+01
1.199244589943731221e+01
1.192925605275493695e+01
1.215158161561412342e+01
1.345819370714332841e+01
1.437184558785991229e+01
1.436021122648320869e+01
1.217658842110802375e+01
1.432631233763673961e+01
1.341610239103943236e+01
1.411389929138257138e+01
1.216321597699082702e+01
1.193916856935995341e+01
1.433018269701973857e+01
1.201399277741903404e+01
1.225234928027888159e+01
1.318115784263031998e+01
1.418382013833027244e+01
1.198935149974924386e+01
1.318178677924191788e+01
1.437184558785991229e+01
1.222640582367320228e+01
1.339013814779766243e+01
1.416763475553951679e+01
1.198421141247486865e+01
1.215158161561412342e+01
1.388666207254928864e+01
1.381708292984696129e+01
1.406802818056588755e+01
1.221477146229649868e+01
1.211641162622262513e+01
1.203993623402471336e+01
1.217960147290500039e+01
1.342463258296173301e+01
1.345998083927945288e+01
1.211768272676765434e+01
1.347070956072786174e+01
1.211352451400808405e+01
1.346825830818611003e+01
1.385291822673541517e+01
1.411776965076557033e+01
1.212155308615065152e+01
1.418830402839070715e+01
1.391777206850572313e+01
1.213343461204666340e+01
1.410719069038503726e+01
1.196718842665083038e+01
1.316748561931252226e+01
1.337986786069571465e+01
1.197232988657886033e+01
1.394809384239054495e+01
1.336978277728833575e+01
1.217823360281074407e+01
1.205254134643161912e+01
1.215158161561412342e+01
1.223921534134078826e+01
1.339112270053596632e+01
1.345499459092141059e+01
1.346945469703205411e+01
1.218915943359650456e+01
1.339352340791978868e+01
1.404767846892088556e+01
1.341456300410864522e+01
1.217602549465841122e+01
1.399516552647351197e+01
1.365402935884334923e+01
1.219662445872903866e+01
1.227617743075980705e+01
1.226495439268578735e+01
1.211352451400808405e+01
1.216321597699082702e+01
1.401077696854790133e+01
1.219147142344627888e+01
1.339235721523821709e+01
1.219662445872903866e+01
1.217602549465841122e+01
1.344424435341017876e+01
1.316638300373691450e+01
1.387841919826675685e+01
1.214166909900910341e+01
1.323709920981008104e+01
1.404767846892088556e+01
1.337893592764266337e+01
1.387841919826675685e+01
1.218915943359650456e+01
1.322658800797556466e+01
1.392598396840367592e+01
1.191435344824791542e+01
1.397589098213653891e+01
1.436021122648320869e+01
1.340164052784380111e+01
1.406533127298958519e+01
1.205254134643161912e+01
1.226495439268578735e+01
1.360135191023153034e+01
1.338613264129940461e+01
1.197674638734233810e+01
1.410719069038503726e+01
1.340266016398588533e+01
1.398167756025627284e+01
1.196361244840424476e+01
1.207275210044507752e+01
1.347205811276599086e+01
1.197232988657886033e+01
1.380779091703593053e+01
1.403361735788895182e+01
1.389477764413086902e+01
1.405657065542521522e+01
1.200956225376270226e+01
1.319052675506856787e+01
1.390276676625929575e+01
1.369191219436334173e+01
1.343515328919627194e+01
1.405486038777575786e+01
1.438465510552749826e+01
1.225234928027888159e+01
1.344051012108810106e+01
1.338626586421990083e+01
