3.148460582867733670e-01
-7.746061607097931567e-01
3.200312456188041388e-01
-2.105400325850239063e-01
-1.671395785753504892e+00
-4.438261131513688423e-02
-1.072641076582800279e+00
1.957645845992355582e+00
-3.767486482720512897e-01
-1.988672842002923380e+00
2.166842328664237982e+00
2.891110648607858949e-02
2.335441097247004105e+00
3.431204367659458909e-01
-2.032857553784113591e+00
-6.943725581037264449e-01
-3.230252041671100027e-01
7.286642629755987199e-01
-6.454472707150322730e-01
-5.836969078795822136e-02
-3.842635348657322814e-01
-1.600375663893509881e-01
-5.208096497986697271e-01
5.068655163944696396e-01
-3.074764950012144893e-01
-5.306999641841568804e-01
-1.509247828400733793e-01
2.738066856362449397e-01
3.056196496139693131e-01
-9.032339631703271976e-02
8.055080648388852627e-01
-3.118079490963151734e+00
-5.755928382233022056e-01
-1.418164187325556547e-01
1.520337516940191591e+00
7.473059110407603844e-02
-5.319231594156811349e-01
-5.257455988394554858e-01
-5.372324814523379288e-01
2.229563752858962467e+00
-7.000682320018976057e-01
1.147894471025987295e+00
1.077274444213294657e+00
1.567508227242725205e+00
-6.623814783398086492e-01
-5.633833641886214494e-01
7.137603442426966316e-01
6.674498215370904264e-01
4.059109668887175837e-01
-1.127140137093807670e+00
-1.356075345866707194e+00
1.129074026394873753e+00
2.405518057418404645e-02
-1.536254108069028401e-01
1.965263364899667353e+00
2.038275428145207346e+00
2.505025002984753169e+00
1.600564901353099145e+00
6.430369540814536711e-01
-1.751478651126358033e+00
5.746674511183860190e-01
-2.265379791081952643e+00
2.147231711490955042e-01
1.124057024323177778e+00
1.567896389221745679e+00
-1.564657397338224953e-01
1.606896217381542868e+00
1.118348483538299298e+00
-4.347973445170520423e-01
1.732043000151654466e+00
-1.776426794027785860e-01
1.002706830607342017e-02
-8.826512664597159497e-02
-9.294423878506001546e-02
-1.327926937877509594e+00
7.909108769621640000e-01
-2.159950094092837336e+00
1.066582183867000433e+00
3.238185874573967227e-01
2.143691722702067093e+00
2.116982629403770799e-01
2.457039204771215068e+00
-8.881664352105840265e-01
-9.834476319303256941e-01
6.778174839296723375e-01
-1.882476859180392426e+00
-2.274471659701420290e+00
-2.479972360272947540e+00
3.730761310497693883e-01
2.644828206185807939e+00
-4.381113894304563550e-01
2.879230683047308368e-03
1.498487946777262936e+00
-9.170775071370171894e-01
7.816850253266475201e-01
1.723284006582756489e-01
3.129755149111241863e-01
-1.155864169035767164e+00
5.833097059077112512e-01
5.636314434256933792e-01
4.471271471823734522e-01
1.325933870247576474e+00
-3.754703790039496947e-01
-1.546616995763398839e+00
1.065286827785476786e+00
1.660028207852663140e+00
-6.317248204202726702e-01
4.316546229076047569e-01
8.634985541428060740e-01
-1.936060891755508051e-01
3.872032630157207778e-01
-2.641320496370586635e-01
-9.759074269224631282e-01
1.132613758077903432e+00
-6.503172909142906910e-01
1.913875678887276555e-01
4.793976824543490500e-01
-2.026056114605566449e+00
-1.733220529349094666e-03
1.384125630570098853e+00
-9.425514531869533252e-01
1.005606784715487312e-01
1.735180292391630852e+00
7.204423566181151761e-01
-3.611671299752232112e-01
-1.942090330446480495e+00
8.862896312789537712e-01
-9.243188814400051800e-01
1.050194020073801138e+00
1.429065638821198192e+00
6.308870661461653262e-02
-1.546597542024138239e+00
3.420036628612955210e-01
4.940025518992812725e-01
6.243942622237268480e-01
8.778063236633530941e-01
9.339171645548616230e-01
1.724690704640764016e+00
-3.215486645764983553e+00
9.680593310539322704e-01
5.879584246775978462e-01
1.819627667884023303e+00
-1.121459043985943094e+00
-1.573921753965940473e+00
-7.092326846946435115e-01
-1.623495224102244450e+00
-2.056946120805809297e+00
-5.286737441743213362e-01
5.576730764424669973e-01
4.793137174254041843e-01
1.857744368650872113e+00
2.734843326841096545e-01
8.505208855732852846e-02
8.952701788930207405e-01
-6.913322790772439275e-01
-5.899951695434625387e-01
-2.037867739229445974e+00
-4.498070053050301498e-01
-1.133150853480893450e-01
-1.231463046707625519e+00
3.429802632806861484e-01
1.125754804147674815e+00
-1.718864131439014509e+00
-2.545807772070480812e-01
5.781418702205545213e-01
9.409957159334507715e-01
2.219501034607218592e-01
-6.288400684724063106e-02
-9.857748348824700857e-01
4.531056611049313898e-01
-5.625799653293385161e-01
-6.812479785349274675e-01
1.469489178215536374e+00
8.391581605932716403e-01
-2.732409985857535140e-01
-1.008973755609450906e+00
-8.028116645195838563e-01
-1.294727641118665618e-01
4.270990441214918554e-01
2.344017436055816639e-01
1.071357909134469821e+00
-1.061065372902849635e+00
8.674612714448085571e-01
-1.059197875556850299e+00
-2.387938807518191486e-01
6.639391823293479267e-02
-1.869173376017425392e+00
-2.485622977802055822e-02
6.622673218271726281e-01
5.570918920574853272e-01
8.883408972780628687e-01
4.493240191126475491e-02
1.008653095670321465e+00
1.323449413938845742e+00
2.782740206538850458e+00
-6.938021325464431566e-02
-9.788365420046726273e-01
-1.441166497930721491e-01
-1.585390090624138937e+00
1.308979239907301473e+00
4.689107698096068866e-01
1.704253625337113498e-01
-7.407987468101979722e-01
-2.619903514354429586e+00
-1.921699112457294079e-01
4.853101039380389170e-01
1.368960480156518056e+00
3.005708595651316095e+00
2.871337178889372233e+00
1.995916610045547768e-01
2.410382304491685446e+00
5.334384871226439673e-01
-3.859372788005797916e-02
-1.380204911505445331e+00
-2.009318785374987135e-02
7.624923015956895644e-02
9.330442510849873416e-01
8.225951054617628433e-01
5.261340273306434057e-01
-1.458474716058807408e-01
4.938837569491417723e-01
-3.521765113124962765e-01
-2.376849252014419100e+00
-1.827786749184987236e-01
1.849702550485865515e-01
-2.099123848538914316e+00
1.040893602410259522e+00
1.270534407457836190e+00
6.940405710771009318e-01
-4.811567997061664825e-01
-2.031823497021164326e-01
-5.524455979007549672e-02
1.981943411497945728e+00
-6.731050158765378155e-01
-6.124073846717892344e-01
-1.790333407341173411e+00
1.105566646125744734e+00
-2.587788758382264742e+00
2.636328697578781965e-01
-1.236004280571072034e+00
-1.264777628268984655e+00
2.068729546725327217e-01
-6.323028213491039828e-01
-9.460269064453041832e-01
7.662966354514103018e-02
1.263946824427740756e-01
-1.442391464567889692e+00
3.159093949707919569e-02
1.465795237190719691e+00
-6.339088396164735961e-01
-2.053323904050959658e+00
-6.245783901823125095e-02
-7.364274405016389968e-01
-2.552553125427251324e+00
3.181028444442222658e-01
3.584775040242925703e-01
5.585892558353714454e-01
-1.778124538899149565e+00
7.760265109592517918e-01
-7.628499502387304787e-01
-6.653888995267390194e-02
-1.864917493932571335e-01
-1.899018334332088109e+00
6.074033420832236629e-01
-4.779526995813022650e-01
8.017214643899385207e-01
-1.854763205030385831e-01
1.084677489284791574e-01
-2.409417023437912808e-01
-4.561212561259429532e-01
1.938501443025913318e+00
5.667435191753862345e-01
-1.201559014899261424e+00
5.909539005241196685e-01
1.169942681717671462e+00
7.448760539675368386e-02
-1.246398215922482011e+00
-7.695798693488267173e-01
7.369110792420522360e-01
-8.844025009215296107e-01
-1.295405929911565002e+00
7.778295442547429328e-01
7.219710974788959845e-01
3.797009229538478858e-01
3.142316971978068585e-01
1.637890393893688179e+00
-2.303218112801430184e+00
1.147846544015350245e+00
6.540474033285514910e-01
2.273765215679903307e+00
-4.340681567755028808e-02
-2.648165356615709953e+00
2.636328697578781965e-01
3.631130595712779852e-01
-2.188663133656475190e-01
6.343969478551492180e-01
-7.825773848653218012e-01
7.751402409931962278e-01
-2.443260408051667110e+00
7.817916915136259304e-01
9.605201050562200971e-01
-2.578374323875166213e-02
-2.225799970088281121e+00
-3.506008618413936073e+00
1.019678717002471813e-01
1.457854932098135103e+00
-2.072959127429945703e+00
2.135458753469058113e+00
1.388543711246112311e+00
-4.708943403608967238e-01
-7.676380085970322398e-01
1.218604489844926198e+00
3.616829383214114069e-01
9.590911451972923274e-01
1.726402832837408141e-01
1.193815759313460179e+00
-9.216355680283438989e-02
7.335920150067518630e-01
-1.909381654025423536e-01
-2.405647097048862690e-02
2.309495835557496157e+00
7.188830352892595643e-01
2.073986230261605890e+00
-1.641108463492076508e+00
-1.095529264413758197e+00
1.966320702695798062e+00
-9.789958215067053882e-01
3.202235083970761953e-01
-4.780458298954769203e-02
-5.849368185102176154e-01
3.365786991004215412e-01
1.523647011804193097e-01
3.021458326701673691e-01
1.577156947366893103e-01
1.458681479556437309e-02
-3.798902687674003520e+00
2.264145806670282646e+00
9.126168295278509479e-01
1.015121474758601927e+00
9.180261082597019895e-01
2.508316697788292582e-01
-4.770267278827105550e-01
4.229329911896017591e-01
4.106643317456494247e-01
1.068211660561422471e+00
-1.139745373885502566e+00
-6.048799096072945414e-01
9.795549191800537736e-01
-1.572240185476733165e+00
-2.561059617724967957e-02
9.317379541885535410e-01
-1.096534182014261116e+00
9.099884203929742288e-01
5.274577136207646982e-02
-2.060036372356072398e+00
8.240778800911797708e-01
3.037188937177832670e-01
-1.498633456332592040e-01
9.842959931724325207e-02
9.567137929499889282e-01
-2.042728964358207777e-01
-1.118885166815921206e+00
6.932859171729096603e-01
9.322964768996572227e-01
1.416091546052768768e+00
1.248134609773457804e+00
3.207944747222394311e-01
7.442050230409981149e-01
-3.560031531485658096e+00
-1.481516925691830910e-01
1.691472742240645477e+00
-4.512809306909956186e-01
7.004143827993022375e-01
3.628637970689433945e-01
1.869739253125648260e+00
-9.415650253557975580e-01
-2.044890193251583388e-01
-8.352994862543010601e-01
-2.766283746143225031e+00
4.386962854312436710e-01
-1.651496487453713025e-01
1.208073445372033206e+00
-2.099639791471969552e+00
2.929115166127316261e-02
-6.201679674569813283e-01
3.519245045611080758e-01
1.197200757452764774e+00
1.028990030990980298e+00
4.106914021834636164e-01
6.917769080129017034e-01
-9.003871037175967817e-01
9.504089000863394365e-02
1.930340277401998705e-01
-2.702995434769126515e+00
-1.784864417116157065e-01
-2.216359623194932738e+00
-1.209874628618951453e+00
-5.612747053097485228e+00
1.737724824612616015e+00
2.713518471822456424e-01
1.964066281320253973e-02
6.857428352164924856e-01
5.407758398482526152e-01
2.655210573334908730e+00
-1.504205105581648771e+00
-1.678621131589684012e-01
1.563546251877438731e-01
-4.464864412355377787e+00
-7.321669676559364737e-01
-5.396725538050344273e-01
-1.765019057212164622e-01
9.489399085859575589e-01
-1.958937099820331346e-02
-2.180978788750948527e-01
1.020975889289849947e+00
3.359952334452555311e-02
1.054627577730847809e+00
8.323463493374140265e-01
-5.468175814300914039e-01
1.775804882908403437e+00
8.849360942483807113e-01
1.151336421902469515e-01
1.181112647811393135e+00
-1.087199031078230016e+00
2.749386619828160794e-01
-9.448814301272824290e-01
2.350107292651329449e-01
1.796475961864518522e+00
1.978608779246680549e-01
1.445552493872005240e+00
-6.052861761949112074e-01
-9.516044175855318255e-01
6.820966850965008987e-01
-1.111877892603079010e+00
7.538061146814301061e-01
-1.493780425050569516e+00
