2.759293886532367956e+00
1.048721448159724678e+00
-5.980852994325823735e-01
5.038998370214693018e-02
-6.042909396047422277e-01
-1.399116710692089427e+00
9.276084962456632166e-02
8.865339023038917854e-02
2.801593231730652445e-01
3.657159047964489429e-01
-9.418656772653549725e-02
1.195395307071613678e+00
1.014500896136959485e+00
-6.865128231771375766e-01
2.412731204328862622e-01
-5.354571536794169168e-02
2.486647007231411743e-01
2.183924087082234511e+00
-3.641737775404053634e-01
-1.838465702387839462e+00
-1.161091490909469837e+00
-1.727287976441888917e+00
5.781651650622150473e-01
-8.837570878540804697e-01
6.366876521364323027e-01
-9.196328302942596844e-01
5.063312846218290808e-01
1.026572428751038046e+00
-1.421247630218194891e+00
2.358001830012811106e-01
-1.277543351607380195e+00
7.222653354004882065e-01
1.028842679389600390e+00
2.864413822888174366e-01
-8.918239852831358894e-01
-4.706578034302207059e-02
-2.837383369974463831e-01
-4.456862036624841678e-02
-4.749383158671488525e-01
1.999359466093546533e+00
-1.805223711471140857e-01
-5.300747689745193281e-01
-1.326081365848271965e+00
-9.378955230384780073e-01
-2.286744830562287945e+00
1.031753253332281517e+00
8.810069560320765714e-01
1.479395674289743223e-01
8.790441631911517784e-02
-9.259123893658706139e-01
-8.189695064904682908e-01
3.630791085954392927e-01
-1.080296638340547233e+00
-2.236197004280202350e-01
-4.221687846333908034e-01
-2.410456203083456150e-01
2.047918114894842212e+00
-1.853426908180609012e-01
-7.271258567030403075e-01
-2.164351712481019652e-01
2.548436398914206147e-01
1.526098685750371553e+00
1.998254064723107293e+00
-5.301304476587894721e-01
1.851035443696909644e+00
-5.772461193925888523e-01
9.164979677497179233e-01
-7.541929382135111881e-01
-4.895007914521409265e-01
1.148711551413307941e+00
-7.534064383085817829e-01
-9.407078983990730947e-01
-1.039096728090987520e+00
-1.118238196391329042e+00
-1.687668142461033804e+00
1.551216261113721906e+00
-4.360383586504638642e-01
-8.069839535213837456e-01
-3.579152536448897415e-01
-5.156467175480733411e-01
8.420799626689695616e-01
1.406076503266751487e+00
-1.348346093991543926e+00
-1.929657521993015101e-01
2.160489415974829353e+00
-1.759636794909229529e-01
2.567447354931980952e-01
-2.078834098224994875e+00
2.075776363997748231e+00
-7.394343537166706559e-01
6.769382792621878586e-01
1.034950045500295124e+00
-7.608221016348887256e-01
-9.747302451797668077e-02
1.615232090267237075e-01
-7.390822633802714980e-01
3.326548130640412104e-01
6.440444734153848161e-02
-7.675051371299804748e-01
-1.485806724003571277e+00
5.630349084747681143e-01
-5.829731764593361065e-01
9.152988894850583312e-02
9.178676721227435609e-01
1.554039630128672300e+00
-4.003300383789624717e-01
-8.948732815031030796e-01
6.452001848876267598e-01
-4.757484817702443691e-01
-1.760911460829340802e+00
1.478141286024084122e+00
-1.705471170487793953e-01
-1.785643969175891022e-01
-4.177624744582153493e-01
5.045270464584070691e-01
-3.365326765823758448e-01
-1.045791309921246581e+00
2.206633682277964470e-01
6.628348240083929976e-01
-7.762854493017750102e-01
-4.172852489493263928e-01
1.441037289788618947e-01
7.883416914219698590e-01
-4.990856602426480548e-01
1.544900703613055759e-01
2.302400260303686386e-01
9.178080829683027408e-01
3.280768222657411970e-01
2.569304583096003805e-02
-9.913556467421467122e-01
2.343001324784756423e-01
1.972922788462619037e+00
-1.732094738899297104e+00
-4.061698942601201789e-01
-5.107412985414758744e-01
-7.299526082980247743e-01
9.262647367616135829e-01
1.377778703780633718e+00
-1.438519057631360676e+00
-7.247638483828502953e-02
8.591961892760011654e-01
1.039041725107714864e+00
-1.464073254768383903e+00
-1.614995957731419240e+00
-2.263179299139461698e+00
-6.504294028582915388e-01
1.601180344384360854e+00
1.390551496081347649e+00
-2.310080480051769358e-01
-1.186686844126035451e-01
-4.242858221924997730e-01
-2.255581279643058545e-01
-2.198204826189284145e+00
-1.001777801307881521e+00
-2.332408886782118440e+00
-6.029680246524041221e-02
-1.031288044911573110e+00
-3.927952419052851279e-02
5.348977670878094504e-01
-1.295316269855618374e-01
-4.069311927530187001e-01
-7.803358172127000669e-01
7.244744852886380038e-01
-1.035994156981201453e-01
-4.353509193559718660e-01
-1.047713997406461317e+00
-1.029809993834968962e+00
-3.434940034086819693e-02
-2.073365364376850817e+00
-5.188346417063143257e-01
-1.180631826759215963e+00
1.253358971168872182e+00
1.053505131506146997e+00
2.531687285746819782e-01
9.128297773272801841e-02
-2.418763157527120011e+00
-2.262639622081688895e+00
4.299778189792643479e-01
2.020736121220644499e+00
-5.831459038103887771e-01
1.322068885206427458e-01
1.468258579042951151e-01
-6.938530849693580471e-01
5.160618496525088972e-01
-2.640845619171324210e-01
1.985010607262996940e-01
-1.336886611344498821e+00
4.458129201728687208e-01
9.316481553196117593e-01
-8.160595400560787249e-01
-1.107542693561095026e+00
5.686166830596606908e-02
2.099530012670129953e-01
6.075044371266962173e-01
8.331637345238908088e-01
-6.219968438915345343e-01
-1.604365449071457617e-01
-8.939341185085973862e-01
-4.290705525550574939e-01
-2.430398563046086147e-01
-1.065757568686523937e+00
1.223562556220154196e+00
-1.290907958427742752e+00
-1.885255480413916329e+00
2.385565879136250789e-01
-9.078855756873706329e-02
-1.158725203861868808e-01
1.796792234362969420e-01
-5.423836638295882473e-01
4.786132868171545374e-01
2.170580068327063294e+00
6.522249827592240257e-01
7.675720633471621035e-01
1.015538487488662822e+00
-4.243406871050649509e-01
2.243844265186182574e-01
-1.056625698900613836e-01
-2.604909790966611904e-01
-2.675022215208931464e-01
-2.290189496570273153e+00
-1.025492469008084218e+00
1.067563553979836488e+00
-6.345214194859433166e-01
1.094463104488192229e-01
-8.349766798591716846e-03
1.385924291588638058e+00
-6.906311030821616903e-01
-1.038445419152464355e+00
-1.130084929686512307e-01
9.687131938784934171e-01
-2.273005486160819752e-02
1.556983497560912033e+00
1.544782430116112271e-01
1.544782430116112271e-01
-1.444504346885580492e+00
-4.141094913835305369e-01
-1.566019279813357423e+00
6.465021278121593218e-01
-2.895636991556569395e-01
1.081603644839731260e+00
1.210529610517618648e+00
8.694135182860646127e-01
-4.529734015249299306e-01
2.439863231114815623e+00
-5.739459521223038152e-01
7.110738899916507760e-01
9.964801781774577927e-02
-7.826764862110291432e-01
1.052442072501747372e+00
-9.764837262967016596e-01
-1.200043812156448286e+00
9.830322910808944603e-02
-1.824635569020048864e+00
-4.996913591608608263e-01
-6.396612444706414324e-01
-5.329497752000846855e-01
-3.062366228139666302e-01
7.799983804452517155e-01
-1.359573245069591874e+00
5.892732022211651932e-01
-3.783365717347122459e-01
1.120965154345969772e+00
5.847928511738972324e-01
-2.206423021998156209e+00
-7.701480495387382774e-01
-6.156297634499936500e-01
-4.001505593100036506e-01
1.279320228000635939e+00
-2.880498739514028017e-01
5.179723381213596767e-01
2.453510633922680595e-01
7.934083774663629879e-03
-9.094963386237289726e-02
7.911178577823370084e-01
1.380887988189873461e+00
1.886645054521721709e+00
-2.134162548731137823e-02
-4.936618082591150425e-01
1.080300595761259697e+00
-9.312028698491398027e-02
4.737498842416403289e-01
-1.386109407351797884e+00
1.991661252860083442e+00
-2.333452192391555435e+00
9.441442306935359241e-01
2.038281207477967705e+00
-3.937401343626545369e-02
-3.934999337737171698e-01
-1.063008543846559961e+00
1.853127804204459217e+00
3.974195223207135919e-02
-4.409850934591514338e-01
-6.153124982389689412e-01
-6.855290244106634345e-01
-4.919816070844313383e-01
1.403429676464898745e-01
-5.824094864616706779e-01
7.109943498092543557e-01
4.014177933829709000e-01
-5.300747689745193281e-01
-1.987022376933570422e-01
-9.882407959338657122e-01
-1.229019635665613286e-01
-1.530461734204728308e-01
-5.652071552472673899e-01
2.651423526294950372e-01
5.631220855886076571e-01
1.889038138795413602e+00
-2.442426048314797760e-01
-1.082771811837649700e+00
-9.658012443746125664e-01
3.719294141257969866e+00
1.363920881368984039e+00
1.316929728046520864e+00
-8.509834550136683440e-01
5.272288620252551378e-02
-2.886637765910115672e+00
1.129544158918911023e+00
-9.429282191137543512e-01
1.064759847290608352e+00
-3.321323155219863543e-01
8.239932052957504860e-01
-5.268001252117803235e-01
3.910832478110480293e-01
-5.326919967509914366e-01
7.898535889220910100e-01
1.018198837851922001e+00
1.380271867454611723e+00
1.197181546363186161e-01
5.384477685336174213e-01
2.137585175479496669e-01
-9.596310745639180517e-01
3.496694288903118286e-01
1.191175504368489957e+00
-7.631896818512104441e-02
2.707464904830336749e-01
2.286525120248285026e-01
-3.179517295187623827e-01
6.338441133356306212e-01
1.600994353460720165e-01
4.786625101179748376e-01
7.180637423915788853e-01
-1.777177539339917178e+00
3.962790258972385682e-01
4.688933144708590239e-01
-1.508843581479024643e-01
-5.794635111384949244e-01
-3.630720348584843271e-01
5.110043592011574015e-02
-1.588822903126056341e+00
7.938551379730079960e-01
-5.730461329992861952e-01
1.278284781723580510e+00
-2.994076640643451165e-02
-1.521376727569774490e+00
3.990138050028336214e-01
1.636117789984918414e+00
-1.737453294147633387e-01
-1.450091833590573809e-01
-2.158077418947287607e-01
-1.689138178533893808e-01
7.716908713722282487e-01
6.998638968705558905e-02
3.741911598882214918e-01
2.145134683420990562e-01
5.064105443001649665e-01
1.847324661658086009e-01
-2.932893804088794742e-01
-9.800593064336893256e-02
-4.931147960993930712e-01
-9.793067120751536292e-01
-6.709590755112297966e-01
7.986072588282893125e-01
5.688383678719132197e-01
1.311040673710533788e+00
-5.511530429773863621e-02
-6.233780960976567642e-02
-3.863887506383429371e-01
-1.337010154983973853e-01
1.427500086736547713e+00
9.265949797950330247e-01
5.707965067224832767e-01
-1.721456240603837923e-02
1.243976283255245452e+00
-2.820996455631243904e-01
-1.198957010039221727e+00
-1.768929202934507172e-01
9.410696589825985336e-01
4.715690508937197545e-01
6.955435311668365372e-01
-5.850881338047130287e-01
7.713245771584498200e-01
1.012091769146934883e+00
-7.086796743218494177e-01
5.779349521314603583e-02
-3.947551770178799879e-01
-6.629082357082446419e-01
8.551618277707565552e-01
-9.712964880131840228e-01
2.005751656318275344e-01
-1.120612857156833675e+00
-1.242060878162491777e+00
1.468301428511118223e+00
-2.351172253360363229e-01
1.595827421032753601e-01
4.095621489056900932e-01
-4.825840628875351923e-01
-1.395748441077119706e+00
-8.086177219939644223e-01
-4.332999226708555973e-01
2.108218533066606448e-01
1.047154603368543935e+00
-1.345725346517694154e+00
8.289949335308690603e-01
-4.433769790143583522e-01
5.451337735655291672e-01
-8.381309442229289974e-01
6.598473892561007581e-01
-4.229737710755925306e-01
8.424419172359949304e-01
9.214036450468956474e-01
7.645159455697750905e-01
2.921846361707855166e+00
3.475762121951863071e-01
6.022647017492732680e-01
-1.259642951850195480e+00
-1.318056375486313048e+00
2.755148995816412594e+00
-5.281023087330242172e-01
4.799255016000172902e-01
-1.207485954140424589e+00
-5.712661839566314237e-01
4.037788448625935223e-01
-1.318153339210424990e-01
2.320304031570322056e+00
2.034498538385679733e+00
