-1.112839851540021074e+00
-2.337226952638161437e-01
-1.041584184586476391e+00
-1.320533081404390741e+00
-9.266629971885262940e-01
-1.682483893805393649e+00
-3.225034391530659517e-01
1.678321858695646318e+00
-2.078074174278898151e-02
-1.888737980951585849e-01
-1.394268559868238277e+00
-1.591488467372717430e+00
6.130644344684881286e-01
3.177504666051321567e-03
-2.383913154184710281e-01
1.306410791916168490e+00
-7.676845917647504569e-01
1.164994497410036134e+00
-1.324449104812553735e+00
1.780343452095559387e-01
-1.358487997534667313e+00
-1.495687476497131740e+00
1.716894287649760042e-01
7.103750045572213567e-01
8.909918159584496733e-01
-1.705481740500400800e+00
3.062919240725197945e+00
3.159378826329508616e-01
-2.120125492619301666e-01
-1.024268520414974404e+00
3.920476750510056008e-02
1.030944630629360814e+00
-1.325171837623172755e-01
-9.697569626476751914e-01
-1.992946696200206258e-01
-6.979313706152643348e-01
1.142346929832121605e+00
-9.767186942248091697e-01
-2.100066185350197012e-01
4.026937018384591505e-01
-1.344205372148604416e-01
5.190224199528553628e-02
-1.448218043777063757e+00
-2.486661091884937169e-01
-8.542592853193334834e-01
-6.529504607528284765e-01
1.250257764417742168e+00
3.767003292173840556e-01
2.586424140199040100e-01
-1.965782745526613862e-01
-5.098939516265006411e-01
8.889404568906240645e-01
2.737636117969812211e-01
-2.352193368654251326e+00
-9.528065755933413927e-02
-3.755469925047859037e-01
5.847449775427225882e-01
3.929559816462873667e-01
2.950499177776122472e-01
-9.226306786398422721e-01
6.291991141887892658e-01
-9.691492443466108442e-02
-2.722281407344758208e-01
6.771180564976372329e-01
2.939097411440244056e-01
-2.836366634698221367e-01
2.777069564850856431e-01
1.546147589394852417e+00
1.200717830917683138e+00
-6.534498897313432142e-01
-4.192020190705098570e-01
8.896260547681263953e-01
-2.977095194987699589e+00
1.040952592598568399e-01
-1.497458216451883262e+00
1.912654035592402435e+00
1.558096829789901605e+00
8.321000181052630174e-01
2.578457712674894431e+00
1.132683144543980447e+00
-3.593981245279984638e-01
1.214901891621956054e+00
-8.384015953678157773e-01
-2.336191919483525670e-01
5.004265984039453219e-01
-1.649440150640337555e+00
-7.659795799103217284e-01
-1.632380824648206552e+00
6.500765022229748613e-01
6.097262496359816542e-01
5.641601942126112101e-01
8.134216847965884956e-01
1.167418329972548463e+00
-1.192075306268919999e+00
-7.675192363759286707e-01
-4.011202462290809345e-01
8.865614317710610592e-01
6.259121090336607074e-02
9.459523084963826767e-01
-3.597605377026174001e-01
-2.588404663774916334e-02
-7.356853342121290051e-01
4.177405768462877922e-01
-1.071003333499873783e-01
1.033941210262343535e+00
-1.096845930580828243e+00
-8.145283074638346443e-01
-2.992931857914902793e-01
-1.096940130163649663e+00
-1.308783515919539786e+00
-2.240199321531052834e-01
-3.279236409646617001e-01
3.627029365828148000e-02
-1.377108152510049921e+00
1.396167304699004741e-01
-1.066394289695067193e-01
1.273600187399419825e+00
-1.490861137641912026e-01
-1.645234729137223240e-01
-4.754895068924837598e-01
-7.928494152818063023e-01
-2.372921081022733303e-01
9.359027966287440936e-01
-5.314681846806613708e-01
-8.717723304313895749e-01
-1.150979907584315676e+00
1.337256106454076388e-01
-1.444300531296588419e-01
1.309627043575404937e+00
1.066889698324311686e+00
-8.742748935626841744e-01
4.868685139397618822e-01
8.280003537549056603e-01
5.281037320216588893e-02
2.917194972113933416e-01
9.534013790746141970e-01
1.733280216228670234e+00
7.566495138166681178e-01
-2.043294616433511290e+00
-8.638716722756868416e-01
1.042765388474623300e+00
5.404754633882777881e-01
-2.419619224745247710e+00
-4.346037702097667599e-01
1.144787762944930870e-01
-9.756536033589118251e-01
-1.222080966242832467e+00
-4.449735069518161446e-01
-3.439786021943334882e-02
9.356310454875704785e-01
2.870881354805319627e-02
4.753163326136415345e-01
-1.463293994943267951e+00
3.750852090232572600e-01
-5.902096632456094172e-01
3.519000109747033034e-01
-2.959488882810732968e-01
6.659264546592507106e-01
1.358102574550776209e+00
-1.264098386455356549e+00
-6.712368176169538625e-01
-3.990335348552828121e-01
-1.952415577283497905e+00
-4.592699096239733492e-01
-1.058798268640956053e+00
3.249662498447241643e-01
-6.048832018484697759e-01
-1.266721220234592049e-01
-6.434818637114795292e-01
-1.720674043979460444e-01
1.461547966182539238e-01
5.829973043881302441e-01
1.808818184003353480e+00
2.684557897298184947e+00
3.197690005199127494e-02
-1.635575877208176765e+00
-1.283051685501756189e+00
1.589701098554395509e-01
5.895041023575243733e-01
-2.668887451327991212e+00
-4.827887171004044409e-01
9.735615179778770445e-01
-1.207169368799382747e+00
-1.674686391718693379e+00
1.125766076696839424e-01
-1.003343359942193480e+00
-6.683612207431640639e-01
-1.215706745781730547e-01
1.304769322185041380e+00
-7.634882911328503274e-01
-5.086837124356636819e-01
-2.923141012670836258e-01
1.075682255863671943e-01
2.624540886844335397e-01
4.975376649252089556e-01
-1.761602084915266486e+00
-1.654847273027655885e-01
-1.859409746696489563e-01
3.265796127264299353e-01
1.401641772953291287e+00
-3.836253543643107777e-01
1.540529964511898157e-02
-8.392463911284319122e-01
-7.184177737879945402e-01
4.680082465007885384e-01
-3.208065039622431391e-01
-1.321782904626746524e-01
2.144303775207655249e+00
1.561498726604435339e+00
2.686059666129895218e-01
7.657317885015064718e-01
-6.978503067381830460e-01
-1.389162970765426053e+00
-7.517173754666039986e-01
1.013195091972696638e+00
1.373249262969240547e+00
-6.523646847156143735e-01
-4.341126698062271472e-01
-9.614154591029036578e-02
-1.335983333190526867e-01
7.004979408549020237e-01
-2.430485080578071166e-01
1.022939431895522722e+00
-1.071121492996634839e+00
-7.888337231891084933e-01
-3.057891117760813127e-01
-2.329535146663017198e+00
-3.570008853255656756e-01
-1.699293798563827895e+00
2.609014901554867483e-01
4.167653882353326011e-01
-1.303939975128040718e+00
-5.396407095514862418e-01
-2.368481227205425199e+00
-1.533900559144656672e-01
3.297837131541964673e-01
-1.627742909629796841e+00
-7.400928745082852034e-01
9.967185559744918821e-01
-5.023025754387504260e-03
4.349789556093903165e-01
-3.293742225829303094e-01
-3.853118209752463552e-01
-2.633164083509798581e-01
-7.295316720623132856e-01
1.900456586527982328e+00
-1.066394289695067193e-01
4.237258184873984868e-01
1.590337470307261247e+00
-1.793706331536659038e+00
-1.280580608126687725e+00
-1.256981440721503418e+00
6.180860023597880559e-01
9.667287905536029458e-01
8.934129170027966804e-01
8.128375789491617542e-01
-4.995220516716981085e-01
-1.894568201260946161e+00
-1.632107008900984146e+00
1.718785993152295077e+00
1.062942649210551593e+00
6.157611111755667554e-01
4.631844852620625730e-01
-2.442954165818863377e+00
4.632982498237123714e-01
-9.210087882037881757e-01
-1.380278902229944149e-01
7.181376894118317311e-02
6.527976208758645704e-01
1.092837950303209710e-01
1.505065280563114172e+00
1.000669959424352440e+00
-1.363301054760384545e+00
3.140705025984048826e-02
1.253532571194243772e+00
1.675039670721657492e+00
-1.674216115540145600e+00
9.036890159473394135e-01
4.066028772337852426e-01
2.346612938078308230e-01
-6.580698502955750762e-01
-1.755012905576137094e-01
-7.421631220492310721e-01
-2.447790273466063038e+00
-1.055801227291243372e+00
1.668652862914823953e-01
1.635526923383558706e-01
-5.058713992224718181e-01
-2.262497830549803801e+00
8.613868436065136303e-01
-1.284003757820751268e+00
9.332046225400519868e-01
-3.180004798549814549e+00
8.429272716122909737e-01
-3.630930375769595431e-01
7.204015294596389785e-01
-4.635111659495275704e-01
-2.054538305509533702e-01
-2.025552934472399924e-01
2.641218266084655486e+00
-1.368962175135668202e+00
-9.481968291239798452e-01
-1.575389140525272347e-01
-9.555716430682364981e-01
-1.099513476445677984e+00
7.853957347649156429e-01
8.582266106376941206e-01
1.048650900115803308e+00
5.629921269923862104e-01
-3.653020024577497415e-01
-3.626305233314243148e-01
1.719591158666115227e+00
5.491941199010469399e-01
1.361354017702957719e+00
-3.135774507958889040e-02
-5.735281180500795273e-01
3.655750647668602749e-02
-5.398295877620530314e-01
-2.819450810498644322e-01
1.459948927253208684e+00
-3.288621291566470872e-01
1.592676568845300178e+00
-1.432760881943902609e+00
-2.834184324025979529e-01
-1.159257167919977904e+00
-6.739782067984281255e-01
1.516859376310505159e+00
1.372252131718876056e+00
5.174817763486643241e-01
1.160103512009683868e+00
1.921218757588058823e+00
-7.151858910688936311e-01
7.987908168216606430e-02
7.710712597061132323e-01
-8.558636737338566336e-01
-1.235609988583446887e-02
-7.929766507383787522e-01
1.102844289184256699e+00
1.509286720494847245e+00
-1.499755391463531096e+00
-5.949969076947106972e-01
6.104071108159163650e-01
-2.687103239101872876e-01
1.298765889399960613e-02
4.242515040349135180e-01
-1.427219525760516916e+00
-7.021424835605105663e-02
-7.393230006554950551e-01
8.376638716684409181e-01
8.978684502367505482e-01
1.914626915959498188e+00
-1.192873902029817135e+00
6.895793198471373842e-01
7.668753530977727717e-01
-3.254142968056667140e+00
1.998187222351228143e-01
9.630998235105899807e-01
2.211515785666041956e-01
-2.834815786958483907e-01
2.410108634808512951e-01
-2.289917463715822610e+00
8.292170716726100788e-02
3.312496224274183110e+00
1.111838377532803124e+00
-5.256131937875119231e-01
5.325001402019192698e-01
3.337184099138003068e-01
1.914841945533189316e+00
-8.949992432027860101e-01
-6.089853194953382537e-02
-7.334754723467753479e-01
-1.218126861758869750e-01
5.320786555844857491e-01
-1.582419870044963345e-02
4.647627123711534081e-01
-9.343602195239079089e-01
-1.551056190970707682e-01
3.938411432260398581e-01
2.514027444255162447e-01
-2.785314899204044958e-01
3.592936689127070871e-01
7.937734377383965922e-01
-8.527446585189241146e-01
-1.837753997124799421e-01
5.403392382044716058e-01
-2.007115707070492139e+00
-8.438352778586934999e-01
1.862439390299437170e+00
1.523738997975681242e+00
8.643521119403921871e-01
6.746663162108348932e-02
-4.398113892726480262e-02
-7.096933595839998166e-01
-7.783084103240592855e-01
-4.819741823819139181e-01
-3.175423979946164210e-01
-7.723332232137456455e-01
-4.362895034175475195e-01
-2.430839704056343420e-01
-9.548667758111903936e-01
-2.188112163687644163e+00
-7.781683686986076154e-01
-1.155398868158552972e+00
4.767716326376530422e-01
-4.272095796937423751e-02
1.216161216465550199e+00
-1.258229550175122835e+00
-6.165459349549525792e-01
-3.061787948528438830e-01
7.801946206011476370e-01
8.712530856531454371e-02
-1.214310898750757373e+00
4.377339527326769564e-01
1.176864486224499795e-01
-8.109589450468694949e-01
1.030027092684312917e+00
-9.132961861074453402e-01
-2.569421933753741061e-01
-6.232988818215197124e-01
1.495368651811312510e+00
1.223276741067510498e+00
5.972334617706087645e-01
4.794528208285777082e-01
-5.415746916938726230e-01
4.722584174742608942e-01
-1.163376183760059579e+00
2.415040345044263681e-01
2.919736632380889318e+00
-1.310477890694882408e+00
-1.276066048435414046e+00
-1.269321517622325146e+00
-1.129539805286359222e+00
1.575956563828851742e+00
1.218700734016347820e+00
-1.541133809806537691e+00
1.832066148598018973e+00
