-2.553908291291034360e-01
2.186536560714689603e+00
9.360606976263236012e-02
-6.140494010886050624e-01
-2.970991921889563514e+00
-1.022461651695293128e+00
1.398360434413041142e+00
-1.343885934071556099e+00
4.520778212676232477e-01
-3.907298243682613692e-02
5.443200948000354727e-02
8.816268668545768072e-01
-1.276404193371035500e+00
-1.287019350053200784e+00
8.010952203309295028e-01
-1.018941736574189960e+00
4.572911289448655103e-01
1.526966295677898433e+00
3.082784985617709750e-01
-1.364345953119856514e+00
1.199717427935897751e+00
2.184562781049416369e+00
3.922672165556920776e-01
5.181714557377057329e-01
1.423467902229495374e+00
1.003423976353992497e+00
-1.096955971752685777e+00
-1.378686266422218365e+00
8.533212711547025764e-01
1.662598019193450405e+00
-3.257663110718851951e-01
-6.964319411783904679e-01
-7.742640339162532026e-02
1.702331108207247645e+00
-3.553225380708903702e-01
-1.549997660827562074e+00
1.556457337148034359e+00
2.946812471285513158e-01
-4.371013967095583874e-01
9.414095041382970486e-01
-7.437653175933837124e-01
5.667581955020950524e-01
-1.714681277618938626e+00
-3.912477483138235290e-01
2.633889050310251334e-01
-9.120791822544471739e-01
-7.501770144521950900e-01
-1.815205209975600420e+00
9.912692542109371452e-01
-1.506512591895200925e+00
9.085299774143035245e-01
2.751836849200314017e+00
-1.367462376442690530e+00
-1.170109953387098667e+00
2.089215185897827176e+00
6.231186135759890846e-03
-1.009806120558027764e+00
7.799925722795521266e-02
2.000173501743269522e-01
-1.342296273542213925e+00
-3.795032842706482223e-01
2.402170502761491022e+00
-1.381479612558667303e-01
2.223863062958140735e-01
-4.626031330126320618e-01
-1.157889356545928949e+00
-3.166237543834525825e-01
-4.146964565636426098e-02
-1.497713368451572657e+00
1.312031614051069606e-01
-2.771408992913694247e-01
-3.476736373823720583e-01
-1.100437756146314339e+00
-9.680831823250398704e-01
-7.825172238942190717e-01
-3.731251375257548658e-02
-4.863911780282419439e-01
-1.917409934267823024e+00
3.530624947072944497e-01
3.106434214966669050e-01
5.018812394715982395e-01
9.873899476889195226e-01
-3.335672094156656442e-01
6.153185620389355348e-01
7.908680492878283896e-01
2.289369797602359702e-01
1.055168046433521578e+00
9.807709838097384836e-01
8.534345646257913698e-01
1.707653071775385056e+00
-3.243270644973750838e-01
-4.012261723937685653e-01
-7.493199721097062449e-01
1.459235313278014201e-01
-1.064897648668835739e+00
-1.170091035936523305e+00
2.967971105535193388e+00
1.044496728476003618e-02
9.085934963875193573e-03
-2.489143410260296729e+00
1.352181317008578132e+00
-6.212399009347316925e-01
-2.791575773199185928e+00
6.958336556359300262e-01
6.546616358178213302e-01
1.613175059062285088e-01
-9.121573033749693638e-01
-8.980041781835713666e-01
-8.805381495286004334e-01
5.347743356714982355e-01
1.730605412427317080e-01
-1.650552477949080554e+00
-4.136317849979184030e-02
-1.111638975927100370e+00
1.033974607973980470e-01
-2.614564685317763093e+00
2.705314819743986354e-01
4.787371750198853304e-01
-2.627190071437503605e+00
-1.497356553945457414e+00
-1.110811670360343922e-01
-1.296870549169955478e+00
-1.156090088271684913e+00
6.897612888809659948e-01
8.331577579598149763e-02
-7.929530073057013961e-01
-6.933782175426140837e-01
-1.543857309904858699e+00
7.002393012894748692e-01
3.529083790613312122e-01
1.467669077865363381e+00
2.838484349293677877e-01
-2.338876416949516590e-01
9.461091682927905699e-01
-5.445976425873161331e-01
2.290929963327426877e-01
-5.568231771567341282e-01
1.249720637567998671e-01
-2.869170591179738938e+00
5.091442635303866648e-01
1.708115598553635817e+00
5.324045514082496183e-02
-9.100167522844594403e-01
1.563691466816119202e-01
-1.632016422450460302e+00
-3.006515426847236050e+00
-4.110783823441773177e-01
1.095540994828614056e-01
-1.136437170227792892e+00
2.305683222327697401e-01
1.633506445147389075e+00
9.648685848911765506e-01
1.136344512166675980e+00
-4.706347547267618614e-01
-1.072798612068935453e+00
-6.568327186207855162e-01
-9.906646309815625440e-01
-4.387336807004790229e-01
-2.666670378788079110e-01
1.303052082843725090e+00
1.570191718178126861e+00
-1.003422108989899586e+00
-1.535088122817061196e+00
-1.708688334889427063e+00
-8.196874730910151952e-01
-5.073512006449690803e-01
1.890618487206433274e-01
3.388393388282909258e-01
-2.486425667102887260e-01
4.054270783171073922e-01
7.658018982627753379e-01
-3.455241926770477034e-01
7.277565403847318093e-01
2.151117429286010463e+00
8.529139808160887126e-01
-9.770343674333069606e-01
-2.081203958765417417e-01
2.081447767457061393e-01
8.089163213124496155e-01
2.015398626276046823e+00
1.300225575783061638e+00
4.865037187598444390e-01
4.499855248433667215e-02
3.351915230261030554e-01
-5.028506874490152878e-01
4.526198577008914703e-01
-1.277078127499246207e+00
1.107455301005493498e+00
-7.104439254383977387e-01
1.660577608231957214e+00
-6.884857072570502723e-01
-8.658793343601319803e-01
3.417153028398586811e-01
5.146338365411465832e-01
-5.700041605647599985e-01
3.616351948645138425e-02
1.486293871571170155e-01
4.022009956563747934e-01
4.762070650271377770e-01
-3.807873696320914769e-01
1.891116988500010532e+00
-4.599122823134612070e-01
1.232207744572989677e-01
-2.043894151096952161e+00
-9.574774322332977317e-01
2.356580911526029720e-01
4.491948211701440874e-01
8.552834123095676144e-01
4.955650266409330484e-01
-1.823339369617783312e+00
-2.170617352225686636e-01
1.302084792717975725e+00
6.689427435442211189e-01
-1.258515974658061809e-01
-4.897179126883518530e-01
5.984623934618500396e-01
9.010452433777021986e-01
-1.039428319185407235e+00
4.287615272343295314e-01
-5.756288618035478866e-01
3.701382442961007602e-01
-7.792525067895489377e-01
-5.645906657920695543e-02
-2.610137903224762468e+00
-4.382258054835531658e-01
-1.421306756933673254e+00
-2.893216779137473549e-01
6.841886590804568957e-01
-2.424154194459224310e-01
8.677992737251312150e-01
6.778865869495243057e-01
1.380844657878041559e+00
2.066799104356744632e+00
-2.358066032133164125e+00
-7.867591683577604966e-01
-6.392893974861134643e-01
-1.126570796226824323e+00
-6.072797840650318024e-01
6.985126556521950025e-01
-2.837254856091149802e-01
1.310585352979039220e+00
2.225572601059137567e-01
-3.972224203159228917e-03
3.485922528102030071e-01
-2.198728253553248468e-01
1.274648789503033175e+00
-1.286895731265705889e+00
-9.189278684447407253e-01
1.730566092811736345e+00
-8.333288084820754671e-01
-9.205051655229844199e-02
-2.705407992099204129e-01
1.867936825158921010e+00
-9.443062754955585669e-01
7.826767410716469753e-01
-5.977329054940246911e-01
-3.095283644753615282e-01
-1.493447547683303345e+00
-1.682665628628941201e+00
4.316811962051768092e-01
-4.533950554585737813e-01
-1.064488615809295213e+00
3.251428408290986116e-01
1.579568377554899372e-01
-7.761563879086451623e-01
-1.071645295481858051e+00
8.657210865513416120e-01
-4.197762857038550566e-01
1.310006307585406704e+00
3.474304517504037682e-01
1.057548423517351566e+00
-8.488121299802234287e-02
-8.298166958697049400e-02
1.703778414322310475e+00
1.695562544994970278e+00
8.125502563599865669e-01
-1.179641654889420188e+00
-5.763585268812653206e-01
1.582935619901608693e+00
8.491772698385147145e-01
-1.808673416548163715e+00
4.215424114336868477e+00
8.284443043327555101e-01
-1.548509802776427136e-01
2.201632068931240194e-01
-2.162918307010329999e-01
4.259959536207348352e-01
-1.453077401928983825e+00
-2.804790842758888569e-01
6.384493138546674107e-01
1.067896403842217845e+00
-1.331011676864141346e+00
-1.629611108101032546e-01
7.455707647634293167e-01
4.864586788800834283e-01
1.660035780339045974e+00
-1.387098090902795511e-01
-1.268126143268408779e+00
-7.530543030232995649e-01
3.350410306477426214e+00
6.011803023727059214e-01
-1.234984778261912330e+00
3.549213552212835410e-01
2.387651591203175716e+00
2.517849535856315213e-01
-9.158720355629541565e-01
1.084618414574012757e+00
-7.881820193443785094e-02
-1.411769886068372282e+00
-1.336060835344780873e-01
-2.179996520805092541e-01
2.920327310095808260e-01
-1.551934879268259460e+00
8.180972206948292635e-01
-1.000439014935612159e+00
-1.452492039241639832e+00
-1.697179495737983101e+00
9.349310599516404141e-02
-2.810681215634872609e-01
2.078642684393634532e+00
1.458890409579161940e+00
9.013660159333464206e-01
-1.231533545978368283e+00
-7.293442801741707449e-01
1.367994793021049815e-01
6.320672998102240536e-02
2.097624686438240627e+00
2.333796222485975402e+00
5.087809143878806450e-01
-2.237913041705892780e+00
2.032539996601021581e+00
-6.091702627784048585e-02
-4.634561354003453038e-01
1.057016625277283683e+00
-1.380104118107692845e-01
2.533062509987110689e-01
-1.172331594334548255e+00
-6.884834252115388242e-01
1.749209117633050647e+00
-9.433279026544055812e-01
-8.052562947905527180e-01
-2.900683304548529184e-01
-3.942260741937936852e-01
-1.474235603808887740e+00
3.775810601833060054e-02
-1.294088260505227017e-01
5.650917446377289322e-01
-1.802075821849866033e+00
-9.932916528849236038e-01
1.049991294098408856e+00
-6.084634733785293514e-01
9.622606876240269447e-01
3.414180105752749328e-01
-2.371741532624109361e+00
-8.636056422631195328e-01
9.067253993173396420e-01
2.748562912173460604e-01
9.881118660022207845e-01
5.108719502736972506e-01
1.306792368883229694e+00
-1.123770663782716284e+00
7.242498309050294791e-01
-3.346038290280132221e-01
8.932448590470405403e-01
-1.070220437211872211e+00
-4.756693663428844532e-02
1.591466531092270653e+00
5.980629594969962826e-01
2.432169834516517692e+00
2.954289138216674160e-01
3.444264713114637555e-01
-1.408874732283426745e+00
2.425127663824794833e-01
-8.086853767321626751e-01
5.936672934703320914e-01
-1.002830158791817139e+00
1.783271901814368787e+00
-1.305809976811616480e+00
4.390703642806949025e-01
1.333274522289344122e-01
1.434935161619204536e+00
1.323926285176478812e+00
-4.229429580502936381e-01
-1.865438986854808801e-01
-1.663878715472477898e+00
-9.054416744131990047e-01
9.876501080523367726e-01
1.998842004935229288e-01
-1.874442581504821570e+00
1.555276151355024575e-02
2.544125795133192480e-01
-4.156176158473277038e-01
-5.188306303460974434e-01
-7.007862967945777122e-01
5.565993731424087043e-01
2.415435869461452778e-01
-9.861128771186433717e-01
7.586767959646053550e-01
2.108488291031136441e-01
2.876966272307066030e-02
-1.819273021670637369e-01
-2.308668538325483244e+00
-4.237501576821489646e-01
1.265228388772308588e+00
-1.240468574802153778e+00
2.017881730100842930e+00
-6.827605867459489719e-01
-3.545680804976818479e-01
-1.612415974863555590e+00
3.545188744155630678e-01
-2.241574191787777670e-01
-4.786540115031392428e-01
8.680964681132203875e-01
1.577998537725440631e+00
1.441889302858809563e+00
4.895312599071884319e-01
-6.814876443054668220e-01
-1.304687979341157433e+00
1.554952931505478197e+00
-2.383176366097399690e+00
-1.556956677805465539e+00
-1.555053281154511025e+00
2.339137752630189304e+00
-2.629782957974498014e-01
3.230466418011644913e-01
-5.736283569561126949e-01
-8.129443663740117954e-01
8.291572733496740399e-01
-7.217533405279576986e-01
-6.451370833844571884e-01
-2.839616840838082301e-01
5.656332468232418975e-01
-5.141375098690988965e-01
-1.614757699882869213e+00
-8.267454559913955947e-02
-1.020610835899207203e+00
