1.272319535066660023e+01
1.298488504918578634e+01
1.587556203473373095e+01
1.195651238149163831e+01
1.576576764084908611e+01
1.270352863996368065e+01
1.313917500584693165e+01
1.397120579349224023e+01
1.386336852546714127e+01
1.227347338287926171e+01
1.227161787552288885e+01
1.298488504918578634e+01
1.316844356919119008e+01
1.340983473467613685e+01
1.320587047074960196e+01
1.310975192711641135e+01
1.308774842255448156e+01
1.128881033765049047e+01
1.267917089036813039e+01
1.272025304381328326e+01
1.200973664696972065e+01
1.128881033765049047e+01
1.578900690356738146e+01
1.179661552164410487e+01
1.267337593586939626e+01
1.303615189350237280e+01
1.237375267506426546e+01
1.580531552996892408e+01
1.294459713490402386e+01
1.587556203473373095e+01
1.245706558486637761e+01
1.256594831170417237e+01
1.270352863996368065e+01
1.561909248431164521e+01
1.564227645880361983e+01
1.227161787552288885e+01
1.267917089036813039e+01
1.597584132691873471e+01
1.599930253237862310e+01
1.356422820993884315e+01
1.424889256200430054e+01
1.246566901951916861e+01
1.272025304381328326e+01
1.587556203473373095e+01
1.317977131382136768e+01
1.316188008310358626e+01
1.597584132691873471e+01
1.256594831170417237e+01
1.345674271831812163e+01
1.237375267506426546e+01
1.270352863996368065e+01
1.246566901951916861e+01
1.276110816100874779e+01
1.573528608534991413e+01
1.345674271831812163e+01
1.313917500584693165e+01
1.189824626786302453e+01
1.395934657920756194e+01
1.267337593586939626e+01
1.368123234146352019e+01
1.304998256099091591e+01
1.330587452174795615e+01
1.321362161737210883e+01
1.189689481382910863e+01
1.137581003383024658e+01
1.201146884652698255e+01
1.369704010518374915e+01
1.309576781886496910e+01
1.308516434137079010e+01
1.386336852546714127e+01
1.227347338287926171e+01
1.257889159818312663e+01
1.386809035641546473e+01
1.350261154007153053e+01
1.368709706329566522e+01
1.445962153257704053e+01
1.590559482215392784e+01
1.385450400734886856e+01
1.137581003383024658e+01
1.450904159100020507e+01
1.267337593586939626e+01
1.418116004813317588e+01
1.294297099744533064e+01
1.310104320766738795e+01
1.373210694412261645e+01
1.576576764084908611e+01
1.580531552996892408e+01
1.354451163882851716e+01
1.564999277033803970e+01
1.404375363888543760e+01
1.573528608534991413e+01
1.318293728254130670e+01
1.432856327121219486e+01
1.155569127133396456e+01
1.419298948323911524e+01
1.283825769552875506e+01
1.227347338287926171e+01
1.270352863996368065e+01
1.318099869493816101e+01
1.407269664899515149e+01
1.246566901951916861e+01
1.317047047574001439e+01
1.315155323170484891e+01
1.292927136546433609e+01
1.386042056273782208e+01
1.604023238785992689e+01
1.267917089036813039e+01
1.308301290128399508e+01
1.241746229752964226e+01
1.270352863996368065e+01
1.561909248431164521e+01
1.345373255787763611e+01
1.236403827330024896e+01
1.350714587110244125e+01
1.246566901951916861e+01
1.602278568558991978e+01
1.213610588830753656e+01
1.386336852546714127e+01
1.189839303701375783e+01
1.362471205328069246e+01
1.276219407841273146e+01
1.604629024404197324e+01
1.170605063122311762e+01
1.318892491742112583e+01
1.295121190343689399e+01
1.378001690297589832e+01
1.294808220125769438e+01
1.383470953742700793e+01
1.246566901951916861e+01
1.597584132691873471e+01
1.206567852856970369e+01
1.363814643325773091e+01
1.277421236922514325e+01
1.270352863996368065e+01
1.211001593915472441e+01
1.312825865272646375e+01
1.270352863996368065e+01
1.267337593586939626e+01
1.367946792323667538e+01
1.257889159818312663e+01
1.438034881493562267e+01
1.502266799239638573e+01
1.139797648472855585e+01
1.284544974311461196e+01
1.341283766616881756e+01
1.599930253237862310e+01
1.273797840334375131e+01
1.300537739315833541e+01
1.379311498681128256e+01
1.396364781765214147e+01
1.378802122782065176e+01
1.293931991936403669e+01
1.387770506721352604e+01
1.569621625988379243e+01
1.309567144713607689e+01
1.268682419357165259e+01
1.281937248735976809e+01
1.314978873557952888e+01
1.311528728934349353e+01
1.256594831170417237e+01
1.280380793214868440e+01
1.219336756164596736e+01
1.596953637303914242e+01
1.227161787552288885e+01
1.293931991936403669e+01
1.592898692929574445e+01
1.366242407546357640e+01
1.383238623630761666e+01
1.404375363888543760e+01
1.413431852930642663e+01
1.301013441833832829e+01
1.585212331953588993e+01
1.256594831170417237e+01
1.246431756548525271e+01
1.345996567332660376e+01
1.301013441833832829e+01
1.379151715901297415e+01
1.354311828820599928e+01
1.592898692929574445e+01
1.599930253237862310e+01
1.568872761138237770e+01
1.340588993813009466e+01
1.581227299663287589e+01
1.227161787552288885e+01
1.237189716770789261e+01
1.192848696193612668e+01
1.437352960378485278e+01
1.317047047574001439e+01
1.571937177649664896e+01
1.216238527248644452e+01
1.267555175331909290e+01
1.236403827330024896e+01
1.394525401603096171e+01
1.213610588830753656e+01
1.149468322864529846e+01
1.609336140662578885e+01
1.285368482065508644e+01
1.273797840334375131e+01
1.450904159100020507e+01
1.236403827330024896e+01
1.434865136808573638e+01
1.614051168004493064e+01
1.321049194815545746e+01
1.272209119657029142e+01
1.339900963796342559e+01
1.338732714230800092e+01
1.180632992340812137e+01
1.236403827330024896e+01
1.267337593586939626e+01
1.270352863996368065e+01
1.325999271122231349e+01
1.283904062717903294e+01
1.368911380462802008e+01
1.128881033765049047e+01
1.585212331953588993e+01
1.291965177954477184e+01
1.267917089036813039e+01
1.415892579053423539e+01
1.592250639340491425e+01
1.305518107496738445e+01
1.404375363888543760e+01
1.292277740811812947e+01
1.252153976535150903e+01
1.428639003447482736e+01
1.236403827330024896e+01
1.309472311105720443e+01
1.267917089036813039e+01
1.245706558486637761e+01
1.227161787552288885e+01
1.280380793214868440e+01
1.386336852546714127e+01
1.196539923638469993e+01
1.246431756548525271e+01
1.246431756548525271e+01
1.390815638844713575e+01
1.341286512040287882e+01
1.296983490924535332e+01
1.270352863996368065e+01
1.257309664368439250e+01
1.424889256200430054e+01
1.317776006540496603e+01
1.251774158971464601e+01
1.383238623630761666e+01
1.357322845952203494e+01
1.294808220125769438e+01
1.293931991936403669e+01
1.602278568558991978e+01
1.246566901951916861e+01
1.283904062717903294e+01
1.327659513680245418e+01
1.270352863996368065e+01
1.293825855460753260e+01
1.383238623630761666e+01
1.386336852546714127e+01
1.567308974366071261e+01
1.322818652012894347e+01
1.308289153369319813e+01
1.568872761138237770e+01
1.445236523528401484e+01
1.308291965133232537e+01
1.561909248431164521e+01
1.324079868752554034e+01
1.283904062717903294e+01
1.299601018877223346e+01
1.373567949239087582e+01
1.405309538037093908e+01
1.599930253237862310e+01
1.585888350376287015e+01
1.302835639531210354e+01
1.609336140662578885e+01
1.326555458621360195e+01
1.236403827330024896e+01
1.571937177649664896e+01
1.294685662507104240e+01
1.404375363888543760e+01
1.411255605342256203e+01
1.170605063122311762e+01
1.310365875736424179e+01
1.270352863996368065e+01
1.583556537753491789e+01
1.330133366385409666e+01
1.367946792323667538e+01
1.286433585214170172e+01
1.295105475497760672e+01
1.149825577691355960e+01
1.170605063122311762e+01
1.291965177954477184e+01
1.267337593586939626e+01
1.532898462800494599e+01
1.362957061430814676e+01
1.272025304381328326e+01
1.384666840750715977e+01
1.257309664368439250e+01
1.590559482215392784e+01
1.275340552847008269e+01
1.212311402299010865e+01
1.369876721794230434e+01
1.578194754062108451e+01
1.309769500109350027e+01
1.246566901951916861e+01
1.330057552125371068e+01
1.172622410217482525e+01
1.376537297059503118e+01
1.592898692929574445e+01
1.273646416721280161e+01
1.327536648188868362e+01
1.437352960378485278e+01
1.246566901951916861e+01
1.325143761994045910e+01
1.288437980127690352e+01
1.604629024404197324e+01
1.357243444098344298e+01
1.345373255787763611e+01
1.236403827330024896e+01
1.508034352933647959e+01
1.213610588830753656e+01
1.316595755900460674e+01
1.301013441833832829e+01
1.211174813871198630e+01
1.189689481382910863e+01
1.246431756548525271e+01
1.246566901951916861e+01
1.383203408011541846e+01
1.424889256200430054e+01
1.413566998334034253e+01
1.133097028535761375e+01
1.373210694412261645e+01
1.371080862721185945e+01
1.383238623630761666e+01
1.257889159818312663e+01
1.256594831170417237e+01
1.379311498681128256e+01
1.211174813871198630e+01
1.227161787552288885e+01
1.356467835754378726e+01
1.294808220125769438e+01
1.308516434137079010e+01
1.357243444098344298e+01
1.424889256200430054e+01
1.201146884652698255e+01
1.311764422771715921e+01
1.552664659024141436e+01
1.180632992340812137e+01
1.246566901951916861e+01
1.583556537753491789e+01
1.602278568558991978e+01
1.268682419357165259e+01
1.189824626786302453e+01
1.185623308930663455e+01
1.237189716770789261e+01
1.128881033765049047e+01
1.346257866554248039e+01
1.385614874097685068e+01
1.206210598030144254e+01
1.402416417729588538e+01
1.196539923638469993e+01
1.398110564205054374e+01
1.592898692929574445e+01
1.389339427899628276e+01
1.212311402299010865e+01
1.545763186407932999e+01
1.291965177954477184e+01
1.227347338287926171e+01
1.571199370444787213e+01
1.138908962983549422e+01
1.334716906348517007e+01
1.313463728737652225e+01
1.165597056351896654e+01
1.564999277033803970e+01
1.285012184901689558e+01
1.144231389531357657e+01
1.251774158971464601e+01
1.246566901951916861e+01
1.213610588830753656e+01
1.308415900064644077e+01
1.379068538729675630e+01
1.400165584804535079e+01
1.283904062717903294e+01
1.308291965133232537e+01
1.587556203473373095e+01
1.336521407212544865e+01
1.270352863996368065e+01
1.311041371052333204e+01
1.353540224641532141e+01
1.170605063122311762e+01
1.257309664368439250e+01
1.241746229752964226e+01
1.196539923638469993e+01
1.257889159818312663e+01
1.596953637303914242e+01
1.125961202569978425e+01
1.344918550088984865e+01
1.170605063122311762e+01
1.270352863996368065e+01
1.398559634135643748e+01
1.330587452174795615e+01
1.585888350376287015e+01
1.236403827330024896e+01
1.413966279095077994e+01
1.587556203473373095e+01
1.321326012701947938e+01
1.585888350376287015e+01
1.283904062717903294e+01
1.403381110706108181e+01
1.571937177649664896e+01
1.229364685383096933e+01
1.555791115626433374e+01
1.413566998334034253e+01
1.308680976683153752e+01
1.582870763711074069e+01
1.251774158971464601e+01
1.241746229752964226e+01
1.300409660512624122e+01
1.307267199756969767e+01
1.293931991936403669e+01
1.571199370444787213e+01
1.324878246231201828e+01
1.604023238785992689e+01
1.280380793214868440e+01
1.283825769552875506e+01
1.430181231658983876e+01
1.165597056351896654e+01
1.604629024404197324e+01
1.261997375162827950e+01
1.581227299663287589e+01
1.585212331953588993e+01
1.340568044718489915e+01
1.367350775170703869e+01
1.578900690356738146e+01
1.413433099010031135e+01
1.356770006936939588e+01
1.328321657472631045e+01
1.437352960378485278e+01
1.227161787552288885e+01
1.362380265361395892e+01
1.336601013119040893e+01
