6.912480972337703422e-01
7.253045228843530978e-01
2.737668323912912927e-01
1.031735183941573153e+00
1.903153340612571409e-01
-1.364540208586671355e+00
2.763411847436468907e-02
5.388082697518293829e-01
-7.241624656887601930e-02
-3.961281816547349566e-01
-2.486947578408175152e-01
8.861055401149543487e-01
1.449086342009391126e+00
-6.450133131525742636e-01
9.760434992177556834e-01
-1.700413793274667018e+00
-4.936192731273580936e-01
-4.459403013310691000e-01
-1.258329785765404329e+00
-5.548959771563929388e-01
5.992902557970823663e-02
-1.591559398303156847e+00
5.374124176475822967e-01
8.006770471011491752e-01
8.423238880897715442e-01
-3.277066321118985437e-01
-8.572508551261165399e-01
2.615601369066113957e-01
5.397025249090584564e-01
-7.588018363749710060e-02
5.480334017748796915e-01
-1.660111076055570178e+00
-2.492665833779610374e+00
5.778541139243866670e-02
-8.868554412182768631e-01
-9.764883318080039842e-01
2.364819262739492167e+00
7.544126309852196288e-02
5.380374933450988717e-01
1.007357367952773863e+00
-5.619310992877739608e-01
-1.118121633154588457e+00
-1.776911348797548529e+00
-1.008438121373801177e+00
6.645905208884312909e-01
4.982120866829712336e-01
5.502648941525418724e-01
-1.181030451211790844e+00
-1.154769787749767573e+00
-1.348016994682251335e+00
-2.633671154936538805e+00
-6.712910730807866155e-01
5.157417700086276424e-01
2.494997971756446997e+00
2.053150815627468040e-01
-7.137847221606438142e-01
6.141775912154910921e-01
-1.922330250956489350e-01
1.197490121736564550e+00
-6.117423430421404795e-01
1.418819539190792289e+00
7.323608141741070332e-01
-2.928248719691101676e-01
-1.321385734987425176e+00
4.929377939553352683e-01
1.686416256808694891e-01
-8.993090913375220152e-01
1.482164864423654582e-02
-1.274149580180939711e+00
8.205582555603153638e-01
6.667055369929612008e-01
-5.970258957404910305e-01
-1.047350549500222439e+00
-1.508152895322871334e+00
-6.641168992254015135e-01
5.204818234902234275e-01
-8.672488831850470037e-01
-1.487822158473318890e+00
-2.031527494082601554e-02
8.257074920771976245e-01
6.672264139935354388e-01
-3.847531114413808018e-01
7.052489583686984975e-01
-7.022055915894057643e-01
-7.752615764175269097e-01
1.112669885866736319e+00
-1.573698268949621504e+00
-1.132867050767770500e+00
-1.858822026417020212e-01
1.731841774825028657e-01
-7.988143063207062688e-01
-4.495483004019621559e-02
-6.371647377997393669e-01
5.570469727050118003e-01
7.086225352927030263e-01
-1.202789534433716945e+00
7.292044869365402748e-01
-1.226210556164876175e+00
3.907528632072459485e-01
-7.421391734974466248e-01
-9.005870615300899384e-01
2.807158434524640311e-01
-1.295809856559650419e-01
-5.088282203265095394e-01
-6.745411448817816291e-01
5.498979792296930791e-01
-1.800370489763038762e-01
-5.009932011459340417e-01
7.464400300773299524e-02
-1.077212282296289514e+00
1.164786896976245378e-01
-4.301402455045689743e-01
-1.627239420437474493e+00
-8.224874684069377606e-01
-6.111603616295342434e-01
3.333221701028458162e-01
1.476448842312121645e-01
-1.306321930069021198e+00
-1.573001363759862548e+00
5.976147623248698748e-01
-6.467372176955652474e-01
-2.498831705580018825e-01
8.280841775170312280e-01
4.298773576068398161e-01
3.910287981226996945e-01
-5.277200182017146579e-01
-4.764654250122086765e-01
-6.607306846366708952e-02
4.620809309221448613e-01
-9.444856835924898553e-01
6.504799326177929109e-01
-3.565640469687062636e-02
5.948700848753368797e-01
-6.253402477755571898e-01
-1.730895243888189161e-01
6.039563181124907310e-01
8.694477105058210364e-01
-2.174861590554842961e-01
-1.236910769053241266e+00
1.545160742122042352e+00
2.703319063037114001e-01
-1.290168314481039635e+00
-1.246577887981760169e+00
3.730934184252145402e-01
-5.386282658435281867e-01
6.860271677326366946e-02
-2.050889245985495268e+00
-7.701431097638920809e-02
-3.228081378863091599e-02
1.888316429422244314e-01
-6.532627413932141636e-01
5.104070632468035891e-03
-1.136961819795555773e+00
-1.414897992878879629e-01
-7.247319233593070287e-01
4.373273679382977397e-01
-8.165617337416452015e-01
-3.841677999082366846e-01
1.479521677628208964e+00
-1.062375161414203628e+00
1.347632110828070440e+00
5.700521768700731601e-02
-1.167764993423801467e+00
4.913817452387292950e-01
7.823164123028625294e-02
-2.628041228840419241e-01
8.395486506924708658e-01
-7.066627202859879775e-01
1.043451443733499073e-01
-7.104740980629661307e-01
-2.472630226486197125e-01
2.914146857743655783e-01
-6.027036848429327964e-01
1.868563995055438021e+00
-1.020014360662260255e+00
-4.986106197566106957e-01
-1.606041202587968453e+00
9.672954261269579856e-02
-3.312870672955557372e-01
6.155749273486128548e-01
-1.288891369643324625e+00
-1.014451018330628784e+00
2.741921280867712363e-01
5.031181419834951374e-01
6.350997744788550170e-01
-7.028144089101384662e-02
-6.009639386576247633e-01
-9.711638385035756826e-01
6.839304891824775634e-01
7.286225524186258351e-01
1.515753750296096880e-01
-1.298221541033545812e+00
-9.722421478816418716e-01
9.626340761734644702e-02
4.014648623082817669e-01
-4.694479486944993507e-01
6.880200661600920087e-02
1.699302946760959387e-01
-7.257072607286041421e-01
6.070314930615127169e-01
1.409549483709746642e-01
1.490824436841541756e+00
-6.517012052045700887e-01
4.179291719191959020e-02
-5.305440339346083611e-01
-6.781869145682483113e-01
7.652655490515443137e-01
1.462722353815310683e+00
-9.097561055592184864e-01
-1.275695574380421249e+00
-1.997830503373290364e-02
3.477155860305525259e-01
-2.796650874326722658e-01
1.390918857986171098e+00
3.022838402566327964e-01
2.247672715350883255e-01
-8.746264953250316998e-02
-6.064320196791512796e-01
1.723504678135898832e-02
-5.379042796784022640e-01
1.387260081933439360e-01
-5.638386384852862587e-01
2.263785700890149355e-01
-1.498278023068020604e+00
-1.220193184009068732e+00
3.356753531296437498e-01
-7.715870399632698828e-02
-4.136863268125787196e-01
-8.370504040598195639e-01
-4.322357348776694752e-01
1.803118115333528781e-01
1.514966032271204632e+00
5.156843397639899740e-01
-1.585127297717752848e+00
7.398739834030949869e-02
-5.384771748431452787e-01
-5.413755149675335554e-01
6.362939474879325541e-01
5.945171352064054088e-03
-6.466351656553750438e-01
5.756136253433105088e-01
-5.090481249705316458e-01
-2.720840777951766265e-01
4.050266416865537233e-01
3.155828312897374643e-01
1.358883241084666071e+00
-5.475792813241485701e-01
-1.029342286123874795e+00
3.792695620606538753e-01
-4.673560788378204878e-01
-6.253402477755571898e-01
6.069567174132267651e-01
1.560320192619530033e+00
6.934926710978027709e-01
-1.791723745890689168e+00
-3.013878581698145598e-01
1.408725689881635268e-01
-1.021414402662838450e+00
-3.166919578471366625e-01
6.969497968423787881e-01
4.237337558482081046e-01
1.747572921703629101e+00
-1.328248389006411401e+00
-2.349592912911998843e-01
2.788474224034129811e-01
-2.950729825505096215e-01
-2.094838751777493291e-01
1.637602086266140233e+00
1.151035633149467552e+00
3.787903680343229218e-01
-9.850721864122670424e-02
5.861985087242979064e-01
1.983339691460264398e-01
1.308979405623661219e+00
1.122133225116080268e+00
3.610978563303466893e-01
-5.954888835693860072e-01
1.030111068295883614e+00
-1.305343090552824048e+00
4.527950957575965218e-01
-5.112991433164240096e-01
-8.891661669773324173e-01
-1.425273529022042240e-01
-1.020169932741171293e+00
5.015371339318215327e-01
-5.616168927698784313e-02
1.488101465897537501e-01
-1.575882075377934344e+00
-1.503402354292860954e+00
4.962558822563777339e-01
-3.935543812841731937e-01
-2.856054740626497446e-01
-1.507862028669559873e+00
-1.912899650059940004e+00
1.145159403968592088e-01
7.469732025469263959e-02
-9.169796430068422044e-01
1.584888700748143808e+00
1.107532989362073617e-01
7.654509318449828070e-01
-8.766376806800667554e-01
-7.570263067354373598e-01
-2.661264986810348288e-01
-2.173539913268062840e+00
1.064341942007897446e+00
-7.725739059171075895e-02
-3.047541282191117973e-01
2.096244091928249453e+00
-3.196050054945170915e-01
9.893487384761694425e-01
-1.237724413072030405e+00
8.816478562891805204e-01
-5.093193309402361812e-01
2.275718501494698565e+00
-1.291107649684822611e+00
1.757823655101738769e+00
-3.645870779417202945e-01
-1.220904230454966516e-01
-5.087361412125345206e-01
7.026731517449210651e-01
-3.193921206944774771e-02
-1.236036752490541568e+00
-5.459038274914594924e-01
6.020998462283191910e-02
-1.877942062396474654e+00
-6.514792420335823175e-01
9.120721476621166390e-01
-9.909214566499653654e-02
-1.863739865118882455e-01
9.663747622885453525e-01
-1.967891498894113467e-01
-8.967311792697266748e-01
-5.579318439715684752e-01
-5.120457933046401733e-02
1.345390191063520424e+00
-1.297825830651098356e+00
-2.985552734327349356e+00
4.054812675704351776e-01
1.813911540196307737e+00
-1.218318254027015879e+00
-7.448392799605889625e-01
-6.900765547454165150e-01
3.485115562555191615e-01
-7.712199918651967412e-01
1.435081700319593666e-02
4.020213387526744980e-02
2.233037642787141230e-01
-8.647873038340129215e-01
-1.326880715905010222e+00
-9.429205218467160421e-01
1.516550454558338146e+00
-6.976076615058823815e-01
9.163755830315613027e-01
-8.432840087682720309e-01
9.148575953328677568e-02
1.441016722716448983e+00
4.999699596568827342e-01
-6.231571332527788831e-01
-7.143196317888709235e-01
-6.658392920866894604e-01
2.639704493983462186e+00
-3.805106302211896940e-01
-3.056885516966129090e-01
-8.373755551815794673e-01
-2.031279198216864035e-01
-2.788920140481439547e-01
3.677278564667046945e-01
-5.212784540586199444e-01
-2.028135048614209346e+00
-9.942051049032396559e-01
1.535057184535318087e-01
4.608303563747584985e-01
4.933250567761521266e-01
2.233340044396484383e-02
6.962401908949323870e-01
-1.570989343792799975e+00
-2.166441384276438231e-01
-8.376251232940334912e-01
5.445757784359136350e-02
-1.718690533231122253e-02
1.100090731660682275e+00
2.382042926503466163e+00
3.350282374456135526e-01
-1.292463901416022742e-01
-3.310476474108182687e-01
-9.231358671196784327e-01
4.015470773075495436e-02
-1.065592135829750875e+00
-1.066944863525224774e+00
-1.927282303547378506e+00
-4.488468751561049408e-01
-1.561864263144045584e+00
-3.255998038566163544e-01
1.024193213977393768e-01
6.393436786818892381e-01
-6.907820421937669320e-01
-2.684436700730303271e-01
-5.074847347581031842e-01
1.371626220566272460e-02
-1.018502791863609147e+00
-9.800754649064434831e-01
-8.021732707169965115e-01
4.434558510771462875e-02
-9.201944354573042550e-02
-3.894474460533895455e-01
1.296136577531703971e+00
-1.003131820458338819e+00
9.096756967975965225e-01
6.723490097043393066e-01
-9.588283531531366366e-01
-1.740912031608197408e+00
2.714457354395236055e-01
-1.918041276565491116e-01
-5.136012688620932298e-01
1.435157622279525924e+00
1.323121906422752847e-01
-1.152026536440994287e+00
1.450277017854099348e+00
6.722714825139872730e-01
-2.469988650200490632e+00
-2.730330046125455934e-01
-5.427140735084257095e-01
-2.604820687931798107e-01
-1.094891643256963976e+00
-2.690758482236781796e-02
-9.710320284792662848e-01
-7.867553630733082892e-01
-2.621354147659081812e-01
-1.123573216020942400e+00
-1.162255728343237982e+00
-1.051878293167137546e+00
4.425686094625339573e-01
4.928288807763860913e-01
-1.013792453943161087e+00
-7.553514687770604974e-01
-2.470340404268248913e-01
