8.966459022118243860e-01
1.656158396126247434e-01
1.741987918463470786e+00
7.692386741358492319e-01
2.691733927175652408e-01
3.063796091777913344e-01
8.412024218586644508e-01
1.301662464541701647e+00
-3.664534161822805558e-01
2.904709415956425178e-01
1.175124980348274617e+00
-1.627557159270935638e-01
-1.926841473104333069e+00
-9.800791096753929121e-01
1.000191641655412411e+00
-1.840565865599395196e-02
2.717023757309784959e-01
4.252257575540553947e-01
-1.620133997595514463e+00
-3.894209281366423081e-02
-8.690960771505730487e-02
-1.462820432535400172e+00
4.874569706594041318e-01
-1.688103178504608559e-01
8.487924332604745992e-02
-4.995776570201883489e-03
-2.993417315658390976e+00
1.300363671380022623e+00
1.496950700735157347e-01
-7.192567666134769278e-01
-8.143828335345092428e-01
-7.504479720636934026e-01
1.236774251067042973e+00
-1.044492059810158802e+00
4.673685855283899460e-01
1.782995272609482276e-02
-5.568828339065124977e-01
1.343311920337326271e+00
2.227006296465581237e+00
-9.590241470612109742e-01
9.607020956476035600e-01
-1.517508105303108312e+00
1.631390289058387566e-01
7.650293563006399511e-01
5.344591943974293935e-01
-1.116259976828395173e+00
1.174064509092881847e+00
-1.499255814620693295e-01
-3.818970303008886735e-01
1.241320518200458523e+00
-2.593716666634764856e+00
-8.220899679945665728e-01
1.025295250949261217e+00
2.305648011432077371e-01
3.101454917477958761e-01
-1.233020185919975198e+00
9.699761573220511135e-01
4.390358986212924974e-01
-6.657351891265755883e-01
-8.966846596089150800e-01
9.203904102703645007e-01
2.949192837151816793e+00
2.038547784331098400e-01
7.450312691232892359e-02
1.459395537645072349e-01
6.108098734387062967e-01
7.593445071704191252e-01
2.036068911621862765e-01
-1.538523733585454023e+00
5.146782819260280473e-01
-2.831121627492975135e-01
-9.127010143083531535e-01
-8.934402365958837855e-01
-1.017314491086908523e+00
1.110743887990471301e-01
6.140594727688881704e-01
-3.098159366646123791e-01
1.308358874999380639e+00
-1.546789481560844129e-02
6.940186758525100919e-01
-1.158264112130680479e+00
8.436204265632308852e-01
-1.205100728892566503e-01
-6.124196750101742470e-01
8.271225910333065423e-01
-1.492464298846781778e-01
2.242326390460129271e-01
-2.637710493376837495e-01
-7.234765580876534319e-01
3.435711137449116992e-02
-6.573331589207226378e-02
-3.283115727683434959e-01
-5.036114170920285016e-01
-5.790203308945033323e-01
5.404069288423115625e-01
-3.175687911062352597e-01
3.262595712122435820e-01
-9.586430670541210564e-01
1.756048819687969997e+00
-1.853775202795547930e-02
-5.654195350414493726e-01
1.835908827890983253e-01
3.453957506901346175e-01
1.854354824094516241e+00
1.377577445399396305e+00
5.868976713438687209e-01
-9.246177119023304414e-01
1.666824487227172469e+00
-4.133823625690593029e-01
-6.760085263614087903e-02
4.019385711809024819e-01
-9.950189123752273268e-01
-8.390078461590885217e-01
9.698623017387621170e-02
-1.623193217964166823e+00
3.527449568620929510e-01
-2.664708916903178459e-01
1.430333787022596281e+00
-1.555854779092853857e+00
-9.085903644520294531e-01
-1.060113043246019293e+00
-5.825735168582825141e-01
7.148287564465231059e-01
-7.237148662826170531e-01
1.566223475495187367e+00
6.374880077703386494e-01
6.499136337042781264e-01
3.572227133473295235e-01
-3.183226869817849108e-02
9.502996487726885766e-01
-2.398599987040891668e-01
6.327097686813863975e-01
2.487017587551775544e-01
1.470304239532548574e-01
4.799637041336115573e-01
-1.836849993163402139e+00
1.580350826083406213e-01
1.003997479110575464e+00
4.173223966801078433e-01
6.178922061286349354e-01
9.301506421202092589e-01
5.370331607609719615e-01
5.377532837578917757e-01
-2.247603214556394557e-01
8.828385665860420950e-01
5.708809701878916343e-01
2.669508235102283078e-01
-4.289610358079049002e-02
-1.305766341292656119e+00
-1.634421987962522971e-01
7.386283627279320863e-01
-1.981685995145760160e+00
-8.563335316783680096e-01
8.246376257607535010e-01
2.756605822633584335e-01
1.458495909634822951e-01
-3.014949095555645164e-01
-2.567866109725738116e-02
-1.058821840077353915e+00
-1.766378814754403725e+00
-1.947188101788818626e+00
-6.512788723197635576e-01
1.421487993384642490e+00
-5.091212569863024645e-02
3.606541712574728442e-01
1.114279377386628411e+00
1.438371282669413054e+00
-1.123657211779830085e-02
2.522566547957629246e-01
-9.552462668003394164e-01
-2.500376185584236022e-01
1.060443541390414968e+00
-2.680002370983599613e-01
-2.876109863895172314e+00
1.598315313908839519e+00
-5.838042486479845250e-01
1.473859021875536968e+00
-1.181842956854693538e+00
-3.806184086247181853e-01
2.725531272533981419e-01
-6.716075641832853771e-01
-3.083373040059101400e-01
-3.260779732443501722e-01
-8.701376412513235348e-01
-3.385060796069535582e-01
-2.032952182191206436e+00
-5.696662151696203491e-01
-2.134384039737210678e-02
8.488292158962000844e-01
1.199133597729518996e+00
1.664091460431838809e-01
4.030073177671913975e-01
-3.663625647912801542e-01
4.361362990660350714e-01
2.482800491591801162e+00
1.002186535715350768e+00
-4.551187568648430992e-01
-1.227978882680607731e+00
-1.522724593701496820e+00
-2.085342951846339346e-02
-4.245161774065925875e-01
6.653017934315498538e-02
-2.490358007930081052e-01
1.858133406544617283e-01
7.426159096889860534e-01
-1.708371420927642159e+00
-4.679101366872591948e-03
-1.274292102496272228e-01
-9.811448206379171921e-01
1.791794571958293947e-01
1.224913793620779900e+00
-2.417187499469114709e+00
1.133652879006865399e+00
9.070400720089801805e-01
1.392226253020851512e-01
-8.613877065706829206e-02
-3.982971033935188143e-01
-1.238738654870948086e-01
2.264691846511461548e-01
3.071944583805653606e-01
-1.064465103115298933e-01
1.075095592861097932e-01
1.319261316009666674e+00
4.269174279511097070e-01
6.913071054898003442e-01
1.401720941728154202e+00
6.020734905259300662e-01
9.822126118003754458e-02
2.922293058104604158e-01
-1.889453252295303642e-01
4.462096778923966278e-01
1.458089365920486769e+00
-6.623735670447707946e-01
-3.023081911696831048e-01
-1.797852611436754344e-01
-1.107761583997244337e-01
4.669406115081400910e-01
-1.073905891280486191e+00
-9.355912905903338572e-01
3.227178554725615989e-01
-1.371080095179805003e+00
-1.932661662683005932e-01
5.318274339102055936e-01
-1.250836181868277830e-01
-7.243614120822655655e-01
-1.985395771865119674e-01
2.205174295296465470e+00
-4.872195208417428036e-01
2.038120954190118100e-02
1.178902725411648422e+00
-2.206098856052533641e+00
-7.471353019955049302e-01
2.143975058505131204e-01
1.417501607913811135e-01
7.623655550946270010e-01
-1.015238364010643490e+00
-8.246694487012042052e-02
1.049582348795287556e+00
-3.699064334482685124e-01
-8.064041309102996102e-01
-1.544162035220159879e-01
-6.683539516622861998e-02
-1.283094858691844475e-01
8.591648785429155666e-01
2.176245313362311085e-01
5.803696218985130578e-02
-1.850747881929242777e-01
-3.203020217582232543e-01
-1.071534032440371043e+00
8.930632934076437879e-01
-1.640013929972610474e-01
-1.542629544164174860e+00
-7.947084195083539138e-01
1.285392295646606620e+00
5.918580939901134652e-01
-3.191792544003628496e-02
2.483814249161452103e+00
-1.153311296829132582e+00
-2.029858667654216742e+00
4.027618494753874567e-01
1.500664111402256751e+00
-2.029355815941631114e-01
-5.405261441792756916e-01
3.984293186353728977e-01
-6.638139681438210982e-01
1.962548714845167852e-01
7.834468947027286578e-01
2.792166993377930839e-01
-4.832264832709712993e-02
9.589094856328896910e-01
-9.887569714246653707e-02
6.777194839294318207e-01
2.062702757720067115e-01
1.048035094272203427e+00
9.338404535841766663e-01
-7.380517439846978611e-01
-6.809749229391429681e-01
4.769908244066545788e-01
6.239177263836379606e-01
-8.131264010473374659e-01
5.308987934703530698e-01
1.083475312630569620e-01
1.058464537163387620e+00
-4.993449977332773404e-01
-5.211640266566537338e-01
6.589977584828206059e-01
3.602354401664761285e-01
7.323125247027156837e-01
1.452327271762069216e+00
2.359624566381630373e-01
2.640293701558067974e-01
2.112676220788615389e+00
1.090118002477237669e+00
-4.935267899280564308e-01
-5.728298767856094820e-01
-4.352593195933668335e-01
-1.274181131945419931e-01
2.775686989991965614e-01
-2.864103992234792728e-01
1.380913317823328601e+00
-1.254191937301081916e+00
-8.582886466204738829e-01
-9.092971547905811525e-01
-2.076507142419372898e-01
2.432156457081650208e-02
5.738268275570658217e-01
9.522990815814827981e-01
-8.580708534346459526e-01
5.795257167109117979e-01
-1.057488791233861747e+00
-2.540172309442457532e+00
-1.142436726595814633e+00
-5.882656135178795376e-01
1.250038128083721611e+00
-2.029776550208083341e-01
-7.304542993905883685e-01
-3.859930593489249162e-01
1.040359190270689904e+00
2.720139349352043712e-01
1.157014890134059115e+00
4.350933463965171444e-01
-3.139786119617460347e-01
-1.243124078003820632e+00
3.845555002583985749e-01
-2.069450784461837944e+00
-4.050301016696937761e-01
4.517909094034134876e-01
9.322718120961883681e-01
-9.048607500868763864e-01
6.968111289692605625e-01
1.951584097052915023e+00
3.158823365256830940e-01
-7.575683970039175097e-02
-1.221500167887033389e-01
-7.309640464684532546e-01
-2.490277784368503944e-01
5.442299691898877523e-01
-9.074206369578463605e-02
-1.221902593536120518e+00
-3.618270716717770230e-01
-9.352510556703300115e-02
7.867371859819786151e-01
7.055567455408934263e-02
8.751277807230192773e-02
1.110203930440285314e+00
-9.676596575722998250e-02
3.262399687188782815e-02
1.681957603475931595e+00
-8.422031471962125870e-01
-7.305079174901536465e-01
1.792188975286971298e+00
-9.703547905138419916e-01
-2.421766811357028426e-01
-1.565803267763035411e-01
-5.902912209732728011e-01
-8.083445608648784017e-03
-8.458649210153359466e-01
-2.502665672770169270e+00
1.570649694978396349e+00
7.271738643775842448e-01
6.396315917689213704e-01
-5.206635229310969670e-01
-1.851013666610409336e+00
-3.522014397327150048e-01
-6.060120877490404734e-01
9.235342918332807294e-01
7.353567752842777860e-01
3.633380042780209318e-01
-8.048003106474240775e-01
8.181473820099144367e-01
-4.758856517609525993e-01
-3.118051936807801280e-02
2.107290564501553831e-01
-1.124398398952791034e+00
1.570230525274803335e-01
1.873001191084072981e-01
-5.132096974167139614e-01
2.495402065683352266e-01
1.657727593914911923e-01
-1.528308847129861495e-02
-6.387790291329122905e-01
-1.612746862781656854e-01
-1.311887317966127453e+00
8.117466374503031767e-01
1.815495977457805221e+00
1.881957745489777345e-01
-1.085736099038299374e+00
7.370643442041442672e-02
-1.010965919449162698e+00
-1.659743491946827632e-01
-6.252772559494680360e-01
-8.997300120835022286e-02
6.728598163074462901e-01
7.447746655627909274e-01
-2.550901217117171438e+00
-7.319504220938349848e-01
-4.597763877221049400e-01
8.338651756146228111e-01
-4.681999191852135866e-01
3.568155123296670173e+00
8.292389681938627799e-02
4.782553632847129088e-01
7.094202957001776166e-01
2.972331294574600408e-02
2.046900260511415603e-01
9.801811235156151492e-01
-1.203172030552347893e+00
1.314068141259623623e-01
-8.195546508533024799e-01
-8.247987515997803332e-01
-1.483247848336679109e+00
-1.395478852522722135e-01
2.833035708743221748e-01
-7.944166638833329852e-01
-6.471906996868280748e-01
2.109284873689794559e-01
