5.824072063145768752e-01
5.884179526317240283e-01
5.342911897143427513e-01
-5.004366173931118489e-01
-1.529546425858767655e+00
7.534963463673196582e-01
-1.417927153406017549e-01
-1.372466646843681082e-01
-4.116513955714031815e-03
8.360125306093355579e-01
-1.427775801916393528e+00
-4.137190307322857752e-02
4.839071522576462447e-01
3.794933339431683650e-01
-2.981776906721561815e+00
3.354813886176768456e-01
-1.398179361745703231e+00
7.082083736359487958e-01
-7.632212325403943121e-01
-6.198483575225266495e-01
-4.332833722005161592e-01
-9.677053023311853464e-01
4.545418294384481056e-02
9.983136504895580021e-01
-2.058953715576460564e+00
-2.103799219836889611e-01
1.683675083443128662e+00
-9.171646568472504590e-01
9.744405858000553255e-01
-1.601173864955786508e+00
-4.110150860201575718e-01
-1.235385978846451849e+00
2.764670716872311029e+00
-1.526949006975371725e+00
-3.370037811962048324e-01
-1.596543934791969446e-02
-1.054442106928176470e-01
4.165169744153587317e-01
4.647971024203053081e-01
1.004616083872181820e+00
-3.600242690471404106e-01
-1.238801725367730366e+00
-3.130679024946811384e-01
-4.044214786646423976e-01
-4.399324004227407325e-01
-1.142154602532846397e+00
1.235070452150804465e+00
-5.607750803798059458e-01
-1.048286210151653242e+00
1.221105812609347030e+00
-1.411172596630881237e+00
3.777930598620090064e-01
7.277278146925936220e-01
-4.132956023585408367e+00
3.708859186487248882e-01
-8.379924806750599364e-01
7.730649064979442375e-01
-3.498742122947013922e-01
-1.166752659814536131e+00
-1.817730378137518255e+00
-1.185804235594913741e-01
-3.541964743688729156e-01
2.539476183557590194e-01
-5.061613109364008212e-01
4.716023247665234175e-01
1.171817518374893147e-01
1.954551842400572559e+00
5.008301834165717475e-02
-4.991424006682644299e-01
8.195945053531838997e-02
-2.219081124024294027e+00
-2.649410340671519926e+00
-2.249515739176139117e+00
1.711428516307732239e-01
-7.080497864371777528e-01
2.909713600181174087e-01
-7.289745979071504678e-01
5.139164638169778643e-01
6.697250235048630707e-01
8.701815686692903062e-01
1.652489845726884399e-02
1.090741228944180241e+00
-1.013025600359175327e+00
-3.985202807631527677e-01
-3.736032253356808552e-01
-1.791515247524529508e+00
-2.813202572551253500e+00
-6.246860260048333613e-01
1.043182394998440010e+00
-3.621686233597052468e-02
4.479226744731509280e-01
-3.417479087057319342e-02
-2.424645782502660829e+00
-7.920258416598190410e-01
-1.263727192785950804e+00
-2.337350479516439261e+00
3.897765522060075760e+00
-2.262144460586018813e+00
1.335147623374608017e+00
-2.777737373885744709e-01
6.598156782794246666e-01
-4.127824379327459381e-01
-6.480006377978925203e-01
6.117160316697308753e-01
3.915729864639403424e-01
-4.081217414806739829e-01
-2.096040537695355699e+00
-9.590335008633540936e-02
2.988186782099850891e-01
-7.795538616939632348e-01
-4.047303496951942803e-01
-9.920482472491005677e-01
-1.632176043453461789e+00
-8.413500653622922876e-01
-1.351680258363428200e+00
-7.203445239461242489e-01
-1.427426028867104790e-01
-8.800257970526582652e-01
2.707313442759286537e-01
1.086180165682352872e+00
-1.706316901303123856e+00
1.203810671561514667e+00
-1.323251886042654986e-02
-1.936166560903054487e-02
2.576339169517621208e+00
-4.183602914984468346e-01
-1.262057626577948843e+00
-3.426510717457164068e-01
5.413143780074421985e-01
2.850761160401746319e-01
-1.142230220779839600e+00
-1.955835171653480531e-02
-2.416053943692290581e-02
1.604747609442037926e-01
-1.840239608579627706e-01
-7.402974022536306098e-01
3.329475343299117540e-01
-4.431355274937641420e-02
-2.095007476787893008e+00
-5.177376139542575473e-01
1.389473130452406169e+00
-1.241586002138399980e+00
-1.365813656978306367e+00
-5.707046558647281831e-01
-1.061206486673506311e-01
-1.596838439488388106e+00
-1.576753081944597401e+00
1.894709501776531191e+00
4.352115750611928457e-01
1.156653347783273000e-01
7.908403886013389839e-01
5.449549720865277669e-01
-1.111371035022823195e+00
3.551936471403125406e-01
-2.411058226932047965e+00
1.602346845736223768e+00
-9.389903262138769025e-01
3.089751490136845580e-01
-1.125867835771491438e-01
-2.033816637914288794e+00
-2.586321437980625859e+00
-6.166475573981953229e-01
-9.011408259387360120e-01
-1.077713042586968761e+00
-1.716879567627642711e-01
2.875327318405295762e-01
2.867320914288644662e-01
-6.851677187293737648e-01
-1.739087350606216831e-01
4.517574153190285768e-01
-1.384837648371412336e-02
1.284551515995886906e+00
1.553649949192872803e+00
-1.772408032523554444e-01
-3.224463438709029295e-01
-1.146657347794461934e+00
-2.277505827711891584e+00
2.548080265215644236e+00
9.618542324016130518e-01
9.026804647362671741e-01
1.554288316206052234e-01
-1.586719254643722543e+00
-9.943490828075173260e-01
7.219746501514778814e-01
4.397751681799718093e-01
-6.646629459388448957e-01
6.093168902490780914e-01
1.015365805186344117e+00
1.309295310131219248e+00
-8.538263112545789735e-01
-1.179294730203497510e+00
5.958101388659193809e-01
6.169924135179022384e-01
8.442955740083727401e-01
1.930699665538210041e+00
-1.281282385475102981e+00
-1.648095215278262970e-01
-2.831720211529730191e-01
1.029660607966826902e+00
-2.033234222916151968e+00
1.420548585808558917e+00
-3.610801898881146887e-01
1.329610231739116966e+00
-2.289977204639605635e+00
1.349977475338749455e+00
6.012802061156672373e-01
-3.421010747749049230e-01
3.191106356015467771e+00
5.536769898809307255e-01
2.420823267649968857e-01
9.962420788954696738e-01
3.460195481882527346e+00
-6.193083590674485217e-01
9.086881803889915732e-01
2.554017037719046868e-01
5.817410622066259140e-01
-1.070439637975370450e+00
5.158498689379527047e-01
5.706861817272966819e-01
-9.634764312159604938e-01
-9.867038694065934090e-02
4.326426498010569888e-01
9.710936913848295937e-01
-1.034391748462366811e+00
-2.887588025672646719e+00
-2.768017329418092309e+00
-7.896526086828878910e-01
2.284104472540510467e-01
-1.526010864866746308e+00
2.484353763356680567e+00
-6.669832689346369414e-02
8.695643548238092269e-01
5.419642930019610283e-01
-2.188863766607260786e+00
2.079212629144655544e+00
-1.621783343960389479e+00
-7.001370432285121126e-01
1.625898557144323409e+00
1.952837158114670846e+00
-2.623061562828010729e-01
4.755516914476842216e-01
1.838063322715053349e+00
-8.803152557994803340e-01
-8.802596537373840180e-01
-1.156825991698545497e+00
5.083694738562741788e-01
-1.935461594596193713e+00
8.886489430612620755e-01
5.723180404590747505e-01
3.550191295549079418e-01
9.930565306505654277e-01
-7.581735577401637061e-01
-6.382468160990624195e-01
-2.916831530065491784e-01
-4.714120979531238320e-01
1.006330516003708819e+00
-8.991353151834223789e-01
-8.207078071658463481e-01
8.837697933013050067e-01
1.680862675607202483e+00
3.229423684637292569e-01
1.109776309735466926e+00
2.666104944698823864e+00
-1.169344969657652555e+00
-4.688001129758398444e-01
1.678701237895389442e-01
-1.229010294784196766e+00
-2.811387521971495107e-01
5.349642732071816509e-01
-4.159135819807983914e-02
-1.258438638693041844e-01
6.686461976456703482e-01
-1.902749379629848470e+00
7.841642479380228625e-02
1.760682256513071531e+00
4.409605370093234722e-01
-3.058526697176317533e-01
-9.206159995821489028e-01
5.426953370320707348e-01
9.144123438785280167e-02
-8.066801429656038636e-01
-7.608744742858408738e-01
-1.199045065552172551e-01
-4.179732743079168644e-01
1.111274117666009031e+00
1.330133153438024962e+00
-6.964468440802708271e-02
2.003755062454565472e+00
-1.674811833473624167e+00
2.361054844035249956e-01
-3.678094528504469718e-01
-1.221488139266949435e+00
-9.301968748691691324e-01
-5.391905472454321391e-01
-6.774549383051131635e-01
1.319052192807959045e-01
4.788390477472930229e-01
6.495622766851717467e-01
-8.646686630616209346e-01
3.389624871014585761e+00
-1.194922725619366154e-02
1.103895738033086271e+00
-1.469042188499338097e+00
8.613616498257491427e-01
1.152166985495451712e+00
4.690003317669362293e-01
6.405491574467857552e-01
1.685280606655721769e+00
-1.659678224398858370e+00
-2.807870313441482302e-01
-8.005266646299866728e-01
1.735761800415249301e+00
-7.786928299636998174e-01
5.578982422785235151e+00
-8.820429346381323255e-01
1.061096388210730490e+00
7.501362546008391030e-01
1.152611748643269513e-02
-9.273414892618591088e-01
1.553476548938314217e+00
1.793939460538431785e+00
3.090039415292011871e+00
-1.320460861996929802e+00
8.040687996095057244e-01
7.398995581283765444e-02
-1.114672277907390763e+00
6.936044243354113625e-01
8.276749458191989817e-01
-9.629942867276890528e-01
2.180896587166840206e+00
-1.339420214507666351e+00
3.928121311408541770e-04
1.093917345760209159e+00
-4.799614880365286607e-01
-7.448747164904177820e-02
3.213300228690484928e-01
1.133524471685444235e+00
1.470927830385210022e+00
4.610900805144875214e-01
5.341659117799827383e-01
-6.636761778746909091e-01
5.091789692346575524e-01
-5.292286249656202868e-01
-1.688214125504239771e+00
3.089923197188314541e-01
-1.990300979943424586e+00
2.544709812562488960e-01
1.028278190631477296e+00
-6.516995021712179703e-02
-7.150601054842513626e-01
3.228866289733485773e-01
-2.185684430033225656e+00
6.725208737363164158e-01
5.704253278779873870e-01
-2.012479840362206396e+00
1.353211704712968810e+00
-3.751849959346358343e-01
-4.664003982026952433e-01
-5.804126215130346600e-02
6.863414026590677550e-03
-4.051096297209603847e+00
1.545931317926282911e-01
-1.340826810743100506e+00
-2.665620800678420999e-01
2.563896100686535381e-02
9.254270685444536682e-01
-8.648242595732922311e-01
5.877063327941588478e-01
9.426898124225762121e-01
-1.612001094104458909e+00
-1.259925117723566412e+00
-1.662899983026391970e+00
-1.357336467314307071e-01
3.265421495548084807e-01
-4.433396129128817087e-01
-2.714612653422862287e+00
7.148812102704705795e-01
7.561196275964313651e-01
-4.034037526771567794e-01
-4.789552076756091736e-01
-7.652553057259178226e-01
9.653467114580767117e-01
-1.450159029004607358e+00
-1.252775158783899556e+00
-9.431547186568222108e-01
-1.137202627214694450e+00
8.160875039027498667e-02
1.564834274370779932e+00
-1.361268417705311595e+00
-4.842780771311496757e-01
-1.112458362206851792e+00
-1.878860612803475050e+00
1.531782687061620907e+00
-2.658955550955024005e+00
-1.242081390645996652e+00
2.918474478877930434e-02
1.389169256574140643e-01
2.967150654641734775e-01
-8.991238923483219070e-01
1.539402432722670966e+00
-2.173861703146106716e+00
-1.429565135877259863e+00
-2.718804092851743182e-01
-1.264609938654766452e+00
-1.847909994282617374e+00
-3.673881460556418510e-01
-6.006325254454590867e-01
-2.658040802166053984e-01
-1.923694317848537727e+00
-2.595380331286700412e-02
-3.953022832900348615e-01
1.704768973121254971e+00
-2.785516890320959060e+00
4.739499925336637665e-01
-1.323517835941040222e+00
1.620743192566366231e+00
-2.656608151090106840e-01
5.763574791106671480e-01
1.652661326922350460e+00
-6.906072601492947438e-01
1.039247984318481421e+00
9.177272526882066517e-01
1.046180554496465742e+00
3.882154111123223283e-01
7.726886511374161381e-01
-1.761288728489350586e+00
-9.675022491450580020e-01
1.294758339842851935e+00
-6.689578954689650026e-01
-4.872715024152637353e-01
-1.053528100235507248e+00
-8.613741619805077576e-01
1.280955551768387268e+00
-5.609214295304838505e-01
-1.750492203083766907e-01
-2.888212198879728798e-01
