1.802891009125805688e+00
1.836466653786784198e+00
1.665565287885707013e+00
1.974579678464390753e+00
1.794298304227513352e+00
1.839888880191052456e+00
1.693576167313967318e+00
1.814317171637825465e+00
1.714831968705131882e+00
1.844305382569112028e+00
1.694387890606063651e+00
1.836466653786784198e+00
1.693250384517373419e+00
1.924756970951499557e+00
1.926906811817432619e+00
1.927785924559900721e+00
1.927973624930390484e+00
1.703764835427899804e+00
1.968254019390352383e+00
2.116927130488546194e+00
1.846122793285287278e+00
1.703764835427899804e+00
1.794093480697861898e+00
1.699636530958628766e+00
1.817575312898039641e+00
1.928393191195772793e+00
1.971242987154541160e+00
1.666151436082789594e+00
1.929065558226792154e+00
1.665565287885707013e+00
2.208780037149268072e+00
1.969463980336297659e+00
1.839888880191052456e+00
1.667774110286041056e+00
1.667566784864081386e+00
1.694387890606063651e+00
1.968254019390352383e+00
1.792502892471136366e+00
1.792310391329861252e+00
1.690479814023640781e+00
1.711216730127297136e+00
1.842526375750868306e+00
2.116927130488546194e+00
1.665565287885707013e+00
1.927154810995194367e+00
1.799411781781823372e+00
1.792502892471136366e+00
1.969463980336297659e+00
1.691345130319776180e+00
1.971242987154541160e+00
1.839888880191052456e+00
1.842526375750868306e+00
1.802663885555292556e+00
1.666750100099701370e+00
1.691345130319776180e+00
1.693576167313967318e+00
1.698649137299806711e+00
1.686358411291253967e+00
1.817575312898039641e+00
1.921536404860269664e+00
1.928283584273535300e+00
1.819901538146078357e+00
1.926831864029920904e+00
1.826574135544058120e+00
1.831210346628104890e+00
1.697439176353861434e+00
1.921342073695258224e+00
1.704237846999372197e+00
1.963404258372213551e+00
1.714831968705131882e+00
1.844305382569112028e+00
1.841316414804923030e+00
1.919213373620040519e+00
1.795553468670642694e+00
1.793285311590612441e+00
1.783570277141834470e+00
1.793089040668218948e+00
1.815594566719388903e+00
1.831210346628104890e+00
1.708165444379499576e+00
1.817575312898039641e+00
1.683675166378938437e+00
1.801399595619040284e+00
1.707059938031403767e+00
1.715710235909594594e+00
1.794298304227513352e+00
1.666151436082789594e+00
1.717143083623406508e+00
1.795340917413286164e+00
1.841143302476915267e+00
1.666750100099701370e+00
1.841493319242654358e+00
1.785203970075992741e+00
1.701545781553190917e+00
1.786907456360008695e+00
1.815491866505798857e+00
1.844305382569112028e+00
1.839888880191052456e+00
1.693143800412473921e+00
1.813142115882362848e+00
1.842526375750868306e+00
1.995080277968129590e+00
1.693420621133630455e+00
1.929169245356145534e+00
1.791110157091613697e+00
1.664249541070036420e+00
1.968254019390352383e+00
1.696878497194988178e+00
1.692589415335722602e+00
1.839888880191052456e+00
1.667774110286041056e+00
1.818995747311090705e+00
1.843513769409690362e+00
1.795498640132074719e+00
1.842526375750868306e+00
1.792119366804768132e+00
1.696011641739990861e+00
1.714831968705131882e+00
1.846921625606325224e+00
1.794059662561052537e+00
1.802657269954072161e+00
1.791929840388241546e+00
1.700428144118050433e+00
1.927068602839015821e+00
1.929020043541241236e+00
1.842960713193090960e+00
1.898261772305854578e+00
1.687785945905124541e+00
1.842526375750868306e+00
1.792502892471136366e+00
1.973329680837506706e+00
1.817641299573895308e+00
1.930123972150198153e+00
1.839888880191052456e+00
1.973060397870716631e+00
1.693748210399746990e+00
1.839888880191052456e+00
1.817575312898039641e+00
1.689416306016358726e+00
1.841316414804923030e+00
1.681185931462125582e+00
1.904894385218926178e+00
1.702514837801015757e+00
1.802120198211312196e+00
1.924723021776260978e+00
1.792310391329861252e+00
1.688554261920369504e+00
1.928629493355676239e+00
1.715323335326626619e+00
1.841769573290561013e+00
1.688297204831120890e+00
1.965202733642554600e+00
1.790892025923877640e+00
1.794920259001008489e+00
1.694797611284523553e+00
1.969671031770533265e+00
1.932041072829378425e+00
1.927431256237249535e+00
1.694024029801545428e+00
1.969463980336297659e+00
1.966826484776481809e+00
1.844931653382757553e+00
1.664804228987234680e+00
1.694387890606063651e+00
1.965202733642554600e+00
1.792892238632698865e+00
1.921766935217713357e+00
1.842647840495024170e+00
1.841143302476915267e+00
1.840351689317493822e+00
1.882756601195310076e+00
1.665759244150780694e+00
1.969463980336297659e+00
1.970451373995119715e+00
1.818955809862828898e+00
1.882756601195310076e+00
1.920171314438905874e+00
1.795061722307727869e+00
1.792892238632698865e+00
1.792310391329861252e+00
1.667155876112432322e+00
1.691710244917081996e+00
1.793889940352939583e+00
1.694387890606063651e+00
1.821325495191493005e+00
1.846648207641214956e+00
1.709789195513426563e+00
1.995080277968129590e+00
1.794711714871470409e+00
1.972747525172649841e+00
1.803176351833605917e+00
1.843513769409690362e+00
1.918242561072412311e+00
1.696011641739990861e+00
1.701932682136158892e+00
1.791555367850419911e+00
2.077300421032102218e+00
1.688554261920369504e+00
1.708165444379499576e+00
1.843513769409690362e+00
1.681584800508021393e+00
1.791187145655465773e+00
1.798906577130429563e+00
1.802897551230468576e+00
1.691757494988040511e+00
1.925009748760036166e+00
1.827365748703479564e+00
1.843513769409690362e+00
1.817575312898039641e+00
1.839888880191052456e+00
1.820271233741482142e+00
1.838265129057125247e+00
1.921439578575665497e+00
1.703764835427899804e+00
1.665759244150780694e+00
2.058978677414807557e+00
1.968254019390352383e+00
1.915541721663978070e+00
1.665181762219339001e+00
1.928241842344792456e+00
1.841143302476915267e+00
1.801557419151657680e+00
2.184182356760214105e+00
1.682365784210637205e+00
1.843513769409690362e+00
1.694859900676577880e+00
1.968254019390352383e+00
2.208780037149268072e+00
1.694387890606063651e+00
1.966826484776481809e+00
1.714831968705131882e+00
1.846392076252077352e+00
1.970451373995119715e+00
1.970451373995119715e+00
1.686954174692692821e+00
1.691661828433123960e+00
1.801182684822363989e+00
1.839888880191052456e+00
1.690637708312610066e+00
1.711216730127297136e+00
1.693170065387444856e+00
1.819527019921151956e+00
1.842647840495024170e+00
1.690401677267425962e+00
1.898261772305854578e+00
1.965202733642554600e+00
1.792119366804768132e+00
1.842526375750868306e+00
1.838265129057125247e+00
1.798188482276234623e+00
1.839888880191052456e+00
1.929108738905279452e+00
1.842647840495024170e+00
1.714831968705131882e+00
1.795130000345741772e+00
1.981333786351296755e+00
1.697691868753777422e+00
1.667155876112432322e+00
1.783660325277358849e+00
1.696987721646110447e+00
1.667774110286041056e+00
1.961452551349101237e+00
1.838265129057125247e+00
1.928699338505851957e+00
1.843229996159880812e+00
1.685241109435284157e+00
1.792310391329861252e+00
1.793486795186818528e+00
1.800683128359834129e+00
1.791555367850419911e+00
1.692592324385488789e+00
1.843513769409690362e+00
1.794711714871470409e+00
1.929050063421054340e+00
1.841143302476915267e+00
1.812668857832035352e+00
1.700428144118050433e+00
1.799987800609419875e+00
1.839888880191052456e+00
1.793687704685130724e+00
1.692379701488766930e+00
1.689416306016358726e+00
1.929583509477824199e+00
1.801335156355105216e+00
1.829452442386445110e+00
1.700428144118050433e+00
2.058978677414807557e+00
1.817575312898039641e+00
1.901355442663779538e+00
1.817712518254742671e+00
2.116927130488546194e+00
1.687652634720073763e+00
1.690637708312610066e+00
1.793089040668218948e+00
1.950362816446673087e+00
1.845423020004252512e+00
1.843486127549018416e+00
1.666349628764957291e+00
1.694677447181357488e+00
1.842526375750868306e+00
1.797920578323094709e+00
1.827992019517125311e+00
1.688539341912224545e+00
1.792892238632698865e+00
1.802812191541718789e+00
1.692534211045293668e+00
1.709789195513426563e+00
1.842526375750868306e+00
1.692676301261319960e+00
1.914681993816491179e+00
1.791929840388241546e+00
1.818166457700460592e+00
1.818995747311090705e+00
1.843513769409690362e+00
1.776111692825165900e+00
1.696011641739990861e+00
1.927283312492542589e+00
1.882756601195310076e+00
1.824376780939290787e+00
1.826574135544058120e+00
1.970451373995119715e+00
1.842526375750868306e+00
1.919665257298765360e+00
1.711216730127297136e+00
1.712426691073242413e+00
1.703044387155263628e+00
1.715710235909594594e+00
1.689104323826803755e+00
1.842647840495024170e+00
1.841316414804923030e+00
1.969463980336297659e+00
1.715323335326626619e+00
1.824376780939290787e+00
1.694387890606063651e+00
1.818225301261947147e+00
1.898261772305854578e+00
1.963404258372213551e+00
1.818166457700460592e+00
1.711216730127297136e+00
1.697439176353861434e+00
1.927717342040088599e+00
1.668615384125828660e+00
1.827365748703479564e+00
1.842526375750868306e+00
1.793687704685130724e+00
1.792119366804768132e+00
1.969671031770533265e+00
1.698649137299806711e+00
1.847642073878961400e+00
1.821325495191493005e+00
1.703764835427899804e+00
1.924153696292196125e+00
1.919363178801535730e+00
1.845809920587220487e+00
1.917246248301215816e+00
1.846392076252077352e+00
1.917790225208599875e+00
1.792892238632698865e+00
1.842260939912055751e+00
1.845423020004252512e+00
1.669258308478474229e+00
2.058978677414807557e+00
1.844305382569112028e+00
1.666952335767510229e+00
1.830702440013329158e+00
1.819641168388784314e+00
1.693642791852550511e+00
1.828483386138620048e+00
1.795340917413286164e+00
1.929669685931813428e+00
1.702245554834225683e+00
1.819527019921151956e+00
1.842526375750868306e+00
1.696011641739990861e+00
1.696269181017207917e+00
1.920181681637718185e+00
1.917530686141175611e+00
1.838265129057125247e+00
1.696987721646110447e+00
1.665565287885707013e+00
1.925255031038192621e+00
1.839888880191052456e+00
2.009694205780739207e+00
1.795155720008730249e+00
1.700428144118050433e+00
1.690637708312610066e+00
1.692589415335722602e+00
1.846392076252077352e+00
1.841316414804923030e+00
1.664804228987234680e+00
1.706752449644329594e+00
1.691401184482959064e+00
1.700428144118050433e+00
1.839888880191052456e+00
1.686048670629796353e+00
1.819901538146078357e+00
1.793486795186818528e+00
1.843513769409690362e+00
1.812343935666180572e+00
1.665565287885707013e+00
1.692912911735402703e+00
1.793486795186818528e+00
1.838265129057125247e+00
1.813597907877338544e+00
1.794711714871470409e+00
1.971869257968186906e+00
1.796195913063903360e+00
1.712426691073242413e+00
1.700188865992171783e+00
1.665954634047269511e+00
1.819527019921151956e+00
1.692589415335722602e+00
1.800894657906548790e+00
1.928099225317368104e+00
1.965202733642554600e+00
1.666952335767510229e+00
1.926484591236617749e+00
1.664249541070036420e+00
1.966826484776481809e+00
1.815491866505798857e+00
1.682172686314589383e+00
1.828483386138620048e+00
1.791929840388241546e+00
1.989989525903117062e+00
1.793889940352939583e+00
1.665759244150780694e+00
1.959369104956860452e+00
1.817339281852855315e+00
1.794093480697861898e+00
1.787647541746752111e+00
1.922914549508997428e+00
1.968430923828083490e+00
1.709789195513426563e+00
1.694387890606063651e+00
1.922237742366163182e+00
1.691977314483213535e+00
