-1.727098143635096839e-01
1.833217878166813197e-01
-1.403380835097383927e-01
1.153030697900765178e+00
-4.816153674491294168e-01
-3.499921358879448663e-01
-1.132610452448457705e+00
3.220335897484019494e+00
3.496523552351693976e-03
-1.349470584213735003e-01
5.134559931426697643e-01
7.175463379034817679e-01
1.051738694162230869e-01
-1.659537820759404037e+00
-7.108394631929408625e-02
3.571073025567656489e-01
9.978541712548875120e-01
9.167214410058085461e-01
-8.426350024132032157e-01
1.573630438217932526e-01
2.428697124254477480e-01
9.986397596427051271e-01
2.274009892394044940e-01
1.061232117353361204e-01
-1.108105756590474833e+00
-1.322880940766843816e+00
-1.002284099020200436e+00
-1.112318005024342638e+00
-6.602730413022805944e-01
2.563946855153351745e+00
-7.238492489236593441e-02
3.247137309486802792e-01
1.006150042238102178e-02
2.551881060587865235e+00
7.370949889396513077e-01
1.186863755683195798e+00
-1.135984419548207613e+00
2.454846885978660131e-01
-7.336618364836362538e-01
6.560365512591954940e-02
2.607839412054340777e-01
-1.892232261212691835e-01
2.098739483374021386e+00
7.480282587945995543e-01
-1.329624634364459324e+00
-1.771156078470853268e-01
1.805361242785486597e+00
-7.442816155884153240e-01
-2.618782467526951929e-02
-5.805762786190976632e-01
3.210437367223420990e-01
1.120837395472795928e+00
3.922701311812305525e-01
-9.519084068976558788e-01
-1.970063855389869167e-01
-6.685012911715632056e-01
-4.685002497837141289e-01
5.697050020033824769e-01
-7.184991364371002831e-01
-6.430274459259733844e-01
-5.006800322791763458e-01
-2.009074031716278963e+00
2.427166810578577083e-01
6.965675223169602859e-01
3.994750586297681760e-01
-1.789262103657231207e-02
5.777223259180355175e-01
2.418015568630078604e+00
1.573209076451706601e+00
1.745116879609453497e-01
1.152272888988113309e+00
1.101447040137759847e+00
3.604115603193125839e-03
-3.257968529121434975e-01
5.504820111438233354e-01
-8.142902971607410278e-02
-1.712387337428062040e+00
6.042433103532036220e+00
-4.640794319313961691e-01
2.347916234543660774e-01
1.773773179984993842e+00
5.756228114065028434e-01
2.676526909251755626e+00
1.207146171465802942e+00
5.939529821329169179e-01
-2.176527195330389686e-01
2.015289347489695793e+00
1.009622810342063470e+00
2.130469257422695772e+00
-8.161269847484654560e-01
2.360357170526018233e+00
1.084298661842843625e+00
-3.386629074551142926e-01
2.604369140211249878e+00
7.515076674809786361e-01
-4.829489108388937413e-02
1.536035124437571675e-01
-3.871566094359137900e-01
-4.792271963159318582e-01
-2.661335090982285045e+00
2.294909491183340922e-01
9.269765013957047550e-01
-8.133099974705443325e-01
2.029433680817887276e-01
3.451429276074535757e-01
9.693174824879735585e-02
4.194321190883594785e-01
-2.986338289993931694e-01
-2.549266364373010241e+00
-7.949519565918877761e-02
8.156833929132971672e-01
-1.247133695571141621e+00
1.416918540733444587e+00
-1.742886509609320678e+00
6.441889920984059659e-01
4.409893468988156928e-01
-7.747233430147182354e-01
5.530617346186950112e-01
4.336062891608057912e-01
-1.592146809816570530e+00
-3.007756835318567412e-01
1.313538808375352307e+00
-9.248612113614347319e-01
1.028093412158502140e+00
7.461378879061547620e-02
2.446302465488489286e+00
5.755455738657373477e-01
-6.367909658904944425e-01
-1.033222541672751404e+00
-1.292335371161828173e+00
-2.533780129026438899e-01
-1.392668757061339413e-01
2.432228433217828167e-01
4.559057610151454054e-01
1.118032646029034849e+00
-1.354569963762818352e+00
-3.731639351822177986e-01
-3.004965890811521212e-01
-5.175832647858433777e-01
1.758311315970670918e+00
7.687387539672543291e-01
-8.316785196342696418e-01
2.407573972568490372e+00
-7.381512280427731110e-01
-1.571820984021480738e+00
-4.707563012636707955e-01
8.464973983573440552e-01
-3.922791549485244444e-01
2.337828665002128770e-01
4.468439381630068263e-01
-5.961702479100287055e-01
-1.387072253410876144e+00
3.948224789743539076e-01
2.737872024220432965e-01
7.340919089210601323e-01
1.553884026788641959e-01
4.277227072595057855e-01
2.858304548951365209e+00
2.295807749062074576e-01
-3.821749550346800750e-01
2.636304018475603139e-01
3.441787186816940847e-01
9.549607231387143846e-01
9.092435342931372011e-01
-6.144320541206004654e-02
2.848653575217675593e-01
4.684904175430943951e-01
-2.700826302582448601e-01
-7.019480942419237257e-01
6.726184389936318286e-01
-1.283522361871605844e+00
-4.271305699243008736e-01
-1.395880506331169224e+00
-6.225519724908646912e-01
1.647811319896961002e-01
-4.233432859340432453e-01
-5.525393754733198826e-02
-9.746944173960437885e-01
2.143845278563627943e+00
7.377439426768955810e-02
-8.440828958476950250e-01
-2.931984701209315869e-01
-4.034761782047830980e-01
-2.644318564754314371e-01
-7.877952978394191508e-01
1.237613466069080737e+00
-1.204889849606932822e-01
-2.333031677191193046e-02
1.793295448220000088e+00
-1.808436451239001097e-02
-1.391060302944671312e+00
3.834080458060112329e-01
-8.001786267987816281e-02
4.561401142656129615e-01
-1.149630561216055114e+00
-9.090806169104993784e-02
-1.059086588072645219e+00
1.173282426298655867e+00
1.012273080823151705e+00
2.878907367940075068e-01
1.125554842467026528e+00
2.355535378803033542e+00
-2.418179845861132340e-02
-9.523985414776262592e-01
1.475440953785155385e+00
-1.018571618346791219e+00
-1.170775961078424521e+00
-1.558833599050161833e+00
-1.671061268509524744e+00
-1.892620317977969369e-01
-2.488326424492410260e-01
-3.994740349981563965e-02
-4.804109302956410810e-01
1.353502942489354099e-01
8.755103619514006952e-02
1.913621585472444764e+00
1.089401807617710882e-01
-1.295535086796394175e+00
-6.958490260733926069e-01
5.466157209656088423e-01
-7.725250481368172162e-01
1.634248506740436369e-01
2.346580351072521109e-01
7.706856862928682661e-01
-8.604601900339448051e-01
3.496765194846732649e-01
1.919619656411752251e+00
-3.133713226955826131e-02
-4.177757701454486994e-01
1.888407728960657783e+00
6.639673201210465336e-01
7.202286134719831923e-01
2.115739400227143741e-01
1.250717968269266400e+00
4.743128990319449123e+00
4.803620253054355360e-01
2.661092081361401962e-01
2.099446709821460311e-01
-2.029341143695307714e+00
-3.943266230340222722e-01
3.830643325056561910e-01
-1.650166878968901241e+00
-1.249909953699698539e-01
2.167325507853356259e-01
-3.247289138579133594e-01
-1.106503571519894757e+00
1.375661036984076269e+00
-1.086438353027445958e+00
-2.820353674513121356e-01
-7.338231029966398866e-01
-1.872037485575847482e+00
6.623444434581267082e-01
-5.056509250386384546e-02
4.564597265613219434e-01
5.476131624297390227e-02
-6.313092886168902851e-01
-4.464567037930541882e-02
9.421147419050669436e-01
1.207093266271219489e+00
1.487263958754680537e+00
7.654473670210237835e-02
-2.291635903971354915e-01
1.492693409901616697e+00
-1.412395334233361499e+00
6.142951056368961549e-01
-5.193094441915212522e-01
-7.996984839285272706e-01
2.342973436831726541e+00
1.907157848064445493e-01
2.412655481087029596e-01
-6.887978696524895694e-01
-8.637555156033780435e-01
9.956887343726291695e-01
-2.023393639350759832e-01
5.289738668279069245e-01
8.119441399551509120e-01
-1.234994971882253934e+00
-9.262644237153380145e-01
6.261816612043863417e-01
1.201865997608618564e+00
-6.257729353675783868e-02
-8.185658941584672554e-01
-5.325226823013434752e-01
2.539427829202294262e+00
1.679520185217414641e+00
2.932821480835241523e-01
5.504673839270920466e-01
-1.564467927528741198e+00
-1.160546992282144307e+00
-7.703521115998912538e-01
1.203591192326678661e+00
4.961734362327527986e-02
2.967590333984259754e+00
6.591015291798560383e-02
1.200290424473252904e-01
5.020196930302527338e-01
-4.519074873156277428e-01
8.419760290379668666e-01
2.706637000202966714e+00
-6.205807919804169348e-01
1.838117422324961892e+00
-1.354141704041276206e+00
-1.407024178959698224e+00
6.483243259941067205e-01
-1.017043042230940220e+00
1.581450905026851261e+00
9.219589708074951151e-01
1.306595489621427353e+00
5.985078649500302772e-01
2.220947733584978934e-01
-4.882401941389348243e-01
-6.690807122549721209e-01
-5.457904566630560339e-01
1.173865819815548273e+00
-1.904759023158811848e-01
4.422339977895703433e-01
-6.120175589159029261e-01
8.430835044051260274e-01
-2.931605158297114211e-01
-8.625516564410439235e-01
-9.872051159145044386e-01
1.993398991781782259e+00
-1.021941501025829035e+00
-8.067774108265432509e-02
8.313466327471090711e-01
1.026809422113533099e+00
2.784855273096325523e-01
5.759615502088319960e-01
9.914737074344376344e-01
-4.049885282555488741e-01
-5.164216223879429801e-01
-1.723908683693718136e-01
-3.363080240101632423e+00
-1.800855927501408438e+00
-1.109630564709425782e+00
-1.869318927056246582e-01
-2.344981047596864432e+00
-6.773831240799186304e-01
-3.368270759062241826e-01
4.231038337482147249e-02
1.062092748067763770e+00
2.350167970225382152e+00
9.894920297886951044e-01
1.138974817246758975e-01
-5.875457101118386483e-01
1.009849555636636032e+00
1.570689512662609699e+00
-2.612011384321505147e+00
1.027014283916222626e+00
-1.659800820868480686e+00
1.096980728417181084e+00
-1.337283092176312083e-01
-8.898731160729047573e-01
1.631441608293770384e+00
-1.863847881412687535e+00
9.210598350990674144e-01
-1.174342549668975222e+00
2.789696564788198274e-01
8.048435833805965833e-01
-1.134149034353036267e+00
-9.656096112231498108e-01
3.827318323132547495e-01
5.023975174289188050e-01
-4.761942346040002327e-01
9.920596308372893191e-01
1.290617109799726547e-01
-5.539035129427710702e-01
-4.072579557793166161e-01
6.349483048531748830e-01
-9.571986225648371205e-01
8.431186557154184413e-01
-8.167839886709009622e-01
-3.063144741293240547e-01
1.195629824967306520e+00
1.825426307165942119e-01
-4.154981872484465044e-01
3.168248634039078082e-01
-7.767550914680151908e-02
6.224214428368961549e-01
8.277491874787834547e-01
5.598722608070680895e-01
3.328164168770187392e-01
1.367428204947411796e+00
7.446640658580719885e-01
-1.065708343780080947e+00
1.914965667853621323e+00
1.982655444881136486e-01
-3.050573760723524486e-01
9.580542900973777476e-01
6.786994802524251025e-01
-3.546345572038217542e-01
-7.836276791836724875e-01
1.403479794161275551e+00
-4.466782810424351213e-01
4.922077312435895191e-01
-2.611480907823437447e-01
6.435767945186301464e-01
-1.101215395566279787e+00
-1.573980685941326341e-01
2.932786482580321819e-01
9.014685929681717780e-02
-5.695464308689244387e-02
4.616437642009609821e-01
-4.804426895756314098e-01
1.361500215720069296e+00
-5.229074364414002529e-01
4.010389067416644249e-01
6.136347509405029044e-01
-5.318288299369483552e-01
-2.719975524085228025e-01
-2.380482329879396730e-01
1.188992389175409781e-01
1.443814756356909257e+00
-9.013050827286008815e-01
-3.985357599126146955e-01
7.576462659052367599e-01
-2.425930817137273099e+00
8.534478552439075383e-01
7.879804699240284815e-01
1.552672066244354873e-02
2.296017546289568986e-02
-6.692477672610031014e-01
1.418945853266228296e-01
5.341507604897132166e-01
-8.984288570559875176e-01
1.667710137871413201e+00
-6.495117199564353072e-01
1.684112063684208183e+00
4.125235408220908062e-01
-5.514276692286489423e-01
-1.382494066669982979e+00
2.012311870010613513e-02
-6.671730335350708474e-01
-5.456335366356044325e-01
-8.365267602238168898e-01
3.792953474084581611e-01
