8.239006222103423482e+00
8.532177719128343441e+00
7.962501219027526389e+00
8.704871335669560395e+00
8.236075812738349100e+00
8.523432369182165402e+00
8.374795964608610532e+00
8.658588565520467739e+00
8.299951288847806197e+00
8.503533035437802923e+00
8.409552702276190672e+00
8.532177719128343441e+00
8.378748569679725477e+00
8.508000083025155647e+00
8.498681081076000510e+00
8.493811763663327241e+00
8.492641936604865549e+00
8.349446988294818794e+00
8.755156701985244538e+00
8.363227110175376566e+00
8.486378183802090192e+00
8.349446988294818794e+00
8.232212661468809145e+00
8.389663848988602624e+00
8.653370648011344812e+00
8.489801254821074394e+00
8.740352328997236242e+00
7.975254758176422598e+00
8.484339944049832383e+00
7.962501219027526389e+00
8.334689548070642218e+00
8.750027111305980654e+00
8.523432369182165402e+00
8.006820937841144570e+00
8.003065597206163062e+00
8.409552702276190672e+00
8.755156701985244538e+00
8.199320512586959708e+00
8.194955588885655118e+00
8.407288343751357473e+00
8.319300574522225489e+00
8.513207817746545558e+00
8.363227110175376566e+00
7.962501219027526389e+00
8.497394039191874526e+00
8.264560836377699005e+00
8.199320512586959708e+00
8.750027111305980654e+00
8.401318918837899830e+00
8.740352328997236242e+00
8.523432369182165402e+00
8.513207817746545558e+00
8.241888109145872221e+00
7.987503502243322728e+00
8.401318918837899830e+00
8.374795964608610532e+00
8.394602763931237277e+00
8.425316922313061951e+00
8.653370648011344812e+00
8.517776122469738809e+00
8.490577139430470766e+00
8.619656412839173498e+00
8.499058778003361070e+00
8.626483142548037719e+00
8.582895780927955798e+00
8.399732354610501162e+00
8.518231649738368105e+00
8.343627883197475725e+00
8.768997012687776760e+00
8.299951288847806197e+00
8.503533035437802923e+00
8.518337408425809443e+00
8.522281288616671446e+00
8.278505073221820609e+00
8.283754751109679404e+00
8.283922110262615490e+00
8.212074051735855917e+00
8.653434733836354198e+00
8.582895780927955798e+00
8.329120922187914999e+00
8.653370648011344812e+00
8.432560432310831189e+00
8.253381569322771227e+00
8.340157880600440166e+00
8.291385955926775964e+00
8.236075812738349100e+00
7.975254758176422598e+00
8.272467827741103008e+00
8.254587187452186114e+00
8.541315495093652288e+00
7.987503502243322728e+00
8.178422797988785575e+00
8.286538667787754164e+00
8.376017018032543504e+00
8.288072333023784211e+00
8.654972213226786337e+00
8.503533035437802923e+00
8.523432369182165402e+00
8.380218739366997127e+00
8.662630926911965901e+00
8.513207817746545558e+00
8.405005777717102333e+00
8.376576778545979707e+00
8.483359483704386861e+00
8.286958319591402500e+00
7.930728931774035928e+00
8.755156701985244538e+00
8.357462627979280967e+00
8.413572665313035159e+00
8.523432369182165402e+00
8.006820937841144570e+00
8.631626870667080453e+00
8.508268902803910905e+00
8.278655629719331444e+00
8.513207817746545558e+00
8.190533233441803063e+00
8.404827315366857121e+00
8.299951288847806197e+00
8.475051492684336552e+00
8.282184879310859671e+00
8.241967201681502431e+00
8.186053110405380195e+00
8.384927981622494642e+00
8.497848183757312768e+00
8.484756427028322889e+00
8.524160643457939557e+00
8.157229897078085656e+00
8.420221961556705992e+00
8.513207817746545558e+00
8.199320512586959708e+00
8.719295454425644465e+00
8.642701676371359554e+00
8.471633717427375032e+00
8.523432369182165402e+00
8.723197477361523511e+00
8.373039912837196397e+00
8.523432369182165402e+00
8.653370648011344812e+00
8.413091665245810091e+00
8.518337408425809443e+00
8.436799521535364832e+00
8.502226925650017364e+00
8.363871107050902864e+00
8.247592196069726711e+00
8.508126688555474715e+00
8.194955588885655118e+00
8.418152919667353018e+00
8.488032618000101337e+00
8.295585237944267831e+00
8.536770582407239516e+00
8.418155726982703868e+00
8.764977049650932273e+00
8.287181809165838686e+00
8.247342170493320523e+00
8.365569149277375161e+00
8.132985591675680581e+00
8.145510458875577342e+00
8.495884513322895515e+00
8.370620162686575938e+00
8.750027111305980654e+00
8.760251662741598722e+00
8.498988122751390151e+00
7.944695590366928073e+00
8.409552702276190672e+00
8.764977049650932273e+00
8.207879408162035872e+00
8.517216788188855858e+00
8.528205249486209283e+00
8.541315495093652288e+00
8.546051362459762046e+00
8.162800885891089209e+00
7.966809046836312191e+00
8.750027111305980654e+00
8.745088196363346000e+00
8.632049173426704414e+00
8.162800885891089209e+00
8.520670596682254683e+00
8.279812687599509502e+00
8.207879408162035872e+00
8.194955588885655118e+00
7.995393367909374049e+00
8.398232355871616761e+00
8.228295101106953169e+00
8.409552702276190672e+00
8.646371995835623991e+00
8.478704628125901976e+00
8.324395535278581448e+00
8.405005777717102333e+00
8.243640231400577889e+00
8.727242083389793237e+00
8.234962467497906502e+00
8.508268902803910905e+00
8.523562945963766069e+00
8.404827315366857121e+00
8.371817736015051636e+00
8.176918218154719753e+00
8.376170658576889139e+00
8.418152919667353018e+00
8.329120922187914999e+00
8.508268902803910905e+00
8.436276671492256796e+00
8.167548225333469247e+00
8.266816490088082503e+00
8.238918407643705422e+00
8.397798379289968196e+00
8.507039793620215562e+00
8.621747275181927961e+00
8.508268902803910905e+00
8.653370648011344812e+00
8.523432369182165402e+00
8.614477075138129436e+00
8.528157756091498953e+00
8.518004912124261807e+00
8.349446988294818794e+00
7.966809046836312191e+00
8.382329752435010661e+00
8.755156701985244538e+00
8.525261360415344214e+00
7.953713939882369743e+00
8.490865924370439188e+00
8.541315495093652288e+00
8.252236752817516674e+00
8.342168552345308186e+00
8.435080493936348844e+00
8.508268902803910905e+00
8.365238178345633102e+00
8.755156701985244538e+00
8.334689548070642218e+00
8.409552702276190672e+00
8.760251662741598722e+00
8.299951288847806197e+00
8.482476160866211146e+00
8.745088196363346000e+00
8.745088196363346000e+00
8.423304479270735001e+00
8.398668048513709294e+00
8.254867907644037217e+00
8.523432369182165402e+00
8.416551354451911493e+00
8.319300574522225489e+00
8.379849469357285585e+00
8.650391958872468479e+00
8.528205249486209283e+00
8.407760897110739151e+00
8.157229897078085656e+00
8.764977049650932273e+00
8.190533233441803063e+00
8.513207817746545558e+00
8.528157756091498953e+00
8.269767899755766649e+00
8.523432369182165402e+00
8.483937122559508381e+00
8.528205249486209283e+00
8.299951288847806197e+00
8.250991043893847632e+00
8.410211307671563219e+00
8.355241433914843086e+00
7.995393367909374049e+00
8.284096549887363992e+00
8.357144326316667815e+00
8.006820937841144570e+00
8.771975701826653093e+00
8.528157756091498953e+00
8.487481816619355968e+00
8.520258620522060511e+00
8.428683481480048201e+00
8.194955588885655118e+00
8.220295409706189105e+00
8.257978677008580348e+00
8.176918218154719753e+00
8.388262736932986741e+00
8.508268902803910905e+00
8.243640231400577889e+00
8.484482647688501800e+00
8.541315495093652288e+00
8.664089527099298138e+00
8.384927981622494642e+00
8.261767308425639555e+00
8.523432369182165402e+00
8.224322795802756048e+00
8.391078270400711858e+00
8.413091665245810091e+00
8.478921743674344924e+00
8.253833069510452702e+00
8.600690400610336184e+00
8.384927981622494642e+00
8.382329752435010661e+00
8.653370648011344812e+00
8.481629219549997600e+00
8.642236882128132791e+00
8.363227110175376566e+00
8.420738516729731060e+00
8.416551354451911493e+00
8.212074051735855917e+00
8.139351365017455819e+00
8.494622071847851785e+00
8.516487087781753118e+00
7.979393313407799226e+00
8.366233095169024025e+00
8.513207817746545558e+00
8.270800041787479628e+00
8.617202362495515189e+00
8.417127303266919824e+00
8.207879408162035872e+00
8.240043218007288672e+00
8.389059864518548792e+00
8.324395535278581448e+00
8.513207817746545558e+00
8.387077709054326036e+00
8.151468195484349977e+00
8.186053110405380195e+00
8.639036112533634792e+00
8.631626870667080453e+00
8.508268902803910905e+00
8.255644181977308094e+00
8.404827315366857121e+00
8.496702841939514528e+00
8.162800885891089209e+00
8.636551648169936257e+00
8.626483142548037719e+00
8.745088196363346000e+00
8.513207817746545558e+00
8.521564390557710311e+00
8.319300574522225489e+00
8.314170983842961604e+00
8.356446438869028270e+00
8.291385955926775964e+00
8.414588997594677267e+00
8.528205249486209283e+00
8.518337408425809443e+00
8.750027111305980654e+00
8.295585237944267831e+00
8.636551648169936257e+00
8.409552702276190672e+00
8.638586256063673474e+00
8.157229897078085656e+00
8.768997012687776760e+00
8.639036112533634792e+00
8.319300574522225489e+00
8.399732354610501162e+00
8.494225868299897897e+00
8.021311643458927776e+00
8.621747275181927961e+00
8.513207817746545558e+00
8.224322795802756048e+00
8.190533233441803063e+00
8.132985591675680581e+00
8.394602763931237277e+00
8.468052042110127076e+00
8.646371995835623991e+00
8.349446988294818794e+00
8.510169339528381727e+00
8.522052104130201755e+00
8.490422789830359918e+00
8.524510947129376959e+00
8.482476160866211146e+00
8.524039571499784529e+00
8.207879408162035872e+00
8.532404531503701151e+00
8.494622071847851785e+00
8.031631886704721168e+00
8.382329752435010661e+00
8.503533035437802923e+00
7.991475807547519850e+00
8.586266281854252114e+00
8.623504788549201550e+00
8.374090657090407674e+00
8.612836311591976823e+00
8.254587187452186114e+00
8.477876266848449305e+00
8.367773129986781910e+00
8.650391958872468479e+00
8.513207817746545558e+00
8.404827315366857121e+00
8.359380455982407199e+00
8.520651279178531823e+00
8.524278364057144231e+00
8.528157756091498953e+00
8.357144326316667815e+00
7.962501219027526389e+00
8.506077514088739022e+00
8.523432369182165402e+00
8.399620179450522528e+00
8.279570131424609514e+00
8.384927981622494642e+00
8.416551354451911493e+00
8.413572665313035159e+00
8.482476160866211146e+00
8.518337408425809443e+00
7.944695590366928073e+00
8.336336767270958958e+00
8.400872675882286700e+00
8.384927981622494642e+00
8.523432369182165402e+00
8.426302312803505501e+00
8.619656412839173498e+00
8.220295409706189105e+00
8.508268902803910905e+00
8.665037291281368681e+00
7.962501219027526389e+00
8.383596355206098139e+00
8.220295409706189105e+00
8.528157756091498953e+00
8.661136042428170256e+00
8.243640231400577889e+00
8.735807416310823470e+00
8.268451180264156264e+00
8.314170983842961604e+00
8.349895391470795403e+00
7.971060114602602553e+00
8.650391958872468479e+00
8.413572665313035159e+00
8.256708763669195150e+00
8.491826674719868961e+00
8.764977049650932273e+00
7.991475807547519850e+00
8.500747619413946410e+00
7.930728931774035928e+00
8.760251662741598722e+00
8.654972213226786337e+00
8.435397508383973175e+00
8.612836311591976823e+00
8.186053110405380195e+00
8.126407816615943247e+00
8.228295101106953169e+00
7.966809046836312191e+00
8.773577267042094618e+00
8.644580190670172470e+00
8.232212661468809145e+00
8.288372932706817409e+00
8.514120711693056620e+00
8.415242091548218895e+00
8.324395535278581448e+00
8.409552702276190672e+00
8.516009974738821597e+00
8.395653814037064677e+00
