1.670182978323797307e-01
5.196297191324694698e-01
1.428913424836657231e-01
4.381837292374941573e-01
-1.009259672699188704e+00
-5.678562655005844340e-01
7.234159385069904857e-01
-3.124244773229042926e-01
-9.839438652508744054e-01
-4.159559206454884195e-01
1.002224361413977194e+00
-2.089730154922969652e-01
-1.474301081033867478e+00
3.706721354054876710e-02
1.317384251012024832e+00
-1.527051385622470447e-01
-1.041401655105339996e+00
-5.136789820022044095e-01
-1.494079654394697698e-01
3.314372591428556558e-01
1.126498357235098613e+00
-1.667269725865001329e+00
1.976320096881351018e-01
4.505399539175679591e-01
2.107470444282912858e+00
-4.031337518226235095e-01
-1.996539817894061111e-02
-1.712485589545116593e-02
-4.123283608312025561e-02
-8.139859631382232452e-01
1.472780677984745212e-01
-2.607455809512055911e-01
1.554838938919424374e+00
-9.426512687081303188e-01
-4.604986625595428595e-01
-1.378248975835450196e-01
-8.917379102126674617e-01
-6.700378602832575137e-01
1.086259161977901899e-01
-1.016022592435808614e+00
1.120176887193888582e-01
-4.988009533735515699e-01
1.158741888395987685e+00
-3.427355482321152724e-01
1.200492914842337333e+00
-3.907645216562584678e-01
7.696296999452967302e-01
7.792492874012503234e-01
1.347934477479337256e-01
5.303999935386334297e-01
-1.591772746181022935e+00
-9.616711599971334845e-01
5.875783882495714261e-01
-2.097047415015784289e+00
7.601489300309666186e-01
-4.477457842259269932e-03
5.753138560669448509e-01
-6.138921659576099810e-01
7.616641152094961731e-01
8.084428875386789892e-01
1.490168177102372482e+00
1.724124200590522848e+00
-9.996253662107892346e-01
-7.577879209041181729e-01
5.542225427451581421e-01
1.139410561083892270e+00
2.463587188086687751e-01
-1.694510053697815266e-01
-1.024887101141057494e-01
-4.124911821897607467e-02
-6.457747969211262706e-01
-1.549709083470918625e+00
-1.146821967865904845e+00
-1.521619707263915933e+00
-1.708465070466695934e-01
-1.393380106084476378e-01
-1.163064024754162151e+00
1.469834015656068527e+00
1.553455669226045111e-01
1.267428570991208758e+00
-1.319012169241365662e+00
6.878171388878601133e-01
2.351517703047898977e-01
3.313779304891774635e-01
8.599488766115278571e-01
1.026798972889895883e-01
-1.010613757823453085e+00
6.264091223636536476e-01
-1.669224183487856283e+00
1.287379037322525344e+00
7.366564882653385549e-02
1.228161472038107771e+00
-5.673792008876953341e-01
3.877651906607350596e-01
2.540030667293173283e-01
9.966226102301570799e-01
-7.628418513748851382e-01
-1.384869663115964600e-01
3.537937919683809551e-01
5.240959368021495118e-02
1.259256409113069797e-01
3.875570810940119904e-01
1.068168316866859424e+00
6.810323301378983230e-01
8.062305616659253271e-01
8.743392892051526921e-01
-1.265753782951276829e+00
-2.261459597978258407e-01
-1.181385032143520863e+00
2.510722470416081320e-01
1.116634791665516380e+00
-1.058852993938389053e+00
2.786546944188659971e-03
1.308123185321600768e-01
-1.026247882602700834e+00
-1.223009359818570729e+00
1.526746456126846507e-01
1.397817601856974346e+00
-5.844245465316039168e-01
-8.387536221228100164e-01
-3.128062089129687307e-01
1.230714160091532922e-01
9.206940437973027969e-01
-6.544418588493748912e-01
-3.791351277705347078e-01
1.768517206214055060e+00
1.325799308893981232e+00
7.181911967150244047e-01
-8.281629065933875378e-01
1.842165972444618882e+00
-6.232061330114674336e-01
1.767779439446285128e+00
-6.557011973080394407e-01
6.972547696038920995e-01
-1.651585203127854395e-01
-1.157452224102523797e+00
-5.219798363025973664e-02
1.555913103177090084e-01
3.225796102718799796e-01
9.265033129299600489e-02
2.598141243178540144e-02
4.132101067496792013e-02
2.341232287917853760e-01
2.886393896728820310e-02
-5.019952796739011180e-01
-8.898828736414257090e-01
9.717096132288023658e-02
-5.214780851398731487e-01
2.955783584434079070e-01
3.719852189105502527e-01
-6.000052690169442871e-01
-5.063122733971461287e-01
-1.182992116488654766e+00
1.514655117341612012e-01
-7.585977692217847901e-01
7.301427805079822031e-01
-1.895624535013261225e+00
4.505633901541067354e-01
-4.076357688663272416e-01
-1.055456796213164322e-01
-6.484654988507293494e-02
-2.742683855901763557e-01
-1.109386520805160758e+00
1.013669352542564406e-01
3.308897637064514563e-01
2.660305069531108679e-01
1.574457069104741480e+00
-8.608483471471116699e-01
7.970788511083616301e-01
-5.949881163103961645e-01
5.432548951940608939e-01
-1.969427582386798214e-01
5.498298641289162125e-01
-7.639372634164866005e-01
8.642716247928934337e-01
-1.103456255644804429e+00
1.426917947407512433e+00
-3.353668901720273099e-01
-1.533626060220603993e+00
7.476686326289894158e-01
-9.485211553664116835e-01
5.389143286862104754e-01
-1.322466172998581158e+00
-2.257135882043930647e-02
1.299805997900180254e-01
-1.237160931049022361e+00
-5.310481282735223241e-01
1.081939757531201085e+00
6.409643943753895456e-01
-3.488384878477648887e-01
3.659277983909866583e-01
1.825240253186951600e-01
5.008996028691643509e-01
-3.032849088229828682e-01
3.058621876550333241e+00
3.732574810393118891e-02
-9.364953370638094965e-01
2.628189788398085369e-01
-1.385242088059247978e+00
-1.900275016920516258e-01
9.727118145327465215e-03
6.697870844577461513e-01
3.839328545434601003e-01
6.634184527657573938e-01
2.986070021534492080e-01
-1.087587185013476176e+00
-1.636776469898717778e-01
-1.058252734278749968e-01
1.025548639774610082e+00
-8.071809881341130977e-01
6.448880539026810021e-01
-1.905216465777155310e+00
1.039171964095691597e-01
3.482202595493494313e-01
-5.042906087404424448e-02
-5.576946704259861942e-01
-6.738714351684856885e-01
-6.195440544514558834e-01
8.262859072167683117e-01
6.116708456628635604e-01
4.894882475043383918e-01
-4.419223525305125688e-02
-1.673225632699545662e-01
1.674455926309241782e+00
-2.512837423586367080e-01
7.398532314312148417e-01
3.448345289191538654e-02
-4.041199750610615649e-01
1.025262560905834563e+00
-6.787594060404568141e-01
8.698098173315783610e-01
4.115815574625324436e-01
-5.780727592022237050e-03
-5.634333037382154297e-01
-1.621366492150901895e-01
-1.103838574497852276e+00
9.366437301970897966e-02
-2.056601084841633398e+00
-6.049147716273807207e-01
3.595733227609093641e-01
-3.871416359658893525e-01
-1.173744743462554974e+00
8.879798685870858854e-01
4.713689114155609761e-01
-8.958139079194599175e-01
-6.627763890703149974e-01
1.141116165360511747e+00
-5.825177956704670201e-01
-1.117497022321590094e+00
1.821448733911733564e+00
-1.290115253409047424e+00
2.981581936796884880e-01
5.743810226179592027e-01
-2.998653379162781185e-01
-1.013085632413630588e+00
-1.774125671612092059e-01
-9.930357083675347973e-02
-1.256568073708191458e+00
-6.305298011234589106e-01
-4.041436188795016760e-01
-1.665882405885306117e-01
-2.969357125857930435e-01
-9.915098654347188623e-01
5.206765165349790392e-01
6.201542746017537633e-01
-8.661808145030566175e-01
2.220566963467525690e-01
5.166558648349613980e-01
-8.214120106385972564e-01
3.581582186933047196e-01
-4.223877176519020282e-01
4.079916352690927672e-01
1.864244333782733853e-01
3.212385684986402978e-01
2.076576151526332847e-01
9.567975509598450889e-01
1.177693737042476929e+00
2.782921036408113613e-01
-1.695080548545172761e+00
-9.583467773847081927e-01
-4.323559039731739162e-01
-4.942912774702243883e-01
-2.730860246845905059e-02
-4.598661881578586796e-01
7.378521719002377466e-02
-1.224240128203454570e-01
9.247639622516499180e-01
-2.388064086728776680e-01
5.229683590674516491e-01
3.069315616270380520e-01
-2.348938466948458093e-01
1.399266848355127824e+00
6.047724687455688364e-02
-9.001050715728182716e-01
1.313359773672307718e+00
-2.006952326393371955e+00
-1.050218398662283059e+00
8.852939888047880457e-01
9.567269765056474196e-01
-1.500957879334696932e+00
3.733086332297551047e-01
2.737300964990628804e-01
-4.381221786241285554e-01
1.022800971914952450e+00
-2.673544023401969172e-01
4.651580003265920471e-01
2.657020953720551359e-01
3.612888949014682050e-01
3.176708671127866368e-01
1.747344950573436861e+00
5.350661775065205239e-01
1.654416568021966683e+00
1.817681827061346400e+00
2.851892455032965096e-02
-3.033222881279503125e-01
9.411853844291201421e-02
9.665950055826731668e-02
1.413468985821807689e+00
1.190083333721177583e+00
-2.787489398154959774e-01
-6.675691879670661022e-01
-5.179411970872267457e-01
-6.455819787258771925e-01
1.678411109808320534e+00
5.088332954749773540e-01
-2.718563771576228971e-01
4.147695465894855604e-01
-4.145401265936214386e-01
1.071414577206935448e+00
4.109705029154925526e+00
-1.669828591341258495e+00
-1.041795934875620278e+00
-8.820351512239869851e-02
1.309999445262513662e+00
7.613358022234675282e-01
-6.877841223504035373e-01
-3.151272738881258362e-01
1.130424493505976402e+00
2.504807676608322708e-01
7.431671029417762364e-01
-2.503506475680003854e-02
-2.448332270800089583e-02
-1.941272778662095799e+00
4.112043705792457066e-02
-1.223826574122987898e+00
3.406002337483471365e-01
-1.938942699439065165e-01
6.072578182540040448e-01
2.126268340626715214e-01
5.095982638486702410e-01
8.203892038791580354e-01
6.491002092528787015e-01
2.838272841423167825e-01
4.053290012196070768e-01
-2.144642312635935077e+00
3.872791692469386704e-01
4.974353105487734628e-02
3.327253462679976015e-01
-9.103945567193003630e-01
-3.185024021306539499e-01
-2.225157254676760399e+00
1.312984958242979783e+00
-1.564817735335050086e-01
9.077320433359532537e-01
9.668192680652646365e-01
-5.706980677819509795e-01
2.534083824040155308e-01
1.301260204474663063e+00
8.872028486477001596e-01
-2.298801848541649484e-01
3.850869482651736453e-01
-4.506226562577640427e-01
-3.375690343710456842e-01
-6.481544205527871305e-02
2.618716525610110812e-01
1.038600815437661085e-01
-1.390537059967658307e+00
-1.160379221825714069e+00
2.073212345531987300e+00
1.245300097235423342e+00
7.294430243520101664e-02
-5.552034041437805545e-01
-9.138545235296147151e-01
-9.590405221198640418e-02
-9.791721692230073368e-03
2.250867660827405636e+00
3.567219511171337842e-02
-2.265512269543798474e-01
3.582984422980672878e-01
2.973303998732523823e-01
-3.952151506027740679e-01
1.154956986229913163e+00
-1.222259851654846408e+00
-8.393314394187308958e-01
1.069290739295086778e+00
1.013427042577093262e+00
-3.274603090179802889e-01
-1.206978488142804284e+00
2.117049212982601569e-01
-5.269695905872954222e-01
1.254569855627381436e+00
-2.386321966938833306e-01
-9.437797520916133553e-01
1.799006087586880465e-01
9.869403649904380238e-01
-2.361264020804110242e-03
-5.765965188510530082e-01
-3.821067730233512205e-01
-9.463516191176223336e-01
-5.558759766781300460e-01
4.012932401256790738e-01
3.374048997771453839e-01
-1.577605208243781643e-01
-4.577296565229011516e-01
-8.462492313856517789e-01
-5.715841183545927739e-01
-9.027362958179312447e-01
1.026572356558212995e+00
-4.519372100847907081e-01
1.532621490492275251e+00
4.551978370055449474e-01
5.746443711622121198e-01
-1.354965767441438373e-01
-1.731402898169390470e-01
-1.482426259836415183e-01
-6.275604174824144232e-01
-6.555642404158797953e-01
9.308148802123452636e-01
-4.713918781399422109e-01
2.298390805318222818e-01
-1.049546150091478003e+00
1.584281561142202088e+00
7.643705210159442709e-01
1.909896858206694192e+00
-3.797784826842929840e-01
5.212349893345771118e-02
