2.855133168811658351e+00
2.848778770245230518e+00
2.927430439751330660e+00
2.841255934424649521e+00
2.937204151156029841e+00
2.845660369571694659e+00
2.856523073338770757e+00
2.887605409197684381e+00
2.791387924891806538e+00
2.839702446745549835e+00
2.824569811680813114e+00
2.848778770245230518e+00
2.858116758889720277e+00
2.880441330100009356e+00
2.877726328153792590e+00
2.876214290806670792e+00
2.875840027046540737e+00
2.803785903792128664e+00
2.859026842152932790e+00
2.775770037539219803e+00
2.833682486683299473e+00
2.803785903792128664e+00
2.937748838117149042e+00
2.818586678069044282e+00
2.842707318282473583e+00
2.874913302575677676e+00
2.854556522932242046e+00
2.925691992071806968e+00
2.873060234924384559e+00
2.927430439751330660e+00
2.772505632490426475e+00
2.857547304509761688e+00
2.845660369571694659e+00
2.921275221597338767e+00
2.921810238129836534e+00
2.824569811680813114e+00
2.859026842152932790e+00
2.942284515938023315e+00
2.942874195651335345e+00
2.868437906717480335e+00
2.797364185711630480e+00
2.842693228323069476e+00
2.775770037539219803e+00
2.927430439751330660e+00
2.877333808629838785e+00
2.863678953051308707e+00
2.942284515938023315e+00
2.857547304509761688e+00
2.866481729299198644e+00
2.854556522932242046e+00
2.845660369571694659e+00
2.842693228323069476e+00
2.856197715925361980e+00
2.923998805476002882e+00
2.866481729299198644e+00
2.856523073338770757e+00
2.820077273877240831e+00
2.873794849824964803e+00
2.842707318282473583e+00
2.883538188377286371e+00
2.875168944244800961e+00
2.874587711516083832e+00
2.877840552022096876e+00
2.833440754255736493e+00
2.817254771820566273e+00
2.821556811520411934e+00
2.883711179180927786e+00
2.844373467744997885e+00
2.863632846431922729e+00
2.791387924891806538e+00
2.839702446745549835e+00
2.844172765966240579e+00
2.885569805729775172e+00
2.867819359182037342e+00
2.869840198774864515e+00
2.878685510335711850e+00
2.940546068258499179e+00
2.886126520961454833e+00
2.817254771820566273e+00
2.800377185872031660e+00
2.842707318282473583e+00
2.876266027808121795e+00
2.860191127887112827e+00
2.843271619874344847e+00
2.788374110729365363e+00
2.937204151156029841e+00
2.925691992071806968e+00
2.781007237493626327e+00
2.934552871882414760e+00
2.807747942677631947e+00
2.923998805476002882e+00
2.762354728830332284e+00
2.877070221531314420e+00
2.814072687402957573e+00
2.875462009505477923e+00
2.844524981370795569e+00
2.839702446745549835e+00
2.845660369571694659e+00
2.858702299104560751e+00
2.888799273043291205e+00
2.842693228323069476e+00
2.777255252154378518e+00
2.857244275057207794e+00
2.872717651120384463e+00
2.871723937073160648e+00
2.931667354878947140e+00
2.859026842152932790e+00
2.849458140808384332e+00
2.826162815799401873e+00
2.845660369571694659e+00
2.921275221597338767e+00
2.879074373739532788e+00
2.841202632514872928e+00
2.867869828023616563e+00
2.842693228323069476e+00
2.943469023632406145e+00
2.823044415125866013e+00
2.791387924891806538e+00
2.829254694479225840e+00
2.869162120186199871e+00
2.856226586907478993e+00
2.944069029695850492e+00
2.817086492299721190e+00
2.877472894721503138e+00
2.873204851061590848e+00
2.801727982615382029e+00
2.762326834453622926e+00
2.872307246219510724e+00
2.842693228323069476e+00
2.942284515938023315e+00
2.847045939264764236e+00
2.882841344037953224e+00
2.868396871696437866e+00
2.845660369571694659e+00
2.848536562869992128e+00
2.855807717512380162e+00
2.845660369571694659e+00
2.842707318282473583e+00
2.870232866432799845e+00
2.844172765966240579e+00
2.878429400450738473e+00
2.899819965859491422e+00
2.809575908632243380e+00
2.858231040200643225e+00
2.880477784125798912e+00
2.942874195651335345e+00
2.829670905184103358e+00
2.874323469867512415e+00
2.789880061594176119e+00
2.806242001078498749e+00
2.871716108329616990e+00
2.862039842313333970e+00
2.871913041095307317e+00
2.935599071743922206e+00
2.852741747601772460e+00
2.761391210101500793e+00
2.762025560445706684e+00
2.876866921012334100e+00
2.854816952977323741e+00
2.857547304509761688e+00
2.860514445758387314e+00
2.838196505146416637e+00
2.929820167469588732e+00
2.824569811680813114e+00
2.862039842313333970e+00
2.941120482056219121e+00
2.883331805867058062e+00
2.803228186916057574e+00
2.807747942677631947e+00
2.809248128446955040e+00
2.762385737782234063e+00
2.926845878491163955e+00
2.857547304509761688e+00
2.856056708701565139e+00
2.879225037770885010e+00
2.762385737782234063e+00
2.884739202548427972e+00
2.868268241431725762e+00
2.941120482056219121e+00
2.942874195651335345e+00
2.922894761930456831e+00
2.865426252640523863e+00
2.938298405014499348e+00
2.824569811680813114e+00
2.839423887867505325e+00
2.830714654299609112e+00
2.798851789317084560e+00
2.777255252154378518e+00
2.936129297784030978e+00
2.850036767170667673e+00
2.853599769236273787e+00
2.841202632514872928e+00
2.886409323436378571e+00
2.823044415125866013e+00
2.812566736538146817e+00
2.945284695328313607e+00
2.776610729992484039e+00
2.829670905184103358e+00
2.800377185872031660e+00
2.841202632514872928e+00
2.878084545607756173e+00
2.946521431065639351e+00
2.864336341455382851e+00
2.855100352234335226e+00
2.865275454738874128e+00
2.880165680987684773e+00
2.831940568486413401e+00
2.841202632514872928e+00
2.842707318282473583e+00
2.845660369571694659e+00
2.872533678928315126e+00
2.847185766126641759e+00
2.883624487768422728e+00
2.803785903792128664e+00
2.926845878491163955e+00
2.776879636632398896e+00
2.859026842152932790e+00
2.888776276747589744e+00
2.928614947445713934e+00
2.875263609822643396e+00
2.807747942677631947e+00
2.859811905100736684e+00
2.773552781221169550e+00
2.877408792493802547e+00
2.841202632514872928e+00
2.852605956293651879e+00
2.859026842152932790e+00
2.772505632490426475e+00
2.824569811680813114e+00
2.860514445758387314e+00
2.791387924891806538e+00
2.832191863078072025e+00
2.856056708701565139e+00
2.856056708701565139e+00
2.873196942847236368e+00
2.865577054329976558e+00
2.860677318022506022e+00
2.845660369571694659e+00
2.827853242095781372e+00
2.797364185711630480e+00
2.858555639979953877e+00
2.841016891986094084e+00
2.803228186916057574e+00
2.868587978995415178e+00
2.762326834453622926e+00
2.862039842313333970e+00
2.943469023632406145e+00
2.842693228323069476e+00
2.847185766126641759e+00
2.865182055042887921e+00
2.845660369571694659e+00
2.872919847145633643e+00
2.803228186916057574e+00
2.791387924891806538e+00
2.935073606381588096e+00
2.777240493176976521e+00
2.848584673947136547e+00
2.922894761930456831e+00
2.878594388348395317e+00
2.849332029523625298e+00
2.921275221597338767e+00
2.865323272728302229e+00
2.847185766126641759e+00
2.874137766103190827e+00
2.800237359010154137e+00
2.874856885184188915e+00
2.942874195651335345e+00
2.939412297876350610e+00
2.861672404843883744e+00
2.945284695328313607e+00
2.861816966936569617e+00
2.841202632514872928e+00
2.936129297784030978e+00
2.873109847221135382e+00
2.807747942677631947e+00
2.889252879861304635e+00
2.817086492299721190e+00
2.862843611055224446e+00
2.845660369571694659e+00
2.938852881662695093e+00
2.862866332104834211e+00
2.870232866432799845e+00
2.871129989220862377e+00
2.860339552162253884e+00
2.824429984818935591e+00
2.817086492299721190e+00
2.776879636632398896e+00
2.842707318282473583e+00
2.904558239456619617e+00
2.882691003185512191e+00
2.775770037539219803e+00
2.872455155613832023e+00
2.827853242095781372e+00
2.940546068258499179e+00
2.761756653805791828e+00
2.836688641848786219e+00
2.798760150231691224e+00
2.925122607283388465e+00
2.853014338455563514e+00
2.842693228323069476e+00
2.865477798758544470e+00
2.830434626887280203e+00
2.871420421792507227e+00
2.941120482056219121e+00
2.855519021184849127e+00
2.862116364033270965e+00
2.798851789317084560e+00
2.842693228323069476e+00
2.861368599429004345e+00
2.762211198001548240e+00
2.944069029695850492e+00
2.881637220297436297e+00
2.879074373739532788e+00
2.841202632514872928e+00
2.887346073747229180e+00
2.823044415125866013e+00
2.877120900977289342e+00
2.762385737782234063e+00
2.836410887707104145e+00
2.833440754255736493e+00
2.856056708701565139e+00
2.842693228323069476e+00
2.885178638656395123e+00
2.797364185711630480e+00
2.795884648068459377e+00
2.806638740033397195e+00
2.788374110729365363e+00
2.870679189816512711e+00
2.803228186916057574e+00
2.844172765966240579e+00
2.857547304509761688e+00
2.789880061594176119e+00
2.836410887707104145e+00
2.824569811680813114e+00
2.881486526334287035e+00
2.762326834453622926e+00
2.863632846431922729e+00
2.881637220297436297e+00
2.797364185711630480e+00
2.821556811520411934e+00
2.876345748506247357e+00
2.919182762245095208e+00
2.831940568486413401e+00
2.842693228323069476e+00
2.938852881662695093e+00
2.943469023632406145e+00
2.761391210101500793e+00
2.820077273877240831e+00
2.826401858237957310e+00
2.839423887867505325e+00
2.803785903792128664e+00
2.881071791765076551e+00
2.885440212429996709e+00
2.835182690983975462e+00
2.887274352865479177e+00
2.832191863078072025e+00
2.886801306464810146e+00
2.941120482056219121e+00
2.804734137780868330e+00
2.836688641848786219e+00
2.917662570038353831e+00
2.776879636632398896e+00
2.839702446745549835e+00
2.923444328827807137e+00
2.818639979978820875e+00
2.876073429286363226e+00
2.856236202662250090e+00
2.828926763589649784e+00
2.934552871882414760e+00
2.870747278604929953e+00
2.811066532237470827e+00
2.841016891986094084e+00
2.842693228323069476e+00
2.823044415125866013e+00
2.850223771743059853e+00
2.884730178310989768e+00
2.887026735189531124e+00
2.847185766126641759e+00
2.849332029523625298e+00
2.927430439751330660e+00
2.879890381362605112e+00
2.845660369571694659e+00
2.777239813968926274e+00
2.868183056749558535e+00
2.817086492299721190e+00
2.827853242095781372e+00
2.826162815799401873e+00
2.832191863078072025e+00
2.844172765966240579e+00
2.929820167469588732e+00
2.798455920584408396e+00
2.866330985399686782e+00
2.817086492299721190e+00
2.845660369571694659e+00
2.874095951632341883e+00
2.874587711516083832e+00
2.939412297876350610e+00
2.841202632514872928e+00
2.889557720655380191e+00
2.927430439751330660e+00
2.860029705697306301e+00
2.939412297876350610e+00
2.847185766126641759e+00
2.888349335922259620e+00
2.936129297784030978e+00
2.853050581333108848e+00
2.932516646225046042e+00
2.795884648068459377e+00
2.846559854577003001e+00
2.926266405869526910e+00
2.841016891986094084e+00
2.826162815799401873e+00
2.861269842130447216e+00
2.875576659891858622e+00
2.862039842313333970e+00
2.923444328827807137e+00
2.878345968360301210e+00
2.931667354878947140e+00
2.860514445758387314e+00
2.844524981370795569e+00
2.877576060737324859e+00
2.828926763589649784e+00
2.944069029695850492e+00
2.760915961352527592e+00
2.938298405014499348e+00
2.926845878491163955e+00
2.867140935816624214e+00
2.883442055182107389e+00
2.937748838117149042e+00
2.874783693471811397e+00
2.882279530895652808e+00
2.777208805017024495e+00
2.798851789317084560e+00
2.824569811680813114e+00
2.882905708475752782e+00
2.864521656242267067e+00
