-1.837584856861555815e+00
-2.950814000525940339e-01
2.512784887221811495e-02
-6.726318092110430968e-02
-6.035792999435605211e-01
-1.165506371179949596e+00
2.587996124845624857e-02
-7.384335977637561665e-01
1.808620279856155422e-01
-2.225774192005150809e+00
5.257096692081592026e-01
-4.558516986815321359e-01
2.431222858018327937e+00
9.162293971439476881e-01
-2.043665363678212721e+00
1.293434189758798092e-01
-1.036036633447277477e+00
9.536008176767565292e-01
-1.406164740151887971e+00
1.740558236640062095e-01
-1.197417478714985384e+00
-4.589958620444419823e-01
1.119644533327863178e-01
2.950640497544183005e-01
-2.427604349399282158e-01
2.780108189081225700e-01
-1.578128863964699313e+00
1.072977745104851666e-01
-7.395558705701178459e-01
-1.182078130477455025e+00
2.228834182805626174e+00
-2.060105163453742172e+00
-1.130745122376024536e+00
-1.088067908737295308e+00
-1.742976236912002763e-01
-5.485838917101298201e-02
7.566439207761621599e-02
5.089519091201607504e-01
3.563012486201411200e-01
5.366330130774248364e-01
5.812104402577973339e-01
-3.752937844596181960e-01
1.458286671194602147e-01
-2.601364010411806871e-01
-2.076424475357334098e-01
8.222860324132306165e-01
-1.394115733765444620e+00
1.438423166994515050e-02
-9.435796515813258400e-01
-9.203230516952731755e-01
9.375983210623817232e-01
6.621057765866773526e-01
9.616140742907660632e-01
2.677962221327760517e+00
7.813456810331365077e-01
1.314808777672055617e+00
7.773207365786670431e-02
-1.182206350348867091e-01
1.405674758151613524e-01
3.090824893046403288e-01
-2.736009850842451296e-01
6.530226107778145384e-01
4.202998498218159185e+00
2.282488713667648050e-01
1.498334037327011758e+00
-1.196488949889829678e+00
-2.362591396840080515e-01
2.754251384484325271e-01
6.687627512217327874e-01
9.355329064979126530e-01
-3.225641433094523336e+00
3.428163330188470637e-01
1.046489176957101197e+00
-2.313978083765447502e-01
8.853736535356694359e-01
2.358311931800860795e-01
-1.751988997933006775e+00
1.149159269926043336e+00
-6.027029302450533088e-02
-3.962844835244426489e-02
2.510167560114061058e-01
-8.600535075470001622e-01
-4.229049428627760232e-01
4.562072954590861151e-01
2.570273170145504493e-01
6.980934964014587352e-02
1.121231729046355152e+00
1.237659494107910207e+00
-2.976085994634880549e+00
1.337604242229603890e-01
1.717905862428225072e+00
1.016123287038737999e+00
-2.731493884014188356e-01
1.076549068239475826e+00
-6.912891993731269391e-01
9.021760882261771197e-01
-1.679549360513335587e+00
-5.029000406539452239e-01
-2.046376519457296372e-01
-7.629548023909497045e-01
-1.173041201719653495e-02
2.910661833594120895e-01
-6.112063271974638168e-01
-4.872824441287382062e-03
-1.823245918774878405e-01
-7.055683596627532195e-01
-2.607112953890421636e+00
3.422751729073845728e-01
6.454275684185242778e-02
-7.987086548271528363e-02
-1.974034016776662348e+00
-2.528951028573295789e-01
-2.120299347953452873e+00
-6.966349838640789605e-01
-1.368418583065309058e+00
4.998026992522040524e-01
-1.378676001028526950e-02
-5.895533922459591514e-01
-2.511951456110719683e+00
-9.383902947497652081e-01
-4.804396429859830731e-01
-2.661667540962070477e-01
2.393145978196173362e-01
6.941634520134021269e-01
1.683563956306413090e-01
1.960570642147113074e-01
-4.966306372262371260e-01
1.090973266621551030e+00
-1.173041201719653495e-02
1.055622766593889539e+00
5.086274742856973230e-01
4.707816879405090082e-01
8.278146772908737683e-01
3.293432581203349363e-01
2.867684581883395367e+00
4.406350570985913540e-01
1.244988208287376233e-02
1.007744190029331355e+00
-1.232663281863417559e+00
2.213841195672317852e+00
-7.835296596453878992e-01
3.943744838592092572e-01
-6.095231068472950486e-01
5.462303373325588102e-02
3.216824020232251780e-01
-6.901793402580608250e-01
7.654978141576020967e-01
3.227067076417812874e+00
-2.333357493527254523e+00
-8.318334470320607466e-01
1.500676033090425410e+00
-1.181987154244786398e+00
-1.579394419440984798e-01
-4.415223268107291155e-01
-5.797617172154045928e-01
1.091154867135320172e+00
1.112451259256704184e+00
-1.391966692832455887e+00
4.674911538041519599e-01
-1.795511690692011664e+00
-6.908180428236989634e-01
1.438071554352434722e+00
3.836879820795889295e-01
-1.418284409642292632e+00
-5.192436065320179539e-01
-5.258522392185941419e-01
-7.905851959432805276e-02
-2.103089084862746760e-01
-5.711511576078310837e-01
-1.115245647115953309e-01
-2.792154456513792349e-01
1.520416055326030191e+00
1.203887070369336509e+00
1.671363293725693255e+00
8.862064687835405907e-01
-1.037768257972666142e+00
-1.883038375753885441e-01
-8.154445749138791166e-01
-3.076394785208266480e+00
2.937446492952490829e+00
-5.235730397682901716e-01
6.677312281584331377e-02
-1.733804145514575290e-01
4.467969155172547557e-01
7.250070095072871368e-01
6.817037051064531727e-01
-1.250971740893845219e+00
9.076785440700040342e-01
-1.300105512025278243e+00
1.668435973588450416e+00
-1.051430105503439627e+00
5.768405779484004903e-01
1.317378983643836321e+00
1.100145884922851119e-01
1.462230436921698462e-01
-2.129418997181034001e+00
1.043912705242498795e+00
-4.209723469084205583e-01
-1.628790786284902481e+00
9.057042134082319285e-01
8.698746894523828876e-02
-8.030908810015363608e-01
-3.339574522676158619e-01
-1.759968763031346972e+00
-3.396460910977354142e-01
1.483651638375958592e+00
1.687309419755879780e+00
3.778899087067355000e-01
-5.460114014718575604e-01
1.244988208287376233e-02
-5.220393278959523098e-01
6.530457515380356792e-01
-8.881739535019584908e-01
9.117371263055586983e-01
-1.715003611614941637e+00
2.327074506331760162e+00
2.126975572304067086e+00
6.205219529779371079e-01
-1.106425638258500932e+00
3.262914631589058923e-01
-9.920933316640505595e-01
-3.489380119270616420e-01
9.155984136329375911e-01
-8.095380902389966993e-01
-1.505874082614941045e+00
-2.196346967493300328e-01
-2.737678416666158854e-01
1.959841284128215788e+00
-1.143845891017347266e-01
8.461792759463140357e-01
7.046367168811059623e-01
6.768045021699287123e-01
-3.396723664841937440e-01
-6.690671286686256103e-01
1.703430647118159058e+00
-1.534738155807848226e-01
1.644588226931261998e-01
-6.651291215664822953e-01
2.663651204995178823e-01
-4.843890497096691727e-01
-5.232511502490949651e-01
-1.730721967145068194e-02
1.483136973970154981e+00
7.698958156803767938e-01
6.344168816850828119e-01
-8.149318128231982650e-01
-1.387511946151599895e+00
7.278948075150749597e-01
-9.192019865751054342e-01
-1.596373822710957180e+00
3.790936461202004670e-01
2.099901407138818066e-01
9.934317217829230495e-01
5.197834749636878193e-01
6.815930261275273683e-01
8.942887542077659901e-01
5.107850683733249353e-01
4.894614728131519432e-01
9.027898246729916254e-01
2.230224401131412293e+00
-1.629921543567163900e+00
-6.797232802228765358e-01
-1.458014073225306406e+00
1.665136822133046257e+00
4.809081441027402981e-01
4.368577898359100042e-01
-3.318144599318423871e-01
-6.945112708585676753e-01
-9.559166769635379923e-01
-3.132621977908688852e-03
8.835223343190897749e-01
-2.604020961493160868e-01
2.007476083565113145e-01
-5.879219393156527307e-01
8.934041911018923976e-01
1.060224523464816437e+00
-1.174219652793496993e-01
3.008374586978184162e-01
-1.303400942039359967e-01
-1.465663819977239823e+00
-1.777641654484782174e+00
-1.047886319172804059e+00
-3.773633277879516745e-01
1.207745193344381462e+00
3.062532159242911667e-01
-1.174219652793496993e-01
5.928726914326653413e-02
3.190892897886114521e-01
-4.827083535611841336e-01
-6.773829120168529672e-01
-3.029032302285215583e-01
-1.168648454107697798e+00
4.234887670336560245e-02
5.980107156972577220e-01
1.736099973738206126e+00
3.693673871332857073e-01
1.205689968129102452e+00
3.734222185620422185e-01
-1.162182241756599232e+00
2.478350518117221346e-01
1.311919509286189722e+00
1.824916156613577423e+00
-1.988656194912946873e+00
-3.491791461623955595e+00
9.368213248938166149e-02
-1.618175880745003070e-01
-7.794220478439177480e-02
-8.723194185081628582e-01
-1.236724495347203856e+00
6.298013926398066120e-01
6.020638226942610638e-01
7.227868454488459160e-02
-1.243126558114834745e+00
-2.095452102105111458e-01
-5.814567325922864738e-01
4.013309311921334221e-02
-1.772385755432785537e+00
1.412528252292382325e+00
-1.680807307977740805e+00
9.862801293722831542e-01
1.954230903608231484e+00
-8.033032583153548734e-01
2.236438494542431488e-01
-1.344972575831598682e+00
9.371364663189030164e-01
2.590631833736591338e-01
1.152799197260666597e+00
2.261238335669774613e-01
3.849530563159594965e-01
1.772094517232341238e+00
1.363452489733057105e+00
-4.756665342847934269e-03
5.208167624875845725e-01
-4.405425191393529116e-02
6.243845865100921405e-02
7.462163033029852732e-01
-1.266039057922837552e+00
3.232182925485536651e-01
-2.507729589594139830e-01
-2.777369272708359871e-01
9.872237163092770773e-01
1.791462522926796641e+00
-2.053627164581824260e+00
1.698872257625784865e+00
-3.078022897664973168e-01
8.864609753187324692e-02
1.763772404753380041e+00
1.055809123511578296e+00
-1.900712750702982623e+00
4.196104111999610087e-01
1.918996130271851952e-01
-1.315207595720966127e+00
-3.448915151689950498e-02
-9.474154859953869412e-01
6.128980600979089255e-01
-8.789683801863135137e-01
-2.971810084363370880e-02
2.420513045570236610e+00
1.161987155979455233e+00
9.730414342290948371e-01
2.774737166356301632e+00
9.154360410597741637e-01
2.247639348102234980e-01
-2.133957960951849975e-01
6.013666829698142147e-01
1.772304386339064397e+00
1.245170934750944980e+00
1.264960892091760158e-01
-3.391482671050569220e+00
2.303148178681523051e-01
1.922766711880621038e-01
3.584722098843514532e-02
2.561731955610204170e-01
1.743069047866738774e-01
-2.243238288666863645e-01
-5.015195415948011659e-01
1.276768988844398045e+00
3.894146250200077319e-01
1.216216496204363118e+00
-2.068044238516821842e+00
-2.576261092199662595e-01
6.595624818068185347e-01
4.800213598416649408e-01
-3.889198692852682132e-02
-3.808795755260561133e-01
2.079336179385539995e-01
5.992563972153395202e-01
3.766681483297888988e-01
2.180040050603621327e-01
-1.604848464902559335e-01
-3.440946259024177944e-01
-3.081141362115841775e-01
1.032569306951935717e+00
-1.594426761136549908e+00
-1.257119949120188762e+00
-8.592836081478500976e-01
1.003629921374949330e+00
-8.597844543904494818e-01
-1.421842540284551093e-01
-1.380962134009261266e+00
-6.007723417671718691e-01
-1.002556095697513250e+00
5.679515904802075882e-02
7.990133132437375885e-01
-1.275410435326961744e+00
1.359859484515735017e+00
-2.672750888104706846e-01
3.425982722043904527e+00
5.141800481275572710e-02
-7.049736072569853240e-01
1.681254406564475778e-01
-7.231383924801515484e-01
-3.815079111608265516e-01
1.113563352519215899e+00
-8.573969201122820794e-01
7.025580277023472098e-01
-1.519304449486118813e-01
2.734626139958222790e-01
2.351454788640275684e+00
-2.992844373252991907e-01
-6.122758501843129642e-01
6.636232263593448977e-01
-2.475731102769332670e-01
8.936090915224144116e-01
-4.496986023740411897e-01
-4.406153159084402748e-01
7.155457012671281314e-01
-8.998978745256968059e-01
-3.471876942872832439e-01
2.668619259087969264e-01
-5.185004327386655287e-01
1.610853419176771828e+00
-5.364560691649734592e-01
-2.830896315132523933e-01
1.509009693215721155e-02
1.475270423735855818e+00
