1.488076283563749103e+00
8.535648496917180861e-01
-1.379602578312731920e-01
-4.038058823929232544e-01
-1.059057722191398820e+00
-1.391022057914800936e+00
-3.845637749551094609e-01
3.594071127549192113e-02
3.432052218562907098e-01
1.179074522424053306e+00
-4.088831136439159963e-01
1.356818869189169385e+00
1.158507810508780517e-01
-1.181152395758366502e+00
1.079971292639958724e+00
2.598311574220069642e-01
-3.898244825488597631e-01
1.656732543605898389e+00
-1.372189708712322487e+00
-1.808461059188769093e+00
-1.136464820008474597e+00
-2.851733879395006888e+00
5.933871677822016855e-01
4.812162625366190882e-01
6.067929896041635018e-01
-7.719653872340861422e-01
2.378587211399936854e-02
2.621237374622835681e-01
-4.685596995630140205e-01
-6.283461051956428234e-01
-1.482890814807869884e+00
5.343626374015200131e-01
7.932964553126524709e-01
-5.816316912979057063e-01
2.712637146264553767e-01
-8.973332528499264882e-01
-1.246508255171323354e+00
-3.454113848189442337e-01
-1.215038252670651575e+00
9.806236248208882733e-01
-8.737265829398750405e-01
-1.448071124150384081e+00
-1.287596057677979022e+00
2.287991710754835872e-01
-1.479631566126574649e+00
-1.458482171908827008e-01
6.573037586134981014e-01
-1.009483499943805374e+00
-4.688286233032394335e-01
-4.497155343025838747e-01
-1.030414515521761443e+00
4.515921615674278189e-01
-1.054958549077725127e+00
-1.862817467576567965e-01
-6.458475067782422085e-01
-6.327348652770211634e-01
2.496335200653365227e+00
-3.497522194358791969e-01
-1.278779311777867959e-02
7.133710013604589451e-01
3.929963646252440657e-02
9.109390020126546528e-01
-4.146425250441272969e-01
-1.056052046802399502e+00
-5.612555052571811531e-01
-6.769218764709150626e-01
6.316618650378195143e-01
-1.091699672779260055e+00
-5.713774665985201784e-01
1.571933320938306400e+00
-1.410713223343471601e+00
3.366810914517845976e-01
-1.894681816367212113e+00
-1.995677947612792158e+00
-1.494623167293108290e+00
5.266869031539948010e-01
-7.879923095370244823e-02
-4.930462722307261125e-01
-8.159904204176334774e-01
-6.131948346855469190e-01
2.559213777829659198e-01
9.039630584933034951e-01
-9.185896663499283354e-01
-3.584280903936135770e-02
2.257572322134518750e+00
-1.335065209466365088e+00
-1.252307402603308473e-01
-1.895094937864724605e+00
1.503180795208116871e+00
-8.609113939747063959e-01
8.928878421261970955e-03
8.141682104055264491e-01
-4.335647028330181230e-01
-1.064281565205278390e+00
-4.468725311272239709e-01
-8.636546347455593686e-01
5.481290042074175028e-01
4.994205181036365238e-01
1.122172398391654946e+00
-7.812110530616473980e-01
9.056553767264707844e-02
-1.204058646665873367e+00
-1.388655796532105302e-01
1.453682191945030233e+00
1.052613041490515933e+00
5.104978776538091623e-01
8.945147085437220313e-02
4.847933642167854273e-01
-3.208762072077851357e+00
-1.859881838593374637e+00
6.217714564641634301e-01
-9.496143436335040544e-01
3.562259436566102000e-01
-2.078738648208378892e-01
4.723725727277734432e-01
-3.406213708428887377e-01
5.908518264661557495e-01
2.381575205160628705e-01
1.165719760164837693e+00
-1.275443096156015699e+00
-1.016486548883030805e+00
1.056250377126747020e-01
5.098163532501542861e-01
-9.251272046126409743e-01
-3.986360365311122922e-01
5.324899725733446276e-01
1.045939080127764320e-01
-1.047124709532468861e-01
1.315735716185701953e-01
-3.760537080210107214e-02
8.695116167841449029e-01
1.107875537263738996e+00
-1.084511245491134313e+00
-1.399836857669251866e-01
1.643925298886808328e-01
-7.557120403458891245e-01
1.857714327054518000e+00
5.840274399776990144e-01
-2.138909048169890248e+00
-3.279743149130998625e-01
6.735450710006273267e-01
-3.466544769131374992e-01
-1.766201182556417004e+00
-1.630542377587850478e+00
-9.864111692887091998e-01
-1.101513086941547481e+00
-4.942499929955309068e-01
9.393726226679091074e-01
-1.163321779281855317e+00
4.891517575668762885e-01
-6.663172897591450594e-01
2.432883870830913897e-01
-2.071356209525846648e+00
1.766081028290975130e+00
-2.126346091343352285e+00
-6.417453510187747234e-01
-9.636305003859954033e-01
4.479654778232766699e-01
-6.444250819073464864e-01
1.724783000297548607e+00
5.301770946354107394e-01
-1.357688779632070519e-01
-8.980330507681517638e-01
-4.796496340675242493e-04
2.536319002302481196e-01
1.723601688626613004e+00
-3.048089613433233591e-01
-5.669370187921966009e-01
-1.649857782566700681e+00
1.538856046209682582e-01
1.619531691899331327e-01
9.746792390161588271e-01
1.866228339532761682e+00
-1.748656022057173687e-01
-1.945802752839637662e-01
-1.993829035898279090e+00
-4.638107279093323654e-01
-6.578786504012814618e-01
1.452201458593860739e+00
-7.493885359410514813e-01
1.742569608433590031e-02
1.566602660212076670e-01
-2.025759589588970733e-01
1.494397430477320876e+00
-5.494525684024305079e-01
-3.535690437456183166e-01
-4.499052706522103096e-01
3.117396819236910588e-01
7.040181725112363287e-01
1.102044629956215882e+00
-1.748769624084061558e+00
2.325183541664480880e-01
-1.537081820869755922e-01
-7.047386666481494366e-01
7.247786334729555691e-01
-7.209523238647254084e-01
-7.684333317016899256e-01
-2.402745071378768194e-01
-3.354386397165646239e-01
1.914126378741623502e-01
-7.693777895316395998e-01
-1.227871639646237023e+00
-2.101365792638500429e-01
-1.582166017506741351e+00
1.791894545924742344e-01
1.356103277471726987e+00
-2.750087194272950453e-01
-7.418620776266580952e-02
-1.572673518041176055e-01
7.827462620617239297e-01
1.806998904441629250e+00
1.364151107502974636e+00
-3.218050672967699699e-02
1.288376481497675030e+00
-3.475144212862600890e-01
4.959677768055302249e-01
3.985980950431128877e-01
-1.015251194571981319e+00
-2.736996600828435766e-01
-2.500062487878735418e+00
-1.609866401863028651e+00
-1.658856090071364475e-01
6.733718457845280225e-01
-7.752125020284034163e-01
5.324798389999700898e-01
1.037461163236801154e+00
-7.169933953875100574e-01
1.737871335558140509e-02
-9.403112408272568112e-01
9.614074029266949095e-01
3.234565804493077512e-01
1.377031099270416448e+00
5.424843860965739006e-01
7.903976332233936253e-02
-1.411537362243930671e+00
-3.239240084279393361e-01
-9.041410989427725031e-01
-1.000929000680094827e+00
2.559322188850736701e-01
-2.298035565829769922e-01
9.380651292434315502e-01
1.042766897866267861e+00
-1.206124256442095533e+00
3.443973642769436738e-01
-1.051550787054001068e+00
2.114912929831821664e+00
-3.870186632701368978e-01
-1.109265190404923773e+00
1.138531409716343035e+00
-9.700056009547215474e-01
-1.157757170365067534e+00
-8.710347009096737203e-01
-1.212008003290051095e+00
-1.004703510260857247e+00
-5.338115997520178624e-01
-5.648130992031100694e-01
4.700203393020139231e-01
-8.471155277339242895e-01
-1.655342767149901695e+00
-1.793433288183900187e-02
-3.050418860972156643e-01
8.312775103049329095e-01
1.053048148761963621e+00
-1.172348852305877376e+00
-5.009711291141051570e-02
-8.134517535076044026e-02
-2.098088359380548273e-01
-1.177004255438628855e+00
1.531443942947493531e-01
5.382362137186430529e-01
-6.392361272901098124e-01
-1.756055971107441382e-01
-4.636900374917955481e-01
1.832928529745043444e-01
1.219958642555928119e+00
1.383434875888230886e+00
-7.951599569891478758e-01
1.787808379713186346e-01
5.203063709303027418e-01
-6.742981874642418605e-01
8.075201854072351360e-01
-1.368339105641791731e+00
7.099317642736752143e-01
-1.470936041783247994e+00
3.669677556592891299e-01
1.866015768419381216e+00
-1.012858388551347438e-01
8.767769875547641589e-02
-3.987719786667907607e-01
2.990010073807946256e+00
3.579098961837093307e-01
-1.119475401051907237e+00
-1.468105956585561145e-01
-5.762965567289446422e-01
-1.265092027446938827e+00
-1.651664289197927460e-01
-6.478871135043895446e-01
3.489800345897791090e-01
3.356674818328272969e-01
-1.946650026562419811e-01
-1.627573068843980897e+00
-1.647650284251146235e+00
-6.280172545125605188e-01
-8.206039407148528753e-01
-5.165031149312375724e-01
-3.340355365720881070e-02
3.092332000615261381e-02
2.032981280165427673e+00
3.567275657643446674e-01
6.028606460875061135e-01
-7.578645579767288032e-01
2.143491156505442863e+00
-1.190305886708255545e-01
2.116254268689863327e+00
-9.942915166152418438e-01
-1.143657181947771717e-01
-1.799653871274632166e+00
-3.103982474153909044e-01
-1.741371500962145102e+00
1.116527151100792592e+00
9.402385096561708400e-01
1.391987011226153648e+00
-4.018177008877912848e-01
1.254895189238973252e+00
-4.178572545453191345e-01
-1.254266560618898796e-01
-3.635728615155385257e-01
3.577522475523131629e-01
-8.985092429972267591e-02
9.336569211618804820e-01
7.013196888230258663e-01
-5.260107851689798109e-01
-8.898742957366833073e-01
-6.922063976076681113e-01
-1.312585160499720460e-01
6.744559456173420120e-01
8.523393351780661487e-01
-7.285421425470742229e-02
3.098974445794883126e-01
-5.361051411976794911e-01
1.656117571446307501e-01
4.717415005388550520e-02
-1.560629101532434060e+00
-8.838721282427646209e-01
9.012894745751600656e-01
-5.188837337806806449e-01
-6.947237650087062510e-01
-4.572605702836795571e-01
-1.460182676945554203e-01
-2.059133136299176048e+00
-7.427166218408716436e-02
-3.120591438902182713e-01
8.019708493545594230e-01
-2.871895953357259113e-01
4.720353783108647838e-01
6.616855160029996297e-01
1.398487144288247608e+00
-2.304825500207355049e-01
1.681494874055296240e-01
-2.658095341569946535e-01
-1.352896929961363015e-01
1.474750213588587489e+00
2.941615594016076200e-03
-7.610938577829470253e-01
-6.962388695075533152e-01
9.380205001230701445e-01
-2.698266460128839750e-01
-1.520706693204462612e+00
-7.696246041005968541e-01
-1.702359438042949424e+00
-1.056521436772087874e+00
-1.153655060214361372e+00
7.650011018860823908e-01
1.325296368370278977e+00
5.210021115166516559e-01
-4.473000670244290933e-01
-4.651200603516008614e-01
-7.021605818670421106e-01
6.948159481140446514e-02
5.750570425664263130e-01
-5.180876436445804867e-01
6.144932645528718984e-01
4.052764762524552200e-01
2.173770574185479365e+00
-6.664418083115872804e-01
-1.117632847861669498e+00
-1.995038972001214495e+00
2.774054303144741773e+00
9.124878366822781750e-01
-7.689192404255085211e-01
-1.470428846489319152e+00
-1.902773633840517536e-02
-7.094197962889174924e-01
-1.020590123200766808e+00
3.961822642776770542e-01
-1.555386055666148903e-01
-6.395461750926385580e-01
7.623132096784871470e-01
-1.099609624219468618e+00
-5.891130924233467514e-01
-8.780000574211477282e-01
-5.939287425397624665e-01
1.010403259929693043e+00
-5.030691008168411971e-01
-3.318249669812518010e-01
3.644719634700603339e-01
-6.751597604687594734e-01
-1.743465796587968741e+00
-7.720443294932441969e-01
1.824769404200072276e-01
-1.344625191043569146e+00
6.691122277957221864e-02
-2.506365036085298481e-01
-5.696509311912858475e-01
-6.512611321984512758e-02
7.661964424002429830e-01
2.987259117890504467e-01
3.023591503413997628e-01
-3.118137212904048550e-01
-1.014706492343453448e+00
-5.078678973319383783e-01
1.204393632375507117e+00
-3.978736704873707675e-01
3.879325365365488554e-01
6.170537919160241636e-01
-1.799763905411365661e+00
-6.893261868297184680e-01
6.921315781841885784e-02
-7.176549965672048836e-01
-3.158582381711585452e-01
-1.079198820849867069e+00
-4.637223495263693290e-02
4.665377597584993707e-01
-8.865775202650423292e-01
1.280989566609922192e-01
1.713516803817277223e+00
