1.436920588638860297e+00
-1.123724919111939391e+00
-3.904928327750888939e-01
2.376038288864248393e+00
4.521278836572900639e-01
-2.860583642279603822e-01
9.700465978369101627e-01
-1.330455938158234153e+00
-7.143688336950251294e-01
1.058603707894528068e+00
-2.706570953137830693e-01
-1.123724919111939391e+00
8.490559475591331617e-01
1.891891634331975269e-01
5.157640192062062923e-01
6.769074055702888337e-01
7.146745945443251369e-01
2.831543768778728598e+00
-3.477587068920376945e-01
1.027678934118388732e+00
2.025305616530265418e+00
2.831543768778728598e+00
2.696163269156905407e-01
1.013990776170580421e+00
-1.453218508826551236e+00
8.047671987596075605e-01
6.212578653095696124e-01
1.761093167617771849e-01
9.711299410258903420e-01
-3.904928327750888939e-01
1.359103591999960337e+00
7.668128550584309231e-04
-2.860583642279603822e-01
1.647067457858029105e+00
1.466350135912075192e+00
-2.706570953137830693e-01
-3.477587068920376945e-01
-1.223101839476490760e+00
-1.413805638043667656e+00
-2.882540665151827608e-01
-1.251208181078426351e+00
4.381126554400093243e-01
1.027678934118388732e+00
-3.904928327750888939e-01
5.589557144940089373e-01
6.502480299439328260e-01
-1.223101839476490760e+00
7.668128550584309231e-04
-1.718342174102132150e-02
6.212578653095696124e-01
-2.860583642279603822e-01
4.381126554400093243e-01
1.358800496619108733e+00
7.344977362466372783e-01
-1.718342174102132150e-02
9.700465978369101627e-01
7.283185485625329747e-01
-1.202785188847506515e+00
-1.453218508826551236e+00
-2.307576553800339825e-01
7.803921253657027934e-01
3.878651379512836339e-01
5.030100400702086638e-01
6.267353338466374879e-01
2.544316861412851960e+00
4.197105976715284625e-01
-2.550803889941762326e-01
1.577396775447314381e+00
-1.561070761696890408e+00
-7.143688336950251294e-01
1.058603707894528068e+00
8.958713569291316958e-02
-5.186565900205322155e-01
1.162370811261711767e-01
-1.677497018605030588e-01
-1.390115478739630817e+00
-6.564996899395961760e-01
-1.065025730283129635e+00
2.544316861412851960e+00
-1.587864967049417819e+00
-1.453218508826551236e+00
-1.694569201882312193e+00
1.018626034522359225e+00
1.615220832145026097e+00
-5.061512917998010064e-01
4.521278836572900639e-01
1.761093167617771849e-01
-1.296306434199089308e-01
1.351258751156872773e+00
-1.021634450142077766e+00
7.344977362466372783e-01
6.592999009915874176e-01
-1.176460888109807312e+00
1.743522523678523450e+00
-9.586232532718574895e-01
-1.892999572695273747e+00
1.058603707894528068e+00
-2.860583642279603822e-01
8.014978746512297914e-01
-1.557493844744607614e+00
4.381126554400093243e-01
5.723953964332771926e-01
9.167891818029803019e-01
9.999858007679492955e-01
-4.356883394762167128e-01
-1.744868914971905660e+00
-3.477587068920376945e-01
1.378569210799661660e+00
-6.546375513431736959e-01
-2.860583642279603822e-01
1.647067457858029105e+00
-6.520587087429002837e-02
7.607357807254947479e-01
1.092509467262375161e-01
4.381126554400093243e-01
-1.605431623606190961e+00
8.708879116470756576e-02
-7.143688336950251294e-01
2.546218811538310423e+00
-7.169940693766899131e-02
1.356613169897020299e+00
-1.797982183744734064e+00
1.277743085345788954e+00
5.437629640065450021e-01
9.587763749061001262e-01
-6.042156390128470278e-01
8.755141003264902411e-01
-9.231238645698168765e-01
4.381126554400093243e-01
-1.223101839476490760e+00
1.779138346375155333e+00
-5.486751207984140732e-01
1.318449358561923468e+00
-2.860583642279603822e-01
1.587959773945307296e+00
1.020519863213276146e+00
-2.860583642279603822e-01
-1.453218508826551236e+00
-5.653121795324304033e-01
8.958713569291316958e-02
-2.136602027036528906e+00
-2.398724871951321447e+00
2.303008388436455611e+00
1.195402553674626445e+00
1.844875090619806923e-01
-1.413805638043667656e+00
-1.505744130371337475e+00
8.596584526267743165e-01
-6.056532503249311139e-01
-9.032133782576352576e-01
-8.169648528832902379e-01
-1.127423515655476383e+00
-4.625398328817731386e-01
9.942822370758249706e-01
1.212213131489729090e+00
1.141895075161148299e+00
1.002329953532028695e+00
6.090729116284665512e-01
1.086706896636374209e+00
7.668128550584309231e-04
-7.234042068129112879e-01
1.332855546003317793e+00
-1.158850699338568324e+00
-2.706570953137830693e-01
-1.127423515655476383e+00
-8.444512530051709875e-01
-2.018160832037498298e-01
-6.949958363624111346e-01
-1.021634450142077766e+00
-1.150252874210253573e+00
8.168222823361114271e-01
-2.007088336225000269e-01
7.668128550584309231e-04
3.233899381405363482e-01
-8.259087090574530887e-02
8.168222823361114271e-01
-4.005203073834443517e-01
5.385769953207830002e-02
-8.444512530051709875e-01
-1.413805638043667656e+00
1.102225333617092407e+00
1.168860095806402710e-01
8.620407140525854217e-02
-2.706570953137830693e-01
-6.579125376377259471e-01
2.389742217610730801e+00
-1.413410713816055209e+00
5.723953964332771926e-01
8.144584511566271834e-01
1.377721548680027164e+00
1.541148152772715330e+00
7.607357807254947479e-01
-6.381078512105705647e-01
8.708879116470756576e-02
1.947566940476446851e+00
-2.185866578072686028e+00
8.816613378217393882e-01
-1.505744130371337475e+00
-1.587864967049417819e+00
7.607357807254947479e-01
-2.066026869563321267e+00
-2.577477921673279049e+00
5.721051730823973891e-01
1.439251900616997037e+00
1.353830059153809384e-01
2.244983873306775346e-01
8.904876430218459094e-01
7.607357807254947479e-01
-1.453218508826551236e+00
-2.860583642279603822e-01
5.578581208379603806e-01
-6.900776730705179274e-01
-2.428845877586857660e-01
2.831543768778728598e+00
-2.007088336225000269e-01
8.134854089694183443e-01
-3.477587068920376945e-01
-9.720152176111394038e-01
-7.728226169047891503e-01
7.712746239174571583e-01
-1.021634450142077766e+00
1.054401136565156882e+00
1.271258877322078762e+00
-1.927706451125198450e+00
7.607357807254947479e-01
1.219840803194583323e+00
-3.477587068920376945e-01
1.359103591999960337e+00
-2.706570953137830693e-01
-7.234042068129112879e-01
-7.143688336950251294e-01
2.216484188960106128e+00
3.233899381405363482e-01
3.233899381405363482e-01
-1.088438090087294086e+00
9.822676444625162706e-02
9.716039981705973938e-01
-2.860583642279603822e-01
-1.065963066502614964e+00
-1.251208181078426351e+00
8.135714028421072719e-01
-1.041892993667109968e+00
-6.949958363624111346e-01
-3.103363773491553124e-01
8.755141003264902411e-01
-1.127423515655476383e+00
-1.605431623606190961e+00
4.381126554400093243e-01
-6.900776730705179274e-01
4.673315934851836051e-01
-2.860583642279603822e-01
9.830239749941755978e-01
-6.949958363624111346e-01
-7.143688336950251294e-01
1.173214874548996756e+00
5.198965849246273141e-01
1.417045052198113719e+00
1.102225333617092407e+00
-1.378202414997472092e+00
1.384260778069310582e+00
1.647067457858029105e+00
-2.025600073214266050e+00
-6.900776730705179274e-01
8.765584963088454140e-01
-5.216653391694640041e-01
-1.411061217683669877e+00
-1.413805638043667656e+00
-2.833320862451088606e-01
8.711668624487270973e-01
-2.185866578072686028e+00
5.179837592238966115e-01
7.607357807254947479e-01
8.144584511566271834e-01
9.669035252532085511e-01
-1.021634450142077766e+00
-1.646108214770788392e+00
1.277743085345788954e+00
7.453395352794569551e-01
-2.860583642279603822e-01
-9.811127045476455977e-02
4.099611162369756756e-01
-5.653121795324304033e-01
1.126476842282410074e+00
1.004410233688865173e+00
1.915752946112519117e+00
1.277743085345788954e+00
8.134854089694183443e-01
-1.453218508826551236e+00
-2.943564705517414559e+00
-5.273045605834802974e-01
1.027678934118388732e+00
-9.501660361738996086e-01
-1.065963066502614964e+00
-6.564996899395961760e-01
1.070505882384352736e+00
1.584630404108072321e+00
-4.468530731628742592e-01
3.631482431548973544e-01
1.196691533698882814e+00
4.381126554400093243e-01
4.296522997218836792e-01
1.133328677584430677e+00
-7.650780804144019509e-01
-8.444512530051709875e-01
1.409168402635343265e+00
4.878423460867906680e-01
-1.413410713816055209e+00
4.381126554400093243e-01
5.621337813677924622e-01
9.373413417856012453e-01
-1.797982183744734064e+00
-3.825860395881467424e-01
-6.520587087429002837e-02
7.607357807254947479e-01
-2.450389657294123502e+00
8.708879116470756576e-02
5.819772968667714652e-01
8.168222823361114271e-01
3.245515534759214893e-02
6.267353338466374879e-01
3.233899381405363482e-01
4.381126554400093243e-01
-4.629883965980789440e-01
-1.251208181078426351e+00
-1.100715969568943464e+00
2.594977614350008732e+00
-5.061512917998010064e-01
-6.387806559388268246e-01
-6.949958363624111346e-01
8.958713569291316958e-02
7.668128550584309231e-04
-6.056532503249311139e-01
3.245515534759214893e-02
-2.706570953137830693e-01
-3.625982743926041696e-01
8.755141003264902411e-01
-1.561070761696890408e+00
-3.825860395881467424e-01
-1.251208181078426351e+00
4.197105976715284625e-01
6.634478212024350618e-01
2.361025261181556534e+00
8.904876430218459094e-01
4.381126554400093243e-01
-9.811127045476455977e-02
-1.605431623606190961e+00
1.141895075161148299e+00
7.283185485625329747e-01
2.813384131449206738e+00
-6.579125376377259471e-01
2.831543768778728598e+00
1.068824065798600204e-01
-5.002105131054410680e-01
1.815067391264977958e+00
-7.608190680743773804e-01
2.216484188960106128e+00
-6.937825792298046856e-01
-8.444512530051709875e-01
-7.944977948875413531e-01
1.584630404108072321e+00
2.887203407250938270e+00
8.134854089694183443e-01
1.058603707894528068e+00
9.188130781066604635e-01
2.444288326454785665e+00
2.509745009587177611e-01
9.905640657428140816e-01
1.356267081354587178e+00
1.351258751156872773e+00
1.155256685225336755e+00
2.133726014122365733e+00
-1.041892993667109968e+00
4.381126554400093243e-01
8.708879116470756576e-02
1.342977505486441459e+00
-3.992387098565325920e-01
-7.257523629774128571e-01
-6.900776730705179274e-01
1.384260778069310582e+00
-3.904928327750888939e-01
2.593193062652952019e-01
-2.860583642279603822e-01
6.279777377734979682e-01
6.573569713823926297e-02
1.277743085345788954e+00
-1.065963066502614964e+00
-6.546375513431736959e-01
2.216484188960106128e+00
8.958713569291316958e-02
-1.158850699338568324e+00
3.170743465428197627e+00
2.467125161896988571e-03
1.277743085345788954e+00
-2.860583642279603822e-01
-1.261222430975352360e+00
3.878651379512836339e-01
-2.833320862451088606e-01
7.607357807254947479e-01
-1.706257768390616603e+00
-3.904928327750888939e-01
6.871504530029134417e-01
-2.833320862451088606e-01
-6.900776730705179274e-01
-1.470789018979521856e+00
8.144584511566271834e-01
8.955097034183668869e-01
2.054594400549536459e+00
-1.100715969568943464e+00
1.498551467706388252e+00
-1.184224630376905923e-02
-1.041892993667109968e+00
-6.546375513431736959e-01
9.124922534467010404e-01
7.407681500514818884e-01
-1.127423515655476383e+00
9.188130781066604635e-01
4.455532712342216706e-01
-1.744868914971905660e+00
-7.234042068129112879e-01
-1.892999572695273747e+00
-1.961935152861103093e+00
1.356267081354587178e+00
-1.797982183744734064e+00
1.216523478681002191e+00
8.620407140525854217e-02
-2.007088336225000269e-01
-2.522265578484775617e+00
-6.359324979746190376e-01
2.696163269156905407e-01
-8.652922393210106256e-01
-5.589423121171221975e-02
4.704553564289771783e-01
-1.413410713816055209e+00
-2.706570953137830693e-01
-1.423651227027853683e-01
2.254639372121791663e-01
