3.014784054460588614e-01
4.355352703565206623e-02
-3.144807347628288952e-01
7.195725632024138063e-01
-9.603393662313575163e-01
-2.028213749897251061e-01
-1.286137347924339036e-01
5.346028708721836109e-01
3.275917797703682410e-01
-1.325295739176311605e+00
6.812090277329622967e-02
3.505127608538008976e-01
4.727604098867215221e-01
5.150876633729152554e-02
8.158994517174091021e-02
-8.415498472018314580e-01
2.712327014122308810e-01
2.145942988443399368e+00
-6.859697553039684204e-01
-7.773047218177493445e-01
-1.282847454016607713e+00
-9.709862686316473868e-01
-2.860289858104703709e-01
-4.170485687586075740e-01
-2.910274633247201224e-03
-6.848395512484592995e-01
2.578562501059367823e-02
8.783558021129324045e-01
8.793510679915510497e-01
6.764916894571556538e-01
-1.426916177207850023e+00
-2.322950783273833419e+00
9.938647153815936830e-02
6.976993664471842216e-01
-1.362297656101361665e-01
5.101947546194088856e-01
1.291188422577271178e+00
8.749657324254542790e-01
-1.420888830289468885e+00
1.718979761329747280e+00
-1.048213658820307259e+00
1.981903641361351942e-01
-1.753985685669182448e+00
-1.550849818708943950e-01
-1.968751973295243540e-01
3.161682464241064583e-01
9.194450530840930780e-01
1.416480661857079992e+00
-5.671842466237159153e-01
-7.764286669024854648e-01
-1.722558994797718235e+00
5.420662170992530671e-01
2.827564961663473486e-01
-4.095762173137500878e-02
-5.551378848893724349e-01
-4.294304170213862903e-01
2.801681517266100041e+00
-5.812076247180323341e-01
1.043050210784591592e+00
-7.402538953589945514e-01
4.072598508358097336e-01
-3.214349114974505706e-01
-2.571177697032888676e-01
-5.754794498882570553e-01
1.270183753031825180e+00
1.106539969366884674e-01
7.033378641691336863e-01
8.989765494679464730e-01
-4.270011953970121454e-01
5.621122358318455525e-01
-2.187006577158367160e-01
-5.460440438566864785e-01
-3.133091647757760279e-01
-6.373589834356504502e-01
1.351782624555803725e-01
8.893834656626198321e-01
-2.231115201699407802e+00
-1.180484333990436063e+00
1.131051090678719895e+00
6.736094179161573603e-01
-8.265977243512677708e-01
1.184504579707583938e+00
-1.873862578381652322e-01
-3.471519999359774511e-01
6.660964809165444978e-01
-1.023007330699466477e+00
-1.032860772534155869e+00
-1.103155122716547476e+00
-2.623585359955833418e-01
1.263482043755719486e+00
5.401204651561197778e-01
5.250369043402440816e-01
-2.974767779234762516e-02
8.772794948412250549e-02
8.084884856896102923e-01
4.081121459891529635e-01
8.645495525386894808e-01
1.219190760337836688e+00
6.017857554825524202e-01
-1.414290521957050295e+00
-9.984233749550932568e-01
-1.151141526123091952e+00
1.351557705873566995e-01
1.499667929398722510e-01
-9.651196589611497553e-03
1.885555205712218796e-01
7.762929737095741745e-01
-6.152469415581949264e-01
3.500295577218241472e-01
-2.535342051744795988e+00
1.506546275899085241e-01
-7.830478050658267186e-01
5.295466334317995571e-02
1.047557886018854134e+00
6.438399965347038068e-01
-6.856710051592078692e-01
5.897694099507007071e-01
-1.312845962154823631e+00
1.893177783070273401e+00
-1.288072308232401098e-01
2.517046993276204625e-01
-4.620261789383611761e-01
1.065841147199240446e-01
9.941633112171353037e-01
-1.725649186996100759e-01
-1.559165418724546948e+00
4.372588921030092224e-01
-4.770099406907385431e-01
1.803280335138388812e+00
6.734976913585395408e-01
9.057304141652824936e-02
6.003593384879559597e-02
7.027824462695639873e-01
2.819573944689152678e-01
1.374498636403881147e+00
1.985533933402873208e-01
2.415835879088973126e+00
5.733297519264628495e-01
-1.706763302713478092e+00
5.246660901574401459e-02
-1.609901166260923056e-01
1.117881994951451102e-01
-2.794883672063640745e+00
-4.286620234152911657e-02
-1.449512629487541115e+00
-9.783266315381345946e-01
-4.458030485468006399e-02
3.856102265529366413e-01
-3.346266030972995797e-01
-4.834008734666936369e-02
-8.085887643189985097e-01
1.526872685388287243e+00
-6.052382322303715423e-01
9.471150869168720732e-02
-9.405248353372425152e-01
3.511014560509372884e-01
-2.951120812967665819e-01
-5.696642750784426390e-01
4.357536001753618549e-01
-7.555417377995846673e-01
1.063543970910292957e+00
1.535427050187742726e+00
-6.618362274431371928e-01
1.198297756444126616e+00
8.700949176375858407e-01
7.414315544259243718e-02
-4.301370538885227468e-01
-6.212582110780318079e-01
4.048628898035661616e-01
-8.980352205716397584e-01
-1.926906286140924462e-01
7.846552573169694733e-02
1.147915775409651840e+00
1.958890151477292285e+00
2.658143438187648977e-01
-4.934417387469712257e-01
-5.728288707492625864e-01
-3.370915230353265235e-01
-2.880380888613325308e-01
-1.403413185458695089e+00
-1.924011837871870412e-01
-1.737220191520833235e-01
-3.067497611387256518e-01
-1.832856443248994938e-01
-7.594677997440119066e-01
-2.507326837098078354e-01
-9.683433404342817186e-01
2.948314396525120173e-01
9.406527300741216457e-01
1.221806898259648388e+00
1.064934640279553424e+00
-2.057222687765268843e-01
-3.522020976913943779e-01
1.373233172150061909e+00
4.336494327124633119e-01
-4.225815222204073462e-01
2.673689226350446368e-01
2.395422179896221637e-01
-6.953544719962977405e-01
1.531346039731933839e+00
9.911226801244614470e-02
-6.588821741181243308e-01
-4.413470314233987613e-01
-8.995823004969666359e-01
-1.680182694592598225e-01
5.565773183499410637e-01
-3.186673274194184446e-01
4.937257091341021642e+00
4.396595323319726911e-02
1.011173825973244567e+00
5.511314835975670290e-01
1.507648913154517434e+00
-3.798649471515396780e-01
1.745932114893492315e+00
2.137989688473075633e-02
5.892955425279484682e-01
6.750938772653440612e-02
-6.005604717264141357e-01
5.905515638692153679e-01
-7.924688945717490718e-01
-3.941891717437150944e-01
1.101443556401641599e+00
2.177192958770492737e-01
-4.789452994293639798e-01
1.552159154742484670e+00
9.806885587857018249e-01
-2.120401040581465779e-01
2.530708851856500186e-01
-4.384561268447782767e-02
1.053198814141420803e+00
1.301791427748491825e-01
1.110181865025696712e+00
1.937934591697571429e+00
-9.885375085969214659e-01
-5.646485149278381854e-01
1.100420685697719586e-01
1.097565147949782216e-01
1.083849917723304745e+00
1.969195304847624506e+00
-1.309824474713080777e-01
6.935439815215732606e-01
2.730266647406324187e-01
-7.747187919071677475e-01
-1.890056928115335377e-01
-1.893953898770279198e-01
1.992267602477576505e+00
7.491799908022446219e-01
-7.448963213725519061e-01
2.011235309777513469e-01
9.014497641836802244e-02
-2.423245519815380611e+00
8.681246600007775926e-01
5.215996999633517595e-01
-3.162201662774067890e-01
1.447638777842280011e-01
-2.970065553851045648e-01
9.843526298096892668e-02
-6.423786035425051999e-01
1.009974977145340763e-01
1.291691104862054296e+00
4.109547579292880531e-02
8.626315012791661019e-01
1.814756726467388281e+00
-8.247069797139112701e-01
2.759453999977219962e-01
-6.928363590666556382e-01
-5.056134035765107448e-01
-6.426584452660253355e-01
1.673966621983967729e+00
-3.065200703196813148e-01
1.343662615961158657e+00
1.886719037280413458e+00
-4.461192563846118619e-01
8.882069832436315648e-01
2.205846511853160496e+00
1.403391510463447567e-01
-8.797366623617006720e-01
1.829537600256021801e-01
5.678093149441519882e-01
-1.920983877517211391e-01
-5.615306557280077548e-01
-8.985515774969089486e-01
9.053955064024916677e-01
-5.014730031126175547e-01
-2.488178509449875675e-01
-6.203244802863249197e-01
6.035992704542753051e-01
-7.167249869205023494e-01
-1.649509862821681105e+00
1.143125926225746269e+00
6.898098423154366277e-01
-3.371711976345674600e-02
-3.093012881293357719e+00
1.233503385007779646e-01
-7.368407298641026504e-01
8.045007262275659654e-01
-4.554248469822620993e-01
8.158513826868467600e-01
9.097743442691047511e-01
1.219078249459820018e+00
-2.811174159980532883e-01
-1.043344205438300865e+00
-6.474488266699089944e-01
-4.125715120083500942e+00
-1.059957454730689141e+00
-6.449578151698932560e-01
1.499702022990200834e-01
3.494893258224274768e-01
7.407667823507316229e-02
3.214945763638911713e-01
-3.136714454663668272e-01
7.259729285390791320e-01
-6.466603533874624166e-01
2.171268639701958492e+00
5.768073125978971927e-01
2.331809672505752662e+00
-8.338711479008124039e-01
7.237149384045749034e-01
1.049077693627452623e+00
5.123866778852274040e-01
2.688809430338620743e+00
1.378527361026357922e-01
-1.282342338989949371e-01
3.903142632986574267e-01
-8.704943721886054808e-01
7.809704718683001534e-01
1.215947716688860591e+00
4.089840219648162578e-01
-4.050151159653520572e-01
9.181472062696695025e-01
2.033071620667311841e+00
-1.160202206731954178e+00
-3.386593772811695713e-01
1.209162444346523722e-02
1.546481366630403642e-01
-1.203933355343591582e-01
3.423153150704030812e-01
-8.809296197158560382e-01
2.599462652055544720e-01
-6.783098265154212658e-01
3.946843965763885964e-01
5.612698467999284180e-01
-1.828942655786197913e-01
1.761255468092313370e+00
-1.452287722637956857e-01
-4.700397412076230408e-01
-1.261552338340214685e-01
-3.110626903259158249e-01
-8.316161567613784555e-01
-1.564379684114073493e-02
1.172955311004368451e+00
-4.938665507784465586e-02
-1.847294106435656488e-02
1.336412913152033588e-01
-3.810337826010733453e-01
1.609928795936670820e+00
2.796077256060167660e-01
-1.054493679465841049e-01
-2.930820536182172642e-01
-4.951908973061466268e-01
-1.131223557922291650e-02
3.384875245236168007e-01
1.615771520886106982e+00
-4.185349525028828621e-01
1.006694427145259807e+00
6.246310060709270306e-01
-7.968664148821331950e-02
9.063461043285657437e-02
-4.100035567217751975e+00
-2.030076996321230620e-01
-5.018204088565088317e-02
-1.927599953674074662e+00
1.881268681036255830e-01
1.204344303173783687e-01
1.003244051247288215e+00
-5.377801278744885893e-01
-5.202410414688940499e-01
2.419020721388574491e-01
-5.661172248598110857e-01
1.294469505998799563e-01
1.564801364199032596e+00
1.818285844053489475e+00
-2.052796658712623679e-01
-1.163570461070698586e-01
-6.921046480988946037e-01
-1.920348521423321797e+00
9.895841666104902012e-01
1.929652763860531861e+00
9.490796838227456567e-01
2.908501316004016499e-02
-1.138004146527397564e+00
-5.370223988207036836e-01
-3.768416207849843436e-01
-1.808641383317329154e+00
6.523410013660313478e-01
-8.254710294199892884e-01
-1.236824779644776634e-01
-1.249537042424430089e+00
-4.380970827029371795e-01
-6.200788996959000210e-01
-1.256733484775129472e+00
-5.464590077508886257e-01
2.623085909518652059e-01
1.934909545341707560e-01
7.731004756252558563e-01
1.898880489841498598e+00
1.278301671159587594e+00
-7.812128388067399731e-01
-8.330915459309711224e-01
1.229696456613177252e-01
1.509826546296130778e-01
7.209240641112715231e-01
-2.512831590330087406e-01
-3.655891465728979273e-01
1.970830791175898471e-03
7.871221178629691506e-01
-5.331959525577063541e-01
8.014730029434066205e-01
6.826797784005654846e-01
-1.615243738392919903e+00
7.388187888927801213e-04
2.547942418616938043e-01
4.942394999846300152e-01
-6.897823176023417657e-01
-1.338235857766804926e-01
-1.912177096795519282e-01
-4.395221941631608509e-01
1.712193521093901882e+00
1.252776026302486301e+00
2.756957873346813082e-01
-5.314950121637077585e-01
-2.706058010488494037e-01
1.599460686496939343e-01
8.908531176778030636e-01
-6.408055330860049636e-01
5.116905506735428544e-01
