1.109296361055424640e+01
1.159412474600569887e+01
1.288765022618032141e+01
1.071793816055517290e+01
1.250114746765806828e+01
1.147122900771836562e+01
1.193261168860629695e+01
1.194057279824533246e+01
1.149928023985249936e+01
1.127599148703864707e+01
1.185813586874244230e+01
1.159412474600569887e+01
1.195022557308822364e+01
1.102221335768515864e+01
1.092977279406028046e+01
1.088564998382586424e+01
1.087547990318864422e+01
1.138864207894801694e+01
1.107184857970384151e+01
1.006057405235687519e+01
1.114960327628458359e+01
1.138864207894801694e+01
1.250612623672087764e+01
1.164488844617764940e+01
1.164358367177928955e+01
1.085150355363189689e+01
1.093242537818216142e+01
1.287381503405520711e+01
1.080837894822007250e+01
1.288765022618032141e+01
9.846105501174982066e+00
1.102058378590396792e+01
1.147122900771836562e+01
1.283460658379784469e+01
1.283968479022237474e+01
1.185813586874244230e+01
1.107184857970384151e+01
1.254408411732383399e+01
1.254858586195650005e+01
1.214458743945100494e+01
1.167611011733573889e+01
1.136414989476045534e+01
1.006057405235687519e+01
1.288765022618032141e+01
1.091783527736838089e+01
1.129899417613973256e+01
1.254408411732383399e+01
1.102058378590396792e+01
1.209456851191460025e+01
1.093242537818216142e+01
1.147122900771836562e+01
1.136414989476045534e+01
1.111176523645337433e+01
1.285949744362679148e+01
1.209456851191460025e+01
1.193261168860629695e+01
1.169128770429681374e+01
1.232365970467962057e+01
1.164358367177928955e+01
1.114226712903396610e+01
1.085794979034588970e+01
1.162727759352409507e+01
1.093331266731789064e+01
1.130132233732116376e+01
1.103389798750523099e+01
1.174255249809668555e+01
1.114913160823022764e+01
1.184830268734170744e+01
1.125055863714921145e+01
1.149928023985249936e+01
1.127599148703864707e+01
1.141541468856032715e+01
1.122241921089907457e+01
1.145159500529772423e+01
1.153163229888674302e+01
1.184219949849650355e+01
1.253024892519872147e+01
1.188788206444365514e+01
1.103389798750523099e+01
1.179169348798149564e+01
1.164358367177928955e+01
1.242094006621881874e+01
1.119837998994638539e+01
1.183993768281559333e+01
1.143637376935089911e+01
1.250114746765806828e+01
1.287381503405520711e+01
1.133514144053555306e+01
1.247551530584381752e+01
1.119312080695757317e+01
1.285949744362679148e+01
1.085737570537493291e+01
1.179249419563837442e+01
1.153238078341753514e+01
1.173975345439307105e+01
1.171163433814932908e+01
1.127599148703864707e+01
1.147122900771836562e+01
1.195735534163469538e+01
1.198590239011786274e+01
1.136414989476045534e+01
1.042138954994284106e+01
1.194027002165624296e+01
1.080106474238198011e+01
1.160488007265683486e+01
1.291796578802282269e+01
1.107184857970384151e+01
1.187839348642011039e+01
1.192126255554205727e+01
1.147122900771836562e+01
1.283460658379784469e+01
1.170184455174986660e+01
1.131775063664129100e+01
1.145358641873068883e+01
1.136414989476045534e+01
1.255303161838961579e+01
1.179836681725472403e+01
1.149928023985249936e+01
1.108943914874624248e+01
1.150479837834968855e+01
1.111229822943638368e+01
1.255742078952616403e+01
1.160312929657500547e+01
1.092202536001767754e+01
1.081152598962210831e+01
1.106673259620350969e+01
1.066654899863205053e+01
1.226784538552158210e+01
1.136414989476045534e+01
1.254408411732383399e+01
1.078316403727654205e+01
1.178883138281438647e+01
1.072422743919916677e+01
1.147122900771836562e+01
1.080603716742809794e+01
1.192549496770329753e+01
1.147122900771836562e+01
1.164358367177928955e+01
1.219744566682003395e+01
1.141541468856032715e+01
1.250574673859307140e+01
1.166368113270850593e+01
1.145386795566938787e+01
1.115248397717411066e+01
1.102356243999799013e+01
1.254858586195650005e+01
1.205520044700581650e+01
1.083710241995528989e+01
1.146593840265658848e+01
1.115571413099601195e+01
1.224676073264266307e+01
1.118743195034959648e+01
1.161207647005717902e+01
1.248591344548148996e+01
1.189970452075047547e+01
1.045774871216663904e+01
1.056364894353414208e+01
1.090408384731527391e+01
1.191637300974561953e+01
1.102058378590396792e+01
1.112766289886187820e+01
1.123858481107708762e+01
1.290531888712561326e+01
1.185813586874244230e+01
1.118743195034959648e+01
1.253491505184792665e+01
1.113408016363801245e+01
1.109280766049441169e+01
1.119312080695757317e+01
1.123487995656021710e+01
1.071640732924833372e+01
1.288309309044512574e+01
1.102058378590396792e+01
1.097418452778480535e+01
1.170485465297259786e+01
1.071640732924833372e+01
1.118983867616944572e+01
1.146934294429974877e+01
1.253491505184792665e+01
1.254858586195650005e+01
1.284969234557736328e+01
1.207054103370094822e+01
1.251105439145729470e+01
1.185813586874244230e+01
1.151456975988595488e+01
1.110677131524539263e+01
1.173192443649377736e+01
1.042138954994284106e+01
1.249104047494135727e+01
1.083211223171899995e+01
1.106863814219359909e+01
1.131775063664129100e+01
1.125486624343007414e+01
1.179836681725472403e+01
1.150281615011184577e+01
1.256602698752148939e+01
1.016741441486128750e+01
1.205520044700581650e+01
1.179169348798149564e+01
1.131775063664129100e+01
1.249242217128423604e+01
1.257439967916633528e+01
1.132106423083703994e+01
1.109240973395525742e+01
1.206726652820590040e+01
1.101208896604423337e+01
1.125956318771851983e+01
1.131775063664129100e+01
1.164358367177928955e+01
1.147122900771836562e+01
1.160157384347378340e+01
1.153099805920608389e+01
1.114569151604526986e+01
1.138864207894801694e+01
1.288309309044512574e+01
1.022008283467765644e+01
1.107184857970384151e+01
1.134262867691978727e+01
1.289659772724610143e+01
1.086036889477135148e+01
1.119312080695757317e+01
1.118895183569024354e+01
9.899354486410514298e+00
1.246605892188849651e+01
1.131775063664129100e+01
1.189871521327341064e+01
1.107184857970384151e+01
9.846105501174982066e+00
1.185813586874244230e+01
1.112766289886187820e+01
1.149928023985249936e+01
1.112673014613302946e+01
1.097418452778480535e+01
1.097418452778480535e+01
1.230082597170384773e+01
1.207385446177439370e+01
1.121087301147090010e+01
1.147122900771836562e+01
1.198714978063577696e+01
1.167611011733573889e+01
1.195553465007175120e+01
1.157769644668556985e+01
1.109280766049441169e+01
1.214873972241637468e+01
1.066654899863205053e+01
1.118743195034959648e+01
1.255303161838961579e+01
1.136414989476045534e+01
1.153099805920608389e+01
1.135094578205506544e+01
1.147122900771836562e+01
1.080535783580168818e+01
1.109280766049441169e+01
1.149928023985249936e+01
1.248073819008330432e+01
1.046844122609591743e+01
1.187337092434770192e+01
1.284969234557736328e+01
1.183948081490011006e+01
1.187765815621456156e+01
1.283460658379784469e+01
1.131644586224293114e+01
1.153099805920608389e+01
1.083270170418407119e+01
1.104385946605195379e+01
1.236511832109896503e+01
1.254858586195650005e+01
1.252075646956289212e+01
1.123792143385407094e+01
1.256602698752148939e+01
1.200203397324583854e+01
1.131775063664129100e+01
1.249104047494135727e+01
1.080945456737929433e+01
1.119312080695757317e+01
1.200356008597165669e+01
1.160312929657500547e+01
1.127245600890908683e+01
1.147122900771836562e+01
1.251593133477030406e+01
1.201993320088974926e+01
1.219744566682003395e+01
1.076964562879649279e+01
1.120214500376894229e+01
1.111030184681290045e+01
1.160312929657500547e+01
1.022008283467765644e+01
1.164358367177928955e+01
1.176351919817754776e+01
1.178485607514341638e+01
1.006057405235687519e+01
1.227323183721754418e+01
1.198714978063577696e+01
1.253024892519872147e+01
1.051098052371777314e+01
1.120524297388117674e+01
1.102390063516431695e+01
1.286909530759452558e+01
1.190172511837220171e+01
1.136414989476045534e+01
1.136174278011044869e+01
1.122215651175695861e+01
1.223650345790440674e+01
1.253491505184792665e+01
1.109958972067241056e+01
1.200698362705685796e+01
1.173192443649377736e+01
1.136414989476045534e+01
1.199484891850257107e+01
1.061556731928311059e+01
1.255742078952616403e+01
1.175823150651309668e+01
1.170184455174986660e+01
1.131775063664129100e+01
1.205969749078585629e+01
1.179836681725472403e+01
1.091150489269246471e+01
1.071640732924833372e+01
1.139898638924019991e+01
1.130132233732116376e+01
1.097418452778480535e+01
1.136414989476045534e+01
1.120712469895870989e+01
1.167611011733573889e+01
1.162484532353586708e+01
1.141657695828260088e+01
1.143637376935089911e+01
1.221172366343260052e+01
1.109280766049441169e+01
1.141541468856032715e+01
1.102058378590396792e+01
1.146593840265658848e+01
1.139898638924019991e+01
1.185813586874244230e+01
1.175459634295690137e+01
1.066654899863205053e+01
1.125055863714921145e+01
1.175823150651309668e+01
1.167611011733573889e+01
1.174255249809668555e+01
1.088929075868428242e+01
1.281381149871653236e+01
1.125956318771851983e+01
1.136414989476045534e+01
1.251593133477030406e+01
1.255303161838961579e+01
1.045774871216663904e+01
1.169128770429681374e+01
1.106150426941165854e+01
1.151456975988595488e+01
1.138864207894801694e+01
1.104584769075409056e+01
1.121736305592989602e+01
1.117567834057548737e+01
1.128763895989432520e+01
1.112673014613302946e+01
1.126980777650370769e+01
1.253491505184792665e+01
1.112237229380010284e+01
1.120524297388117674e+01
1.279772553126971246e+01
1.022008283467765644e+01
1.127599148703864707e+01
1.285462050031378212e+01
1.104507597009153130e+01
1.164895048778503117e+01
1.192970202023159310e+01
1.118881467456104950e+01
1.247551530584381752e+01
1.076265286694730783e+01
1.147674108582094199e+01
1.157769644668556985e+01
1.136414989476045534e+01
1.179836681725472403e+01
1.188295639179351149e+01
1.118948272008337774e+01
1.127833350402847579e+01
1.153099805920608389e+01
1.187765815621456156e+01
1.288765022618032141e+01
1.100212092886563475e+01
1.147122900771836562e+01
1.037284122039184808e+01
1.146596952627335675e+01
1.160312929657500547e+01
1.198714978063577696e+01
1.192126255554205727e+01
1.112673014613302946e+01
1.141541468856032715e+01
1.290531888712561326e+01
1.135163635842159380e+01
1.209101550803834257e+01
1.160312929657500547e+01
1.147122900771836562e+01
1.233531624349535960e+01
1.162727759352409507e+01
1.252075646956289212e+01
1.131775063664129100e+01
1.201551867304534227e+01
1.288765022618032141e+01
1.197494513729165533e+01
1.252075646956289212e+01
1.153099805920608389e+01
1.196859524630058225e+01
1.249104047494135727e+01
1.089501870222060020e+01
1.245415942241322504e+01
1.162484532353586708e+01
1.186193526364350248e+01
1.287848116070441407e+01
1.157769644668556985e+01
1.192126255554205727e+01
1.122673400467418503e+01
1.086849367889493401e+01
1.118743195034959648e+01
1.285462050031378212e+01
1.094934151012873969e+01
1.291796578802282269e+01
1.112766289886187820e+01
1.171163433814932908e+01
1.247261250584214487e+01
1.118881467456104950e+01
1.255742078952616403e+01
1.040414016121336260e+01
1.251105439145729470e+01
1.288309309044512574e+01
1.138449652861297068e+01
1.180517361355988726e+01
1.250612623672087764e+01
1.171652491294023335e+01
1.109253401596787292e+01
1.051380959651844549e+01
1.173192443649377736e+01
1.185813586874244230e+01
1.111720323183910963e+01
1.205146777218609166e+01
