7.965252081701894582e-01
-5.625894768349726238e-01
-3.573941237210354060e-01
-4.980657432187119427e-01
-1.967483344050564797e+00
-1.508524194780589855e+00
-4.018953637093189979e-01
8.315943140335780859e-01
3.723640143723324636e-01
-1.745471526404453744e-01
5.562790065253957889e-02
7.013257405872120875e-01
-3.525423474017349568e-01
2.789883914259401743e-01
-4.344527508004594196e-01
6.825162872582983820e-01
3.338054011755534622e-01
1.221211416702511210e+00
1.418777356780235623e-02
-5.902366667300136260e-01
-1.220696179547461568e+00
-6.576005088734813153e-01
1.296540657698947718e-01
-4.207160216019729115e-01
2.970305919704736564e-01
-3.435971053785679130e-01
9.166276768674590514e-01
-1.628514711305150964e-01
-2.060845900121616725e-01
-7.519843184933988622e-01
-9.558813208163051689e-01
4.101074989029258183e-02
6.160255630768651791e-01
-7.097867883898862917e-01
3.700688636531553888e-01
-2.044910335430785986e-01
-2.322232686268242349e-02
1.405610609346131558e-02
-5.398557575467215486e-01
1.204062532922251627e+00
3.649877224435865014e-02
7.267458880847730285e-01
-8.072708783776931796e-01
3.319111724228071547e-01
-1.828980997449548840e-01
-6.963357035259264416e-01
-6.510110572309935062e-01
1.441803844074034391e+00
-5.737235231991415912e-02
8.703034174883051977e-01
-7.852700363402352890e-01
5.248438973008912045e-01
-2.648955486512974411e-01
-1.514614736496403546e-01
6.677887164889860783e-01
-4.904443562744907892e-01
-3.268086082049922458e-01
-1.827643575407782717e-01
3.166059601853541960e-01
-8.135706776756043146e-01
4.959489413933284019e-01
1.489129720566288118e+00
7.094441409928563536e-01
-5.184552609481754004e-01
3.976959430923054928e-01
7.678927562528968520e-02
2.211503843050908635e+00
-1.202109299001123732e+00
1.651324055195589668e+00
7.272491734445653278e-02
5.880181207339937877e-02
-1.146850729475185293e+00
-1.906217258763647449e+00
2.112794059082507836e-01
-1.842225955240024415e-01
1.064996343548094471e+00
1.956998923056761042e+00
-8.605560517015902189e-01
4.265804037826372297e-01
1.257581007174180865e+00
1.267522749944752780e-01
1.133750571242224003e+00
-2.359709000233843335e-01
7.918658610734544689e-01
5.988955110922938863e-01
-6.676445071622134630e-01
-1.723052830151945436e+00
-4.770734322116876314e-01
2.631937226018862486e+00
5.686803774475912565e-01
2.335200991626130151e-01
2.164281620118045993e-03
6.674243708962142030e-01
-7.895429863668728121e-01
-1.263550196197021247e+00
-1.302930026317728585e+00
2.616146204808456499e+00
7.018980944087460649e-01
6.776238570830194208e-01
-2.215868666936488540e-01
6.722312425151292237e-01
-4.141546657252254682e-01
-1.657357827528409544e-01
1.537078510538458787e+00
1.883778122263484844e+00
-1.075184619802838304e+00
-4.674664584000156053e-01
-3.203190422804697013e-01
1.247947367966637244e-01
-4.295279779533086040e-01
1.914216152598664733e+00
-9.019228467040734110e-01
-7.947253793687868162e-02
-3.374737786513353210e-01
-3.489983226980615805e-01
-1.272359737168927279e-02
-3.725015947362683155e-01
8.241168356529769978e-01
2.292532145296540147e+00
9.197210195292931934e-03
-5.393582285604975324e-01
1.020155905938593399e-01
1.705013048107917595e-01
9.515408608631800158e-01
-1.482330276562408289e-01
-5.775677787602738755e-01
4.698100857524867835e-01
1.829986616125899856e-01
6.023102622938077966e-01
-1.430218835158450164e+00
1.598911856229253470e+00
1.407322967611306597e+00
-2.798939248363664922e-01
-8.660137175686695166e-01
-3.070766139238797487e-01
1.386738400627642420e+00
2.553456512780303278e+00
-1.751768561028932136e-01
-1.854000243514512869e+00
7.555473530787579772e-01
8.936679820437114508e-01
-1.209831276863395227e-01
-1.586741163481903083e+00
-5.657149602777802322e-01
1.128169010445621900e+00
-2.005221760598891123e+00
-8.581090392095680475e-01
3.125011579092555336e-01
1.233842029732073353e+00
5.879009603064553474e-02
2.527672991243457012e-01
8.348763649132215359e-02
-8.176816664322318351e-01
7.932024404805352313e-01
-8.824015300752637847e-01
5.025287953644637096e-01
-7.521202638574766564e-01
-7.510632569098659415e-03
-1.786048710317407751e-01
-1.117981120166173570e+00
-1.092778368837795000e+00
-5.542954053775857037e-01
-7.852595747963655448e-01
-1.805876879361736076e-01
1.092242754760664569e+00
7.542204500497409203e-01
-5.437641532797411470e-01
3.257039437124888415e-01
-1.141297888836792840e+00
-2.117605768957441514e-01
-4.218240960252810090e-02
1.570113118788533102e+00
1.386485844360929587e+00
8.533156376876774862e-01
-1.026313801296388828e+00
-1.815363555278555752e-01
-4.013599893901436677e-01
1.584667829926030391e+00
2.584683258199762523e+00
8.858838499587583515e-01
-3.149113022720964605e-02
-5.695465360689319079e-01
2.722230996936707628e-02
-9.087327528156031731e-01
-3.001071641483614161e-01
6.333933464498211485e-01
5.251889153835533758e-02
-3.270650517699769111e-01
-6.088135271274809357e-01
8.666476671723154501e-01
-4.711620631231953626e-01
1.148254643890266102e+00
6.796281931797171216e-01
-5.691166159226365151e-01
7.378138602469666019e-01
-1.183109981045679104e+00
-8.295529901589764332e-01
1.963545633471167617e-01
8.427764321484447763e-01
9.512745686753103502e-01
-9.459772956068875915e-01
1.562546012400485740e+00
5.507649329291507412e-01
-5.657686709485388876e-01
9.118282754538070689e-01
2.390368761088817740e-01
3.630256866154352724e-01
2.893603958553103705e+00
7.531982741219979127e-01
1.175278960790069993e+00
1.137204789333757571e+00
1.086008287796553784e+00
-5.414928520400785761e-01
2.513862596564570562e-01
-3.145670186587183337e-01
-4.543061459321202644e-01
2.096828034372491267e-01
1.187398999356554574e+00
-9.187271304590411969e-01
-2.700521597548161123e-01
9.094302115904331907e-02
-7.174732037743393187e-01
6.745246283575036250e-02
-9.941010412861380763e-01
-1.720468682224395085e+00
2.012693967898897984e+00
-4.894512829203369608e-01
-2.546199447755002065e-01
-6.051369758816352862e-01
4.752323360116476603e-01
-2.431676902766632675e-01
-8.593799682648594826e-03
1.573562515744626911e+00
-3.222084856010574705e-01
-2.329831128456843370e+00
3.122899051755970712e-01
-1.297866591034273709e+00
7.680841053787179455e-03
6.065848327924461270e-02
8.495401435675750124e-01
2.650727667249935582e+00
2.343541821096568334e-01
-2.622571751248518185e-02
-2.301468338088333287e-01
-2.090990326622077511e-01
1.575719902236319081e+00
-4.793765697814540983e-01
4.939233262274023151e-01
-6.497923397630554765e-02
1.257084382969129444e-01
-1.874978106526229649e+00
-3.372679912671196906e-02
2.940196855834166234e-01
3.078680838437420908e-01
-7.210407956585211942e-01
-1.629131768529125390e-01
-1.462938872583465777e+00
-7.410072844915049917e-01
2.801432219935516277e-01
7.482485420581399538e-01
-2.759948028008813448e-01
1.531795268285039091e+00
1.365695016985084775e+00
-5.033865909492769575e-01
-1.361254645126409590e-01
-4.488515898703974716e-01
-5.398557575467215486e-01
1.605220513064831600e+00
6.800387116390576026e-01
8.200153623759316723e-02
-3.112865697108444518e-01
6.081470503278956219e-01
-2.182925824694283978e+00
6.976703107717201202e-02
1.746158147566204910e+00
1.344697950288334498e+00
1.172939637888187475e-01
-4.855240214885898076e-01
7.645291301393553063e-01
-2.566461423837012035e-01
-1.332299194452175872e-01
-7.470902531506861122e-01
3.309816395748874096e-01
-1.202583418928617975e+00
-1.218628292801133550e-01
8.480781919441905403e-01
-3.287894294184156574e-01
5.914780676521920466e-02
2.020646121713686461e-01
1.037220697936248159e+00
-4.214433937546920861e-01
-1.243812527530127499e+00
-1.171752710569480938e+00
-7.604278106077442256e-01
-7.541084666277177995e-01
1.090836607174169526e+00
5.815834040030059410e-02
1.123767456046618207e-01
-4.340793039842966161e-01
2.606330638236850294e+00
-1.183719244753226096e+00
-2.311547733440679764e-01
5.204197278356222922e-01
9.240045358111879104e-01
4.894692398850378767e-01
9.737326435763434818e-01
4.114344721382337533e-01
9.066751569386326537e-01
5.078890195607974611e-01
-4.923457887574218539e-01
-2.053819341645898022e-01
6.712614876858037372e-01
-6.455365154430289104e-03
2.434989893355172796e+00
1.362064920428403658e+00
1.695489203120997268e-01
-7.308214304320553856e-02
1.212270342797592493e+00
-3.725643933226633481e-02
1.345591519508790634e+00
2.110515486581212130e+00
1.582349536775091714e+00
-8.221036893994468908e-01
3.616814311064697751e-01
2.818529359894415554e-01
3.265950996329179401e-01
8.302915420922220013e-01
1.607304881049359757e+00
-3.569227597992395418e-01
1.260785540389378623e+00
4.332394164824146521e-01
-1.217054374793031135e+00
-3.423688986678959378e-01
5.336729148545346080e-01
-4.734175968610339069e-01
3.715757638932729034e-01
1.031564778209451694e+00
5.787482352905802818e-01
-2.225553255960527888e-01
4.589641684683432588e-01
5.328907243570104590e-01
2.698643988575175623e-01
-1.139616605236912328e+00
1.501986490241897121e+00
8.778475139714221331e-01
-2.232241313305473707e+00
-1.241874329378660768e-01
5.544232855223787393e-01
-1.920144860089544880e-01
3.405817861060011498e-01
6.524354005189338945e-01
-1.207506172694412933e-01
1.302695069987601428e+00
1.819902132304534126e+00
-1.627016873308746447e+00
1.158445730131893558e+00
2.354579486646293796e-02
-2.717481590793756063e-01
-1.116683176391604970e+00
8.146283289374581238e-02
-1.023203887964536096e-01
1.226181021912576413e-02
-7.661005039731997313e-01
-2.591950697110054769e-01
3.333507300930371176e-01
-9.571226813473493467e-01
-1.218896913141388705e+00
-5.008095625444268784e-01
9.712585036302876507e-01
-7.669045874313399347e-01
-2.257240403160044317e-01
5.286008157986482603e-01
1.938693920705720775e+00
2.380214728501526544e-01
1.283958904551491864e+00
-1.170609262458667699e+00
2.777282390770484111e-01
1.389800458539720784e+00
7.482485420581399538e-01
1.872018622495152051e+00
-1.879528667083945059e-01
1.819474078739009126e+00
3.114786738116427367e-01
3.500663297559193643e-03
9.799024112350881999e-02
-6.596207544558990721e-01
-2.234152002651371427e-01
1.522338576802340526e+00
1.428646564623260895e+00
2.224785349204048579e+00
-1.112253620759919848e+00
-2.207227183583137034e-02
-2.965159082182111140e-03
-2.459623614520611401e+00
9.209603276878651767e-01
4.542228998169065002e-01
-7.275829099578126069e-01
3.614622871965647022e-01
-6.325626144461662381e-01
-7.327473730327823676e-01
-1.699166699114625256e+00
-5.879088149518229001e-01
3.644678420521543782e-01
1.065518108025682809e+00
-4.300610811702643144e-01
1.006735578332486503e+00
9.269885988246089337e-01
-1.186371694605643068e+00
-7.032625743843011756e-01
2.854457418079508479e-01
-2.114413080265632044e-02
-6.849677213322995506e-01
-1.683203314470923972e+00
5.099190505666268969e-01
4.790559351909685626e-01
-4.353157690634739119e-01
-6.918872753831282196e-01
7.349906910242651192e-02
7.908612062642824680e-01
2.951935206086531704e-01
1.279417481229609965e+00
3.428584709207856407e-01
3.533101069099690239e+00
2.581550853444762594e-02
-2.009466865455804552e-01
-1.148270717271111074e+00
-9.650672810737307428e-01
7.198392069326455811e-01
8.856477121012030773e-01
5.922414589766700210e-01
-2.321525349873814204e-01
-1.350645199577065608e-02
9.655162924250867418e-01
-8.128490391714929819e-01
1.339480953295152377e-01
9.177439464199035335e-01
