4.791255932690006714e-01
1.267667277284156402e+00
1.175058543056867411e+00
4.938755255332187843e-01
-5.698403477496786218e-01
-7.617828135315576343e-01
9.683698061552984404e-01
6.763320612230405704e-01
-2.000508968751072425e-01
5.106247779085129057e-01
8.921786948174310616e-01
-2.656902530421749731e-01
-2.070665141760485106e+00
-3.235995976346022762e-01
1.466597955271367715e+00
-1.430526508276630249e-01
1.354039435805132197e-01
4.406668156287716492e-02
-5.715965574325803100e-01
1.268510438152388176e-01
2.979096564129066205e-01
-8.596020573020449751e-01
4.573335982284793544e-01
2.862496164447353442e-01
1.166223402021502320e+00
-1.710702464868085471e-01
-1.355655305220901274e+00
1.182729565182116804e+00
8.578261437546638168e-01
1.172150643225328831e-01
1.716374752213444543e-01
-7.115061001951162867e-01
9.763365690891727677e-01
-2.160622231657596815e-02
6.288074713191457166e-01
-2.283724357564438090e-01
-1.071477295877403257e+00
3.807431221914702735e-01
1.174611432373025233e+00
-1.047881079674597204e+00
2.941622305464100529e-01
-2.656136637803789280e-01
3.352062877939109842e-01
7.560144573314697691e-01
6.971016464535455537e-01
-2.923376984802124670e-02
3.590946029262287453e-01
8.644281151549673137e-01
-1.948951859641604167e-01
1.130524203742225398e+00
-2.505137717753346038e+00
-5.055433618534036500e-01
8.810455707159563499e-01
-2.492231925600213671e+00
-1.293912763865958000e-02
-5.487636748816668852e-01
1.326013440652640041e+00
-1.806589616436763412e-01
-4.089420824457445230e-02
-6.675807473882560128e-01
1.342921317075548293e+00
2.935847458946404309e+00
-1.483286981485164024e-01
1.150787769311404640e-01
8.177804665431992470e-01
1.214000291407521637e+00
8.827967658764844794e-01
1.828737035232242403e-01
-1.113190080712094465e+00
6.120001039554074929e-01
-1.581394599224022479e-01
-1.358043049181155260e+00
-1.083626691613396753e+00
-1.127211144996757231e+00
6.793463057847001774e-02
7.208175337756367318e-01
-1.437568144238354106e+00
1.879942297808479434e+00
4.949472115041264608e-01
9.042178500984674461e-01
-2.366116148111803985e-01
1.376969451109111064e+00
3.193538955861561224e-01
-2.595050220119647921e-01
6.614395939080800479e-01
-7.321242951613978756e-01
-1.114103077622876192e+00
4.882447059356975205e-01
-9.964868569007760968e-01
4.221475515536898815e-01
7.050994691068276921e-02
6.166668171282794209e-01
-3.248407354223310506e-01
-1.407490829592425718e-01
-4.043502392964781200e-01
5.976068767074092791e-02
-1.896311171830699915e-01
-1.027941716879974265e+00
5.808767500998039957e-01
-5.765535095190786885e-01
-5.973344769836034240e-01
3.090641391050355513e-01
8.461517132238437489e-01
1.348377925507981967e+00
6.212881634226309346e-01
9.334169445785781560e-01
-8.512798588070095152e-01
8.580969408773947427e-01
-7.506940523864690240e-01
-4.805852081081469218e-01
1.196644306350504339e+00
-1.017581059023911383e+00
5.928282155609965187e-02
2.968761024266518000e-01
-7.081787091667928191e-01
-4.700774348955243376e-01
1.651494244244484100e-01
1.631144746099876253e+00
-1.173855404664846613e+00
-8.569791414002942975e-01
-8.015631975901303941e-01
6.555740590299944381e-01
4.972736291849070844e-01
-7.986860155357946578e-01
1.009951058490493325e-01
6.983168981669658493e-01
5.758891691476935026e-01
-3.314224326009688748e-01
-4.056501657756891310e-01
1.153002067588624779e+00
-5.660536568314476769e-02
1.289361339790396244e+00
-4.356035079775467111e-01
3.704149784944254370e-02
6.932449983676772787e-01
-1.714424977085064583e+00
2.487945431778791350e-01
5.815816462156110367e-01
-7.127469749415673572e-01
2.544451639810019761e-01
5.342915249924485854e-01
-1.397397383202511785e-02
-1.000412597990873342e+00
-5.898076215773243591e-01
5.236807358808229784e-01
-4.405900657200494397e-01
5.917136391744539647e-01
3.704186084564447534e-01
-9.992313081203521019e-01
6.488143041552031365e-01
-3.081093500677057895e-01
-1.049250781078498784e+00
-1.920584297571057419e-01
3.388143953359503135e-01
3.181244191675745570e-01
1.205372774348566767e-01
-2.905819258080603595e-01
2.610161285023183675e-01
-4.625166517293544666e-01
1.118933545148001613e-01
-6.578923807138429281e-01
-4.838077828298562588e-01
6.170875892702756271e-01
-1.659012630883325290e-01
6.426912843735937964e-01
4.619727853174660503e-01
1.793310950706461959e+00
-2.804716826489989101e-01
5.324396340708733577e-01
-2.024172830515676424e-01
5.257922137150491948e-02
3.129776727866014907e-01
7.540025565459688994e-02
-1.153760118087762132e+00
4.345358667517721929e-01
-8.991055146502251461e-01
1.077885380146908156e+00
-5.437462699333031058e-01
-8.510752852030204485e-01
1.009656261237399655e-01
-1.395964425387548280e+00
9.774422389840357536e-03
-7.625862519842185883e-01
1.564201310703593542e-02
-5.225770432498230006e-02
-1.377466467258746663e+00
-3.702946651550313995e-01
-1.802195630893610456e-01
2.202733162871149397e-01
6.419706112910652518e-01
-4.271295646198894347e-02
1.557926732485511723e-01
-5.887468647810956135e-01
-2.384025937640517068e-01
2.372901352710687473e+00
3.217866034388691676e-01
-3.268979805522827520e-01
-2.032277740338620520e-01
-1.198165757839406709e+00
7.968159652139766846e-01
-6.919065732472963470e-02
-1.178994271739378513e-01
7.336712233934318261e-01
5.190108386278240171e-02
3.763413038932005295e-01
-9.362756974423531720e-01
-5.439218678406493312e-01
2.836487530575308447e-01
-2.140226563996589504e-01
1.055342792739991653e+00
7.096416411615774633e-01
-1.639579860398094890e+00
5.168427869519359730e-01
4.496417675372454958e-01
5.952484210740621728e-01
-4.146561466709575705e-01
-4.532840311195618366e-01
-6.262739154724853430e-01
2.091835420261427270e-01
-2.284450138083506110e-02
-3.510780739939232675e-01
1.034416756191475738e-02
5.272067432029040601e-01
9.809847698742932831e-01
1.205071493050904552e+00
1.313173547354477444e+00
6.002881868818947808e-01
-6.338153971981289603e-01
6.159152069641262717e-01
-4.117608025368642288e-02
5.545815036836200251e-01
4.504286729926590405e-01
7.281399356579711969e-03
-1.433494668783561188e-01
-1.252996476661237188e-02
-1.599964473620566277e-02
6.488083828417466614e-02
-1.772824110263478081e+00
-3.676791476063167030e-01
6.692150435547009613e-01
-7.646001774586950184e-01
-1.786700480430635785e-01
5.173992974101762066e-01
2.081960445649513047e-01
-5.506984547298955368e-01
-8.367739035812694626e-01
2.063498481485333436e+00
2.242354966452307988e-02
-1.739425381729738443e-02
1.311446975182231522e+00
-1.420971533297438194e+00
-7.236754238322675725e-01
5.397344859510964099e-01
-2.193633512659276530e-01
2.206428565290562485e-02
-3.716116466434963850e-01
-6.767422211061794313e-01
4.570098814524611863e-01
-6.514756675286768051e-01
-1.685591765675232834e-01
4.700720657444475425e-01
5.316543885456687102e-01
-5.495954715049043982e-01
-7.345927432638615917e-02
4.968744156364415798e-01
6.024815025627346110e-02
4.140908248385696266e-01
-2.855153814723817018e-01
-4.072833731585797645e-01
6.321190477019152931e-01
-5.432672036108539271e-02
-1.639772235078064133e-01
3.736309264289157106e-01
7.105836343469996708e-01
7.093266731056859786e-01
1.963763386139642797e-01
1.924881751066423341e+00
-3.178410822768180655e-01
-1.912295388889611703e+00
-2.736076864497229422e-01
7.721433497146680258e-01
-2.839665431549380781e-01
-9.492478906985878095e-02
-5.420640933025553387e-01
-2.173198264089855336e-01
7.104424657109508212e-01
7.012521057920182432e-01
-5.776053996442904737e-01
-6.516675863355941845e-01
-3.020734134223970746e-01
-2.262787626922574957e-01
7.000707506685062143e-01
4.320788441093225685e-01
1.432173756209282611e-01
7.732609367171694448e-01
-8.585752373169822649e-01
-5.138617036946071526e-01
5.749534321040639107e-01
2.370106103862588617e-02
-7.870103138513695473e-01
-8.396101508812767178e-02
-5.303456101077307361e-01
7.507065495475503947e-02
-6.068999272304568260e-01
-8.732127165558085588e-03
3.608211612908761023e-01
1.045602194427348169e-01
8.966470424726900035e-01
4.617048563237085568e-01
6.748132723833962787e-01
-4.452915804085847556e-02
1.317032891163169683e+00
1.187135051627915772e+00
1.211773789452062072e-01
-1.147066011108986316e+00
7.808497452683396123e-01
4.285832528805786357e-01
-1.828457073147028156e-01
2.502530525948813978e-01
9.574966974572968192e-01
-5.958945377462959714e-01
1.937331549476455361e-01
-8.268249209816870282e-01
4.536252184703640222e-01
3.533606926004511650e-01
4.416556744800292922e-02
6.849016692014606722e-01
-9.128432755768626228e-01
3.717284995008408033e-01
-1.030432840020067964e+00
-1.589184049545479427e+00
-6.008143426758020267e-01
2.846767041370794060e-01
1.120124978569829066e+00
6.972644651648964853e-01
6.391848991029495941e-02
-4.372724759089794966e-01
1.070981754827055266e+00
-1.235732177651002184e-01
3.672446779079812651e-01
-9.123371503280003347e-02
-3.405675473426220123e-02
-1.322938688223024073e+00
1.486720338643628125e-01
-1.494023693504827666e+00
5.403734292273910667e-01
-7.953831251858368978e-02
1.029880272666273244e+00
-6.712883940677223382e-01
6.554246987411477265e-01
1.658109085306685104e+00
5.178340799977182440e-01
2.237886356427708570e-02
3.708277790516231742e-01
-1.922865493855231644e+00
3.052870826149260419e-01
5.389025584957629622e-01
6.921034263138147180e-01
-6.343639182090552442e-01
-7.080149339497330274e-01
-2.628170041248441891e+00
1.218083994346922161e+00
4.819575280257232808e-01
6.884282585924725861e-01
1.253823541835379141e+00
9.102011867895591635e-02
-6.288865985339533449e-01
2.097442608179990842e+00
-7.523114989282124743e-01
-4.733218840451306475e-01
6.684881061383097789e-01
-5.567994461450066490e-01
-4.964774374395264367e-01
8.281050173532045200e-02
-1.204919325559664217e-01
7.273236889341998523e-01
-7.052917579280634230e-01
-2.409127401073677621e+00
8.190169155971438464e-01
1.335465592989613315e+00
-1.068331845865246738e-01
1.896456407142060596e-01
-1.183765593829453344e+00
9.020881667961578865e-01
3.772446367835584624e-01
1.856053378378665242e+00
4.403658386030157579e-01
4.510703027384928981e-02
-9.814237603550307609e-02
9.477027533385135039e-01
-3.454351771421776962e-01
5.287823500267966326e-01
-3.407000156307014027e-01
-1.077631298587743425e+00
2.712270519760567877e-01
1.093052361460694843e+00
-1.911530667649077031e-01
-1.431813951884462588e+00
-9.635852107169536052e-02
2.656618074048547329e-01
8.148676654167666400e-02
1.304857473680871294e-01
-1.651038356176989463e+00
-3.544959368136042094e-02
1.896755978686857969e+00
-5.595320273187837090e-02
-5.184476847263278509e-01
-8.320452689804593016e-02
-9.332842403354175698e-01
-6.677117266583273980e-02
3.001616669163879036e-01
2.537445665161229824e-01
-1.972680656142702244e-02
9.147499284021871624e-01
-1.945300611542505331e+00
-7.724521575971524667e-01
-5.847897371140332590e-01
7.297519057676191689e-01
-5.588278414701605135e-01
1.602738005317667636e+00
-2.583828392601895257e-02
2.856651742313701114e-01
5.229767369851567871e-01
6.439500995918389092e-01
7.807330931039843103e-01
6.480104162929353206e-01
-5.984243793452209692e-01
1.164317894854712598e+00
-4.071311148067202623e-01
-2.426097989273035549e-01
-9.206804395099600358e-01
1.783889771815999892e-01
1.481529350584549765e-01
1.593597343944995470e-01
-9.013033015405784720e-01
-5.065862705621416301e-02
