4.078312066435750283e-01
8.668590395527066006e-01
1.017940426453800784e+00
6.110541942689579065e-01
-6.329340411239976483e-01
-1.158488715598450236e-01
2.958380101099724047e-01
5.366246779011739632e-01
-4.653120987471999204e-01
-7.119182478848870010e-01
1.122801170260046666e+00
7.474213042922071837e-02
-7.657223156002993525e-01
-7.689840675828246708e-02
8.714858837715305784e-01
-3.321786888578989183e-01
-5.810749415390217276e-01
8.520620327803610783e-01
-8.134490755985003263e-01
-7.471740366581842707e-01
-1.254874244706231379e-01
-1.914549384552997502e+00
1.279813011696824265e-01
1.206518322521734188e+00
6.051718174193007060e-01
2.132246449117625453e-01
-1.480786682570225166e+00
1.168541963926387872e+00
-4.249683743024922356e-01
-2.824330048313859476e-01
-4.131676974940282632e-01
-3.032609816067071140e-01
1.089936885238421471e+00
-5.960009691622842887e-01
2.945351344421570094e-01
2.479888868968236348e-01
-2.508104792514540549e-01
2.684939879974212462e-01
1.186170817053317124e-02
-9.453883674543259730e-01
5.163896685520981134e-01
-3.360622941154114973e-01
9.800312074980226384e-01
5.812726449982352772e-01
1.117041957257630252e-01
-1.901296872945433536e-01
-3.056487253806237578e-02
6.487762140510376918e-01
-4.846952623575040420e-01
4.562747786023893526e-02
-1.206427980334533245e+00
2.285961335610259271e-01
1.804051659426223475e-01
-2.829886700738327709e-01
3.869217694485759806e-01
-1.154991545520019924e+00
7.388149158812058470e-01
1.316990122454576584e+00
8.851823310046755822e-01
-4.007091779302806023e-01
5.537958700652373389e-02
2.014154672782704214e+00
-4.081335882333839704e-01
3.745075241302412983e-01
9.311055196588952088e-02
8.686643908613619347e-01
6.516443594734901978e-01
-1.772485957218526698e-01
-1.274125786796886262e+00
7.240072202374596699e-01
-5.834772886929273650e-02
1.793406852216103062e-02
-5.065126379503552823e-01
-4.604580183053910147e-01
1.852837962026213925e-01
4.671541681144755764e-01
-1.105334077012993133e+00
1.298806355973162845e-03
1.257278131456597725e+00
-2.044470360395770625e-01
-1.329169725028345406e+00
3.230387072261866055e-01
-1.857902283949032785e-01
-5.766875117203987822e-01
1.129927850560533020e+00
9.101756739667266061e-02
-9.066715229318061953e-01
-6.027728477194502915e-02
-1.560808153961789069e+00
-1.008188965808590520e+00
-7.317900792353144723e-01
-2.505396900791184156e-01
-4.650114689027686765e-01
-5.828614320767528945e-01
3.101019513974308528e-01
7.370405964910670127e-01
2.532380377631195389e-01
-1.662774718375222283e-01
3.475141412968806853e-01
3.069782934807845365e-01
-2.414149478005448990e-01
1.521654010744394547e+00
1.322158489142332360e+00
6.990698071105888589e-01
2.151022242034572152e+00
-5.160164666433558756e-01
3.734726992419436231e-02
1.465138042893216141e+00
-4.883337381617461892e-01
8.752434636557382408e-02
4.645175688568784489e-01
-8.610131799100069205e-01
-2.744107098990761773e-01
1.442443863280620520e-01
-1.110161334978260417e+00
-1.036880886065545404e+00
1.170771509587197334e+00
1.909413565651831179e+00
-5.055131888617558217e-02
-1.212444287183245262e+00
-7.378647519754778505e-01
1.246814989701868104e+00
6.530657404654690579e-01
-5.765539918756706905e-01
1.010510430402748350e+00
6.377101562054047212e-01
1.194370442441803348e+00
7.016162302666136830e-01
3.104112855079921851e-01
2.448951186177474593e-01
1.099095721593271596e-01
8.078652083692883235e-01
3.069127149155426171e-01
4.247187004901399887e-01
2.819769455567497918e-01
-1.713604449978708866e+00
4.457233365491934940e-01
-1.908769201697350648e-01
8.052774870333576640e-01
1.062020555507131592e+00
2.429219029477517333e-01
6.530433798772904419e-01
3.415397026744374509e-01
-1.072275267256910913e+00
1.162559968763237084e+00
-3.427955979714905066e-01
2.087021421671773513e+00
8.268592669478062873e-02
-6.198795663723933869e-01
-2.785809998370850638e-01
7.039970850411205738e-01
-8.131054620447111247e-01
-5.137452957642191231e-01
-1.794266970067623021e-02
-1.535887995676578077e-01
9.488597822428330719e-01
6.972349773071183643e-01
-7.896281311100919464e-02
-7.786766570174327717e-02
1.111519680400105126e-01
-5.747478252666773368e-01
7.583829329233653105e-02
1.504180942502018198e-02
-5.595205238633364775e-02
4.981867320252594822e-01
2.620523552565411918e-01
7.457147522808460494e-01
2.060913376963993404e-01
3.059831274156853964e-01
-1.943237676954222115e+00
-4.252779756917504095e-01
1.577058670165731036e-01
6.024675423597538604e-01
-3.882644775537215653e-01
5.737248463797357534e-01
-1.451802888649374790e+00
9.755673235965268697e-01
-2.792440377242590976e-01
-1.228780442580428733e+00
-8.696897342761826175e-03
-5.385783589385041426e-01
-3.678909436373355990e-01
-4.064139176351161953e-01
8.587938427748773584e-01
-3.407767721868960598e-01
-4.263318125620771948e-01
4.391258156830530890e-01
4.909184292226044244e-01
-3.441328368689607897e-01
3.403225627693999833e-01
3.598563173365884604e-01
3.838697379726268566e-01
-5.018759356114426140e-01
1.420362568125987268e+00
3.503293422907330257e+00
4.627399397659720526e-01
-3.884454174551715822e-01
-1.244679085156842613e-01
-1.416470311672279658e+00
8.460379852477158957e-01
3.801852851922881693e-01
4.369319983358311843e-01
-6.687804415477143216e-01
3.148739397012429997e-01
-4.832338162222777345e-01
-1.136352147966435577e+00
3.319802764874283940e-01
1.289585303795547921e-01
3.994672094151622832e-01
5.588810892227444871e-01
1.196309258550844357e+00
-4.223598153944061462e-01
7.652528563242291804e-02
2.056900736955322717e+00
5.700265657717245027e-01
-9.277650352103325448e-02
8.741002247990603546e-01
-4.446932782114503269e-01
-3.858478058596195859e-01
-9.471372954323815652e-01
7.894232073782351256e-01
7.968485068023544171e-01
1.419661843719897565e+00
-3.074103457509158935e-02
2.858885718060007464e-01
2.441191764228754391e+00
4.460191593992149373e-01
-2.160075954478448690e-01
7.242075381380411736e-01
2.919492387734951011e-02
1.091927905750716132e-01
1.218946599136184084e+00
-1.154024391882682021e-01
3.777149145159821031e-01
-1.850829455827695535e-01
-7.213902171955214326e-01
-1.023732779629931144e+00
1.178696566171318627e-01
-8.409332278178650588e-01
-5.147682165452069913e-01
-9.598693313537929317e-01
-1.316927538714824930e+00
7.550583431695495618e-01
-3.126535652837530432e-01
-2.910605861750423795e-01
-9.526843162943639254e-02
1.678086393633813289e+00
2.961147955928746800e-01
5.378170006293202521e-01
6.351866907777972138e-01
-6.418611310818880811e-02
-8.860613104417955910e-01
-2.324834211013328822e-01
-6.033632814525101695e-01
-5.028970289425604978e-02
-1.102431481071832753e+00
-4.257746541031009468e-01
-3.414013611378294843e-01
-8.931464900586966182e-02
-7.041424032092254981e-01
2.866701946140761126e-01
6.148547107593133054e-01
-4.158545117644988354e-01
8.301474485819649862e-01
4.001316357455591555e-01
-4.278094095395546526e-01
-4.710997763577169373e-01
6.796044837460833710e-02
-1.336717379613483692e+00
5.164008590975076585e-01
1.027243012797438571e+00
-3.934180065603998244e-01
-8.616722008402656341e-01
5.345570777216952507e-01
3.339153262995478988e-01
3.778732396001300287e-01
2.069417180584609994e+00
-1.047984479600048813e+00
-7.428883909847456835e-01
-3.883959411700974029e-01
1.255656455101514524e-01
-8.654945639642613875e-01
-1.129499551061448059e+00
-5.276729196019580570e-01
1.629527460998402955e+00
1.384206461970852953e+00
1.705130335050147883e+00
-4.233756979160644557e-02
-3.431979947506444417e-01
7.779476097567504869e-03
8.983793356256287721e-01
3.421546958309591990e-01
1.233231517343906652e-01
2.263637690605399544e-01
1.432942727405078109e+00
-1.271061926945175335e-01
-2.724904658667192670e-01
-1.477384369564489763e-01
-1.638354317737209243e-01
-5.999151503393180818e-01
4.479398817191768134e-01
-2.245371094250477040e-01
2.604901619094897036e-01
2.293341875597586510e-01
-2.532162426298854019e-01
2.970910085655744434e-03
-5.341296436243883061e-01
6.226760080737959724e-01
5.592510602434217493e-01
1.567749014422268106e+00
-3.033663101405829066e-01
1.999908031481492321e+00
8.802731215904163742e-01
5.522993744559142604e-01
-6.116304886696464216e-01
-5.271008542690699405e-01
-6.364761505947100773e-01
-7.668202882012696842e-01
-5.659169171111944063e-01
1.648005544195935812e+00
-3.660567327575107166e-01
4.319970449110163146e-01
-1.434600706417567539e-01
3.806498465249738561e-01
-7.637644982988039954e-01
1.002268976319786065e+00
1.402337525942157326e+00
-1.140308887682071948e+00
9.301437005601750907e-02
2.065840034445408369e-01
-5.746745295597731618e-01
-2.111275255525534078e+00
-1.522302203463118675e-01
1.206819328701584482e+00
8.301010839864337854e-01
-2.712519319676415797e-01
-4.216509169706722515e-01
3.739776896061498546e-01
-7.722221978911070206e-01
6.636744843039115160e-01
6.278333475756640025e-01
-9.733235428027346980e-01
-1.571307632957975375e+00
7.281602770244067768e-01
-1.532266169328478700e+00
-4.866320702468298065e-01
1.077784978353981682e+00
1.146814446388818798e+00
-1.728393934025654055e-01
9.426933384018326700e-01
1.845978565320714804e+00
1.223714342144218148e-01
8.081140702727159994e-03
4.337023358792211902e-01
-2.281050770579330589e+00
5.768551799548727876e-01
-1.912891532328186150e-01
-2.493019388576483142e-01
-1.515515029955030180e+00
-1.979532202803761520e-01
-5.992144454195840186e-01
9.801745722230045255e-01
1.691546227022628357e-01
-7.213520638514493190e-03
3.478048047889302219e-01
-9.507958496100960000e-02
-1.333058562619407805e+00
1.815998376576841045e+00
-1.026935238216016288e-01
-2.261789759978219128e-01
1.419218723416642014e+00
-4.201987556736375695e-01
1.009142575832785160e-01
-1.215488340852576982e-01
-2.003876013094358505e-02
-2.227681138774725844e-01
-2.897289884473493449e-01
-1.371442770269456046e+00
2.369070585269898555e+00
7.780855331877768455e-01
-5.077694243866345269e-01
-1.399409661814413931e-03
-2.090272070519294090e+00
-8.848161422479708937e-01
3.650029048819563027e-01
2.848456487742365262e+00
7.303040055821004017e-01
3.564197509796244723e-01
7.458956570621183557e-02
-1.198668112971423144e-01
4.409789199431979334e-01
-4.648193533924815379e-01
1.007269547671288290e+00
-1.920821487830990382e+00
1.856570340872077951e-01
1.161440277121805309e+00
-5.450799770526135180e-02
-1.377492565841374805e+00
3.899542405522181121e-01
3.954504819734381837e-01
1.291953425906843811e-01
-6.347724625068389415e-01
-9.046225810544318569e-02
-1.322430234528618187e-01
1.303046263040377406e+00
2.633148947455931643e-01
-8.864314797806799318e-01
1.062391749351251635e-01
4.895468154333503658e-02
-8.604257200984286591e-01
-1.090869013757226474e-01
2.011956093158794534e+00
3.024721439525375755e-01
1.169036492232733870e+00
-1.060785899483993155e+00
-1.445553427232477040e+00
-1.030897077422033181e+00
1.923977274284955907e-01
2.965309647468121201e-01
1.950752594901208559e+00
6.198821880166482945e-01
-2.121344659897977658e-01
2.289704948168113652e-01
2.110029010541617289e+00
1.078887972451233024e+00
1.122343498617850259e-02
-2.095926311220539795e-01
4.662016967576244550e-03
-6.261888748679699246e-01
7.800870112363821052e-02
-1.789798940842504571e+00
1.346065127789646487e+00
1.248970350549497565e-01
1.412749379433882346e+00
-4.314370720345549887e-02
-2.365836457888342848e-01
