-3.496645751509767641e-01
3.592166250139159911e-01
3.000797202769484584e-01
9.228401429377921517e-01
-2.283852153875955970e+00
-4.811515366828937879e-01
7.117275708462211803e-01
-6.670548473279500623e-01
-6.687125898768897514e-01
1.740042048935334096e-01
5.787703237448803550e-01
6.823804659235084280e-01
8.079505975547193741e-02
-3.766166794325646605e-01
-6.271527761442511339e-01
8.568411906280538615e-01
-2.629622080859272404e-01
3.252321064142461804e+00
1.636930358039384137e+00
-1.483928589704121226e+00
1.165306527354039723e+00
-7.421152455720188001e-01
2.037511340757441058e-01
3.482019170221167803e-01
6.020115757611638196e-01
-1.384377707226909893e+00
4.224543931042945566e-01
-1.141350281015902496e-01
1.161341110735279569e+00
4.790467172694671816e-01
-1.906022429915794902e-01
-4.715103736881634533e-01
-1.628745842934012478e+00
5.598725901700535301e-01
-2.904882210357862538e-01
-1.549563275797431361e+00
7.155116228809876855e-01
1.299685669009704482e-02
-9.935126117806821755e-01
1.323005579869724668e+00
-8.858740681246058957e-01
-6.351408678906285132e-01
8.235527038139063283e-01
-3.637518105340054042e-01
2.617330340449385839e-01
9.292858269492110246e-02
7.800412807996676134e-01
-2.949174383416864886e-01
-4.514586430804753414e-01
-3.066807518148191858e-01
-1.671317774313112015e+00
1.151274743341189908e-03
5.202815546124649471e-01
-2.870777846007964929e+00
1.222024385058082530e+00
-2.391269262571636689e-01
3.014993734501500100e+00
-3.493535596563023260e-01
7.264288956000034547e-01
-1.423641967546752207e+00
3.587360305253339821e-01
1.193578174241399337e+00
-9.729460429353027628e-02
3.785655751768129962e-01
1.569049749424949347e+00
5.930234188580080223e-01
2.450588352347835841e-01
1.234084228569354985e-02
-2.578313751592841818e+00
2.278633590556647714e+00
-8.857003773504549260e-01
-1.151869888706368306e+00
-8.260040742531279401e-01
5.484301065627762706e-02
-2.834349382006240980e-01
1.323814951951433505e+00
1.991545215035072536e+00
2.191730425522097070e-01
6.258812873500307905e-02
8.563558445197856361e-01
-4.550219365045307662e-01
8.951080185566008263e-01
3.056010912789147715e-01
1.271939929104149103e+00
1.048038722387537147e+00
1.201430265396555175e+00
-1.086738906142383915e-01
-3.330718558912917210e-02
1.089657756088693974e+00
1.313361304324972112e+00
1.275659695577043840e+00
9.975669679522678468e-01
-1.711905863241303949e-01
-7.557327547419276925e-01
-7.227206843910342071e-01
1.920565248819258164e-01
5.056413415613875140e-01
-7.019901247308708570e-01
6.753816213007381997e-01
-4.852006900216828122e-01
-3.009988061842738261e-01
-2.001514832056197346e-01
9.503139369484533416e-01
-3.087075281179513242e-01
1.019726271883624191e+00
4.529784119164633194e-01
-9.474786116852979001e-01
-5.770264896806980293e-01
-1.107864437601424473e-01
-1.782081194902393473e-01
-4.389809232616454504e-01
-6.355043755982215936e-01
-1.106328770379976678e+00
6.186142387859325797e-01
-3.186789021409832667e-01
7.055334286318006021e-02
4.726490824966574772e-02
-4.540630676472753868e-01
-1.285892827496815771e+00
-7.658213664305302260e-01
-4.225656440197025909e-01
-9.445204298751489480e-01
5.165337350110018599e-01
9.678298348640758109e-01
2.694273036319321246e-01
-1.382547123940026657e+00
-7.974854753794110573e-01
2.776531493196583017e-02
-1.414104936205735075e-01
-1.308709120648349877e+00
6.771933389808204584e-01
3.550880221407090254e+00
1.352791540283417859e+00
9.157863775492253167e-02
-7.600666710295976847e-01
1.294961219535132602e-01
3.636864662485311817e-01
1.551674472428424378e+00
-2.219613452189554970e+00
-6.822493187698501771e-01
2.913819216431445369e+00
5.847331098843176755e-02
-4.225930230774315732e-01
1.926036386901071595e-01
-7.964406104683834364e-01
-2.356673253941218071e+00
-3.066315313427251613e-03
1.812697768826987854e+00
-6.255553542063967409e-01
1.090124097363038613e+00
-4.350937788056173372e-01
-3.304928619977609006e-01
-5.834251722583283506e-01
9.997872373616645270e-01
-1.049978596328130065e+00
8.134704117737224793e-01
-9.084091016719592071e-01
2.866381837491016257e-02
1.267593376043278264e+00
-7.606118478202366084e-01
-2.432232019445476345e-01
-8.103439836585436540e-01
-1.346335272312783937e+00
1.764361478539873795e+00
1.572126683555850890e-01
9.256549120569734779e-01
8.671946413067039838e-01
-2.457721535689411929e-01
8.200160413854398200e-01
1.448133220142492572e+00
5.699599898810117082e-01
9.455090569361905839e-01
1.960630633424954583e-01
-8.889258223298614203e-02
-7.868464749400047031e-01
-6.766501866815599620e-01
-4.240848245343890044e-01
1.219960858921614433e+00
1.000199381651780461e+00
-1.773829775612776549e+00
-8.017460572744063985e-01
2.078397160701573043e-01
-1.133780274726451820e+00
8.007183073618018287e-01
-5.083617178214612231e-01
8.094714423967027672e-01
-9.517637231487962035e-01
6.486574723851896707e-01
8.608671537002540175e-01
1.029272293643935354e+00
2.640446542970476540e-01
-1.716229161525578473e+00
-9.796990720114803208e-01
8.427826314605744162e-01
1.184764729875164679e+00
2.215639299420606168e-02
4.482871736946668073e-01
4.397945780823708239e-01
2.178946104190878849e-02
7.044520196739639806e-01
-8.623001676421556683e-01
-3.740879729322644232e-01
-3.443334405375749196e-01
-4.455721281013735879e-01
-2.925831820172719588e-01
1.640209123378665756e+00
5.319850721632490148e-02
3.695673999787149611e-01
-9.345194462423883630e-02
1.096470267771904317e-01
-3.075850061737513963e-01
1.437919717529041908e+00
-1.840954572373209031e-01
8.692226188853415803e-01
2.127067534791984293e-01
6.246570303188156981e-01
-1.507401161651824140e+00
6.160473407327354822e-02
8.214174485663380265e-01
3.245200193701263114e-01
-4.933703929765290708e-01
-8.562631695768507800e-02
1.156078630077078451e+00
-1.980701092050372591e-01
-3.951346678680349167e-01
6.418739958822720082e-01
2.130891850523682240e+00
4.085300952032070998e-01
-8.742180181644260140e-01
2.891072308166284799e-01
-1.620856084764092653e-02
5.547425366316937057e-01
-5.909204840083185362e-01
-2.505584873995974515e+00
3.948835746516776712e-01
-1.376043747306559206e+00
-1.944822538798249012e-01
5.555392156235446910e-01
6.191492080490615946e-01
-8.469980140472602170e-02
6.082721143430379618e-01
4.808386434311925361e-01
-6.664837428218101101e-02
8.848672858063261204e-01
-1.395476262289268909e+00
-3.215296810446099385e-01
-3.288219997234338998e-01
-3.186789021409832667e-01
2.409149134789192459e-01
-2.692300463486240747e-01
3.090795535347461431e-01
-1.194992527019744233e-01
1.037116222561031087e+00
-2.315809336489106640e-01
1.301203752729330310e+00
3.664252760518483254e-01
2.018117441559937220e+00
-1.260043330121833449e+00
-1.225195421446323207e+00
1.792749895295535356e-01
2.864074180572253603e-01
5.663175476951721743e-01
-1.125739017827377120e-01
-3.900325216837552955e-01
9.489424686907006468e-01
7.124880664414184883e-01
-5.086340150571252473e-03
-2.894669593853037015e-01
-7.723868800197819517e-02
1.105728249264480434e-01
4.057411809374285583e-01
-7.355790348864724715e-01
-3.366097141466630749e-01
5.968134274908987180e-01
1.172711655785532603e+00
3.847710288120559929e-01
1.370890677453368678e+00
-6.484091119759928523e-02
1.175193137730931037e+00
7.325525459541111228e-01
8.208862785388505445e-01
9.938430728665326175e-01
-4.265860965412358596e-01
-5.031626487281595228e-01
-2.109207274990381187e-01
1.255538623448768432e+00
-1.515987665257021166e-01
-8.198643236205774842e-01
5.443059914968361168e-01
1.013909032118136322e+00
-3.861309691421085377e-01
5.286067881875289309e-01
-6.439863011550878147e-01
1.226645181051130074e+00
3.573052277960064860e-01
1.145029504624224259e+00
7.358564940367884333e-01
1.789576091547959158e-01
-1.290903305179513350e+00
-5.913897032899431139e-01
-1.165983114494804740e+00
1.089914091632957716e+00
-6.186223858500683459e-01
1.393899969800392435e+00
-6.896395212969366750e-02
9.826718076429248327e-01
-1.691032345582838036e-03
9.163269847046821015e-01
2.549970188365134338e-01
-8.263311341188075421e-01
-6.103899539536901120e-01
1.544261007317709655e+00
2.883188300863778752e-01
8.138201078671696287e-01
-3.078561131112112492e-01
1.173708346641208600e+00
6.352289578892795774e-01
-2.818280376903267159e-01
8.041513281201682073e-01
2.298866573015574399e+00
1.936822347026096125e+00
1.416371709714742355e+00
-2.659427788241302548e-01
-4.900528381053800148e-02
-7.515222221015166459e-01
2.153855066880263625e-01
4.161350792899039530e-01
1.157231464330506165e+00
-3.837727530480517513e-01
7.234831471295019578e-02
-1.372963500180997221e+00
1.063048404747482412e+00
-2.577828361692112713e-01
7.594930174911845855e-01
-3.560549281959087264e-01
6.347452430786540978e-01
2.476267381288997649e-01
3.106995801240517996e-01
1.652541752834846500e+00
3.824950391738997091e-01
-1.171621269217004296e-01
1.343704003138919800e+00
-7.248255073756428857e-01
-1.058322535341926357e-01
2.999417607398571772e-01
-4.315454060504181899e-01
5.208175057765904725e-01
-3.252809663200164625e-01
-1.631716636425700473e-01
-3.873154267689268154e-02
6.160029735371431725e-01
-1.424382228678551798e-01
8.619722908972196618e-02
-5.958831030149114305e-01
-3.998556658931466390e-01
-6.187271874750852746e-02
2.451037134318307109e-01
9.895972247836480606e-02
5.783190284556005700e-01
1.422484844715086148e-02
-2.779338461215988154e+00
7.293463993032143211e-01
-1.040071684783824946e+00
2.397736289688236211e-01
-8.659086146480225732e-02
-3.192033306138177262e-01
2.394223872310065337e-01
1.156226994884565595e+00
1.483358344237305726e+00
1.735559749904763971e-01
1.931323334238034817e-01
2.473459372708291387e-02
-1.197958608695274263e+00
6.132767208324590991e-01
2.885309230232907751e+00
2.749961974834851941e-01
2.199311863938242517e-01
-7.106763332076508899e-01
-9.986397944277254357e-01
-5.198067961622319100e-01
5.905540053626994190e-01
1.391472201388379215e-03
8.776702816864129231e-02
4.028279014903677901e-01
8.877559571405680972e-01
-2.129756975251254403e+00
-1.749839579692300251e-01
4.038216907310415715e-01
-1.383816643582321815e+00
-3.771737189031817289e-02
3.702593852430839938e-01
-1.372488178799796676e+00
1.895419590732631887e+00
-8.599869027605582250e-01
3.109719134059860113e-01
5.050916950057190297e-02
5.782082922155237226e-01
-9.172484383113108652e-01
-1.779576866179195804e-01
-4.876165955766528781e-01
-1.851803021701630803e+00
2.592264367577163386e-01
1.334194755595406789e+00
7.064020755877568059e-01
-2.338863078196788126e-01
-1.703742243750907825e-01
-4.390669317402173810e-02
-4.562498947492754642e-01
3.335551880395962177e-01
9.266743760694262644e-02
-2.727244963058118588e-01
1.916496083094330949e+00
-3.441643624262081258e-01
3.942499248745813256e-01
-1.082883794382723641e+00
1.029330477157934132e+00
-3.351674480326889971e-01
1.016431311860983011e-01
1.720634292007565902e+00
-8.552629949861377812e-01
-3.068923876624272129e-01
1.066622392983065382e+00
-4.654771555325770138e-01
2.986040972523648085e-01
1.430429940515130394e+00
1.941784859707743754e-02
-1.009374076557816080e+00
1.792324092728753815e+00
-1.205152814225441266e-01
5.175574585263397198e-01
8.875780306008286269e-01
-1.001430395134302653e+00
8.072182139399240730e-02
1.720992101790706219e-01
-7.638771510986348545e-01
1.650672714961264775e+00
