1.358377085982213117e+01
1.329064712281772742e+01
1.455306982165929952e+01
1.208897722463592928e+01
1.445615497384654091e+01
1.309724449626174092e+01
1.364712897807044456e+01
1.424542350724200368e+01
1.386269347847204081e+01
1.275170763840505117e+01
1.304183824865812547e+01
1.329064712281772742e+01
1.370047255403800079e+01
1.397188550897612203e+01
1.381011195307338113e+01
1.372827174487514590e+01
1.370887142479954868e+01
1.207814474746905908e+01
1.286309530397344147e+01
1.192894105497766155e+01
1.248206461037700166e+01
1.207814474746905908e+01
1.445213342757922348e+01
1.267906601440638603e+01
1.309525835649085579e+01
1.366220927183957023e+01
1.261100141798985774e+01
1.456958958618185029e+01
1.357439830065483477e+01
1.455306982165929952e+01
1.171024772401264791e+01
1.277388887123996497e+01
1.309724449626174092e+01
1.460428823471321991e+01
1.460067687258416669e+01
1.304183824865812547e+01
1.286309530397344147e+01
1.441236360124410609e+01
1.440641941465505127e+01
1.413734126817321624e+01
1.418884052168209386e+01
1.291459509165515662e+01
1.192894105497766155e+01
1.455306982165929952e+01
1.378831510291829332e+01
1.399689418218332726e+01
1.441236360124410609e+01
1.277388887123996497e+01
1.403951896439468428e+01
1.261100141798985774e+01
1.309724449626174092e+01
1.291459509165515662e+01
1.362740939403809648e+01
1.458417274461910296e+01
1.403951896439468428e+01
1.364712897807044456e+01
1.276305639407309300e+01
1.445191453238405543e+01
1.309525835649085579e+01
1.416659889729190169e+01
1.367488994545714931e+01
1.361700959818429446e+01
1.381653020867361548e+01
1.253835979399119260e+01
1.189575807935280771e+01
1.285226282680657128e+01
1.417724919640434855e+01
1.329673160522802533e+01
1.314994090240253577e+01
1.386269347847204081e+01
1.275170763840505117e+01
1.300380152438863490e+01
1.428774301190699347e+01
1.425341433412947723e+01
1.437738914720940286e+01
1.478824378202466150e+01
1.442888336576665864e+01
1.415478646218885395e+01
1.189575807935280771e+01
1.437841594353364805e+01
1.309525835649085579e+01
1.460637187321353636e+01
1.380944035274550075e+01
1.326400299299625729e+01
1.372812135418439539e+01
1.445615497384654091e+01
1.456958958618185029e+01
1.345900229886517430e+01
1.447320572103999048e+01
1.379604041528331670e+01
1.458417274461910296e+01
1.252722799498942940e+01
1.473075797344139737e+01
1.245665715300060583e+01
1.466603276207343143e+01
1.319014873174782743e+01
1.275170763840505117e+01
1.309724449626174092e+01
1.372081962568600133e+01
1.432072613435181907e+01
1.291459509165515662e+01
1.229099694487442207e+01
1.367091382371211594e+01
1.355891496123765094e+01
1.448467866380243407e+01
1.450675710957430731e+01
1.286309530397344147e+01
1.343767382947843458e+01
1.313910842523566380e+01
1.309724449626174092e+01
1.460428823471321991e+01
1.379560681820927392e+01
1.283060471198844965e+01
1.425658404697383652e+01
1.291459509165515662e+01
1.440025384260604646e+01
1.294570579867967730e+01
1.386269347847204081e+01
1.232109195663822376e+01
1.433660443345785396e+01
1.362861918862779476e+01
1.439386533334559104e+01
1.260016894082298755e+01
1.379599314493313678e+01
1.358100212800367679e+01
1.352639738725526719e+01
1.233213013983049322e+01
1.435847156051094942e+01
1.291459509165515662e+01
1.441236360124410609e+01
1.228418700089929594e+01
1.397333907030396460e+01
1.338119496702078948e+01
1.309724449626174092e+01
1.234135838996180823e+01
1.362408127103788935e+01
1.309724449626174092e+01
1.309525835649085579e+01
1.423504181823830272e+01
1.300380152438863490e+01
1.473255055148213799e+01
1.481001939907266340e+01
1.227335452373242397e+01
1.371623783272667119e+01
1.397416508497007470e+01
1.440641941465505127e+01
1.333085495216302085e+01
1.363348988579076071e+01
1.379323484787612841e+01
1.372198725805684916e+01
1.432219501796859973e+01
1.305267072582499566e+01
1.449489574406290160e+01
1.446699061198521186e+01
1.353063850011777980e+01
1.212337545936820504e+01
1.222914290804553694e+01
1.376289939472156654e+01
1.359299351930074806e+01
1.277388887123996497e+01
1.295653827584654749e+01
1.267765448117858185e+01
1.452795855553737070e+01
1.304183824865812547e+01
1.305267072582499566e+01
1.442359402504840205e+01
1.415382944507343410e+01
1.358741513376920373e+01
1.379604041528331670e+01
1.387493748886671519e+01
1.238238305269037376e+01
1.455879417453991387e+01
1.277388887123996497e+01
1.268989849157325622e+01
1.380218072603988233e+01
1.238238305269037376e+01
1.423934918176928477e+01
1.428150984830159231e+01
1.442359402504840205e+01
1.440641941465505127e+01
1.459283964799441691e+01
1.399011395669016977e+01
1.444790446161551678e+01
1.304183824865812547e+01
1.290113202824293204e+01
1.237131879997702022e+01
1.428228349355519988e+01
1.229099694487442207e+01
1.446358201429802826e+01
1.240237613647574477e+01
1.352405260361998529e+01
1.283060471198844965e+01
1.433476847932442055e+01
1.294570579867967730e+01
1.239154365930887280e+01
1.438041329618429565e+01
1.203586086606363281e+01
1.333085495216302085e+01
1.437841594353364805e+01
1.283060471198844965e+01
1.471325226693918609e+01
1.436605088915911566e+01
1.403576821816037246e+01
1.358245491775241653e+01
1.398323588927626915e+01
1.395470821645442783e+01
1.245946272040779412e+01
1.283060471198844965e+01
1.309525835649085579e+01
1.309724449626174092e+01
1.354484530548007548e+01
1.319337694624018908e+01
1.417191829513874879e+01
1.207814474746905908e+01
1.455879417453991387e+01
1.208843668763034351e+01
1.286309530397344147e+01
1.445593044844518715e+01
1.454096006302123989e+01
1.367962219364065035e+01
1.379604041528331670e+01
1.379078278657538270e+01
1.176532964865507935e+01
1.467448808174994568e+01
1.283060471198844965e+01
1.352667282556271822e+01
1.286309530397344147e+01
1.171024772401264791e+01
1.304183824865812547e+01
1.295653827584654749e+01
1.386269347847204081e+01
1.242489322131448759e+01
1.268989849157325622e+01
1.268989849157325622e+01
1.441412770817782274e+01
1.399703647303202025e+01
1.383382304494024773e+01
1.309724449626174092e+01
1.323596457690604744e+01
1.418884052168209386e+01
1.371568364166292397e+01
1.299840220482047215e+01
1.358741513376920373e+01
1.414520513491654796e+01
1.233213013983049322e+01
1.305267072582499566e+01
1.440025384260604646e+01
1.291459509165515662e+01
1.319337694624018908e+01
1.408738211483791680e+01
1.309724449626174092e+01
1.356802621890450666e+01
1.358741513376920373e+01
1.386269347847204081e+01
1.447019799698203180e+01
1.233930500853383272e+01
1.341366124679796457e+01
1.459283964799441691e+01
1.478519209123578548e+01
1.343419590380611695e+01
1.460428823471321991e+01
1.324679705407291941e+01
1.319337694624018908e+01
1.362459989456531062e+01
1.346922599819275490e+01
1.451901718138253194e+01
1.440641941465505127e+01
1.443881806359290465e+01
1.388541387704803576e+01
1.438041329618429565e+01
1.383673464649931617e+01
1.283060471198844965e+01
1.446358201429802826e+01
1.357665925030144294e+01
1.379604041528331670e+01
1.434942545267195158e+01
1.260016894082298755e+01
1.394921420622717356e+01
1.309724449626174092e+01
1.444346652420391131e+01
1.387902836283794983e+01
1.423504181823830272e+01
1.348998319577262350e+01
1.381682818836967463e+01
1.213264830331723232e+01
1.260016894082298755e+01
1.208843668763034351e+01
1.309525835649085579e+01
1.488197721897267911e+01
1.396567145411217226e+01
1.192894105497766155e+01
1.436765060626558821e+01
1.323596457690604744e+01
1.442888336576665864e+01
1.217656708647882446e+01
1.260819585058266945e+01
1.341565157685528575e+01
1.457466374844618251e+01
1.353863835468288279e+01
1.291459509165515662e+01
1.410575781415574603e+01
1.238540956318132658e+01
1.430434225550424543e+01
1.442359402504840205e+01
1.359937302682425653e+01
1.384862250673474371e+01
1.428228349355519988e+01
1.291459509165515662e+01
1.381919070948071138e+01
1.228102367538915196e+01
1.439386533334559104e+01
1.391334047152488651e+01
1.379560681820927392e+01
1.283060471198844965e+01
1.499144632312456871e+01
1.294570579867967730e+01
1.377665725695160859e+01
1.238238305269037376e+01
1.271155660639137785e+01
1.253835979399119260e+01
1.268989849157325622e+01
1.291459509165515662e+01
1.426517079088286266e+01
1.418884052168209386e+01
1.409963408894861558e+01
1.216955325905616014e+01
1.372812135418439539e+01
1.426062978342984877e+01
1.358741513376920373e+01
1.300380152438863490e+01
1.277388887123996497e+01
1.379323484787612841e+01
1.271155660639137785e+01
1.304183824865812547e+01
1.390605338572930805e+01
1.233213013983049322e+01
1.314994090240253577e+01
1.391334047152488651e+01
1.418884052168209386e+01
1.285226282680657128e+01
1.373516422459161745e+01
1.461672155632578729e+01
1.245946272040779412e+01
1.291459509165515662e+01
1.444346652420391131e+01
1.440025384260604646e+01
1.212337545936820504e+01
1.276305639407309300e+01
1.222968344505112270e+01
1.290113202824293204e+01
1.207814474746905908e+01
1.401150973589222204e+01
1.428030955819079040e+01
1.254308235689093642e+01
1.438106005313738933e+01
1.242489322131448759e+01
1.435602526723163486e+01
1.442359402504840205e+01
1.365252862746093676e+01
1.260819585058266945e+01
1.462397726332855186e+01
1.208843668763034351e+01
1.275170763840505117e+01
1.458861068203070843e+01
1.193743852705386566e+01
1.367271227338962269e+01
1.363782318435241336e+01
1.231595093258541418e+01
1.447320572103999048e+01
1.347402892953960318e+01
1.233052591279493804e+01
1.299840220482047215e+01
1.291459509165515662e+01
1.294570579867967730e+01
1.345889697500324012e+01
1.423881401260581825e+01
1.436804075328219987e+01
1.319337694624018908e+01
1.343419590380611695e+01
1.455306982165929952e+01
1.393767417633602790e+01
1.309724449626174092e+01
1.224167683227518033e+01
1.427619624282075961e+01
1.260016894082298755e+01
1.323596457690604744e+01
1.313910842523566380e+01
1.242489322131448759e+01
1.300380152438863490e+01
1.452795855553737070e+01
1.192452551231828295e+01
1.403232451730089636e+01
1.260016894082298755e+01
1.309724449626174092e+01
1.447097552017951649e+01
1.361700959818429446e+01
1.443881806359290465e+01
1.283060471198844965e+01
1.436866435667969100e+01
1.455306982165929952e+01
1.376856859622254881e+01
1.443881806359290465e+01
1.319337694624018908e+01
1.429225490329761250e+01
1.446358201429802826e+01
1.253694826076339019e+01
1.448327104291335843e+01
1.409963408894861558e+01
1.335818878586374048e+01
1.456430024546359547e+01
1.299840220482047215e+01
1.313910842523566380e+01
1.386426337238092543e+01
1.369541388294119599e+01
1.305267072582499566e+01
1.458861068203070843e+01
1.384534679138855751e+01
1.450675710957430731e+01
1.295653827584654749e+01
1.319014873174782743e+01
1.468419620068140574e+01
1.231595093258541418e+01
1.439386533334559104e+01
1.206964727539285498e+01
1.444790446161551678e+01
1.455879417453991387e+01
1.334168742932989105e+01
1.400449891450135631e+01
1.445213342757922348e+01
1.463637553660308832e+01
1.408789546429469475e+01
1.238652177457423598e+01
1.428228349355519988e+01
1.304183824865812547e+01
1.412727455534992949e+01
1.394950355748554749e+01
