2.370905866786254812e+00
1.430407597684710597e+00
8.162398239015596912e-01
-4.661804194255703693e-01
4.567198738394725316e-02
-1.473043495622655241e+00
1.725140960920264366e+00
5.747594354235221470e-01
5.164059358725263671e-01
2.689770138871129812e-01
-8.463514447576087063e-02
9.587735176873649623e-01
4.634968526626872531e-01
-4.958087517227260377e-01
-1.394066209062150952e+00
1.556623481043274415e+00
-4.260379252140748807e-02
2.040230261836745829e+00
-3.691392005222889350e-01
-7.761463984003137417e-01
-8.422863523093448990e-01
-7.226280465835116518e-01
1.783771262454442841e+00
-1.285025274117761018e+00
-5.622816695918506635e-01
1.971703694699451503e-01
-1.163130595865397465e+00
3.924732365336370266e-01
5.854266591311677592e-01
-4.187569438917099207e-02
-4.856445762544724931e-01
-7.456199829087412079e-02
-1.847065227789795427e+00
-7.342772856142462667e-02
-1.521165369014059632e+00
1.274393162874029484e+00
1.319957405913762871e+00
3.645587659487589116e-01
2.609129799343443690e+00
2.552008359883548128e+00
-5.272332540239549337e-01
-1.093409561852238365e+00
-9.944553594022618181e-01
-1.491838039093855262e+00
2.825166680433675581e-01
1.234480092592336931e+00
1.036726004922905231e+00
9.420960190554364955e-01
-1.456787786857874689e+00
1.175896376975154173e-01
-1.191310764592775850e+00
4.910974824655833099e-02
1.110036688674051364e+00
-1.152950970893546812e+00
1.208417562084684649e+00
-8.597492363584238184e-01
2.367524148816153140e+00
-2.843043388674024730e-01
1.941473029720969523e-01
-1.583404955466383157e+00
1.469881271546756851e+00
1.091835631188391664e+00
2.156517221953733188e+00
1.298557013764847778e-01
5.556032469936397211e-01
1.124513100878430372e+00
-3.600621375432039306e-01
8.740201116418172544e-02
-2.084100982654395029e+00
1.337759594783182404e+00
4.928509626314156455e-02
-1.712695060158085480e+00
-1.689869706033612973e+00
-4.915083036225005864e-01
-6.073852832010935288e-01
4.041389238655649363e-01
8.059162851779109182e-01
-5.504816212613409254e-01
3.470374493193807419e-01
9.403250282160193763e-01
1.773993582064863794e+00
5.952116213475144857e-01
1.396416986023617302e+00
6.129177074576330764e-01
4.404057130735960501e-01
-1.385869613739873829e+00
6.516117286627516603e-02
-1.011042422972300736e+00
-3.798275699663104632e+00
-2.494213555249691350e-01
2.191777818582762716e-01
-5.644612983290762109e-01
-4.918013967377244944e-01
7.657357951690252351e-01
-5.023569072683323755e-01
-1.477719185606861108e-01
-5.996060705981064859e-02
-1.459625950434877417e-01
1.274257474372502363e+00
1.954072623017006627e-01
-1.246811822828354510e-01
-1.282369272343548472e+00
2.053954975851126075e-01
1.061789681048803224e+00
6.523177143284980550e-01
-4.806992644387153568e-01
-1.683220621394037497e+00
-6.406985098752443486e-01
9.487270745816776818e-02
-9.870352827907944437e-01
9.126602040169806696e-01
-7.519812335958888649e-01
-1.415046840466321898e+00
2.388535965213549501e-03
6.605711690285656079e-01
1.038351332035789332e+00
2.680411045856325170e-01
-3.695490118234037724e-01
-7.838832476254531390e-01
4.357637563492393062e-01
-1.137544292197671059e+00
1.265083294505511935e+00
-5.135714324214669668e-01
1.166582068866178989e+00
1.482872638803530707e+00
1.779273628660274775e-01
1.510532947575355389e-01
4.865114512268917113e-02
3.278110713381366878e-03
-5.470483605178936282e-01
2.797296281848656196e+00
1.503910333634399521e+00
-7.014398519672301324e-01
-4.289992288958337507e-01
6.796873431559239398e-01
-6.924085927335134061e-01
1.405143661050244130e+00
4.573791485126905698e-01
-9.509051593076616182e-01
7.247405820814415423e-01
2.575797434123801022e-01
-4.417718923211839122e-01
-9.152380060523322980e-01
-1.633353669168668976e+00
8.705142394136897721e-01
7.631054038897655545e-02
1.145546435272870589e+00
5.010569943547948935e-01
-1.096638472279790055e-02
-7.931755112331068114e-01
-1.044095179630303294e+00
8.706027275588186232e-01
-3.595991817489668785e-01
-1.263340942296158564e+00
-9.061510190178899693e-01
1.660325492022180216e-01
9.044215481034616200e-02
-1.889676578621739267e-01
4.771286730384241559e-01
-9.343135161410167644e-01
-8.728009481351690912e-02
7.270655995313890507e-01
-2.561397387688598482e+00
-4.250418959791069651e-01
-5.445103765277964358e-01
-1.236607380821930224e+00
-3.134837659647879970e-01
-9.867970446542932983e-01
-1.146591043235347440e+00
-8.590783367983403362e-01
7.267452347986252947e-01
2.348117201753131544e-01
1.615987146430916122e+00
8.818447951449880362e-01
4.061797751384561561e-01
-6.997820833672919738e-01
-1.036964258307312647e+00
7.831170707239600015e-02
-3.767713449996717756e+00
-2.221450318504761601e+00
1.516754021344491221e+00
-4.242099277747981012e-01
2.130293762218394282e-01
6.277721065017485280e-01
-7.134669553323587099e-01
-5.083243707422884644e-02
-1.015548881527635894e-01
-1.214162148288866899e-01
1.005173970750650625e+00
2.185801717079711715e+00
6.888161295041879129e-01
-2.530686462409102999e-01
4.180404808902215552e-01
-7.597889672669075889e-01
1.253798981882792818e+00
-1.354647116243892224e+00
-5.705852074945132468e-01
7.834528194625345332e-01
-2.082639817041183339e-01
3.875009106987453156e-01
8.268842888667818358e-02
-2.810351793037596746e+00
3.166134073643122049e-01
-1.270867267272966172e+00
-4.189357915877175431e-01
-2.306302431396590746e-01
8.381487348954446137e-01
2.057690937293430888e+00
5.264496616926086503e-01
1.304821294877444582e-01
2.262446439421073929e+00
-2.578053911535393983e-01
2.537990734737974319e-01
8.032831734185307271e-01
-4.474673145064131385e-01
-2.749740385852553551e-02
-6.029374543520961138e-01
3.027300496369197402e-01
-3.326422562536060501e-01
-1.824382097091528987e+00
2.895251934867938415e-01
6.927782052085812436e-01
5.446927872947666671e-01
-1.582590522004351907e+00
-1.205780530826264352e+00
-6.214465164886383980e-02
-1.047223849196512013e+00
-3.517557392670199734e-01
-6.100117456000172522e-01
3.548976198101344015e-01
-1.169372292774014666e-01
2.627479138895226551e+00
1.116457508601233384e+00
-2.382835116956272259e-01
-2.502624437474735952e+00
-5.030470143885411582e-01
6.819554972372621204e-01
-1.490555877587335987e+00
1.330107706981991100e+00
-6.228731757362815369e-01
1.449571349677083898e+00
4.730091530246875453e-01
-9.513013370472044317e-01
4.972805951972734673e-01
2.748015867468671658e-01
1.937473275411489393e+00
8.568247772864581724e-02
-3.427716497119357997e-01
9.386304622008720955e-01
4.564239914464244818e-01
-4.562480305953509063e-01
1.216069476476135947e-01
7.249460072069413563e-01
5.075527545009447250e-01
-6.042422232568837037e-01
-1.527991198571000964e-01
1.925635910458299849e-01
-2.601366030297317167e+00
-1.554756944696847665e+00
5.988954717484381574e-01
-4.754929805830165335e-01
2.683739074441580108e-01
-2.394588635835981361e-01
-5.946577704692196376e-01
-2.956602556951889449e-01
4.283708816945661080e-01
-5.972543845965763154e-01
-2.855178491825319576e+00
8.935484068624883758e-01
1.827952952235205819e+00
1.278063821572008152e+00
1.221489788680959698e+00
-1.761923180793553589e+00
4.844443179822731094e-01
1.736108245021214191e+00
1.803482033248599570e-01
3.190323525875021771e-01
3.389808066327359981e-01
5.216821600570186179e-01
8.258360446543656641e-01
-1.530899844500392959e+00
-1.433402704832266839e+00
6.686621981136817716e-01
5.303541827338442705e-01
1.818894980413374052e+00
-5.965309010804300399e-02
1.096981673587243689e-01
-1.063586446592539730e-01
-3.053278153592946520e-01
1.043833656902327212e+00
-4.497899842613328758e-01
-7.563553000129087656e-02
-1.311270832328556679e+00
-5.787912071438077177e-01
-6.691905737353186501e-01
7.454950285660406628e-01
6.442286304875687319e-01
9.134150728674717001e-01
1.880661885485834128e+00
6.418654073025019668e-01
-4.672903733236180926e-03
1.297914995905171398e-01
-1.207504801833077179e+00
1.837584047541965804e+00
8.777051831527006576e-02
-1.242374849391386822e-02
2.120285690153183578e-01
1.046461926958170086e+00
-5.262680492185283221e-01
4.327551543582752736e-01
-6.807310640617101338e-01
1.341024452878311735e+00
-2.281451124678717801e-01
2.893340767424074089e-02
1.550604568823331364e-01
1.287820828368653858e+00
-5.295103743474233182e-02
1.343177924086942365e+00
-1.667884859826612165e-01
-1.852673688777473071e+00
2.524182761134323716e-01
1.226852149250952539e+00
-2.805815946711613940e-01
3.145047715350896556e-01
4.639601609837811225e-01
-2.605969576660726594e-01
1.388885772715010791e+00
8.674468328206063061e-01
-5.865936120710640855e-01
-5.533595606046402132e-02
4.943490553766791695e-01
-1.003321275757177444e+00
1.851805098604346611e-01
-6.100117456000172522e-01
1.411048426699178793e-01
9.320989245829703895e-01
-2.480747961568771920e-01
6.191899750879008568e-01
5.996048484896977504e-01
1.060689627937104196e-01
2.883337745855157896e-01
1.991267658661486917e-01
-2.114553318319607744e-01
-4.872733149838741062e-01
-2.437961947539766042e-02
-1.722911182604773161e+00
1.415781695048883848e-01
-6.454981916953551613e-01
-7.992974078106075408e-01
6.427093487963873031e-01
5.284771974224361513e-01
-7.733404378711012939e-01
1.384905870107017600e+00
1.301528293435628036e+00
1.361398270682637746e+00
6.731924519338837731e-01
1.453867883400390137e-01
7.860797521884818062e-01
1.040931287591344012e-01
-9.507321007351360320e-01
-1.177471713721101265e+00
7.366262091023753067e-01
-3.313194857818622108e-01
1.938830181857871815e-01
2.615294035850041499e-01
-2.943592385979336146e-01
-5.127283234095592057e-01
-2.298627073617090788e-01
1.807021797875578706e+00
6.502029579240477253e-02
-1.491871545965365864e-01
-1.762685089345928102e-01
-4.151117952667434108e-01
1.003244242597826297e+00
-5.032202488838120186e-02
4.085128624253135943e-01
-6.069707192153007691e-01
-2.944651518928342315e-01
-1.088273587184042102e+00
9.442122381892342764e-01
3.095954320031911178e-01
9.367144419198881744e-01
-2.492146084579720255e-01
3.134214159807502953e-01
-7.574055443705091095e-01
-7.610232334776452223e-01
2.464508851557447033e-01
6.916055075596269086e-01
4.625519685427141314e-01
6.814315604003410298e-01
-4.443856108930006599e-01
-5.367786209500386985e-01
1.091021464215658376e+00
-1.155891380877388741e+00
8.990803191522409588e-01
2.876113705286446609e-01
-1.267018755899681215e-01
-1.837225438677436928e+00
-1.441073264806050011e-02
-8.589031418966799336e-01
-1.566088802992725348e+00
8.866222344412204581e-01
5.975780595966684317e-01
1.036124174082947436e+00
4.667047953986529218e-02
1.468736400323963798e+00
-3.932663433790117846e+00
-7.199063969493489923e-01
2.553491238844608491e-01
-7.535845587786343946e-01
-2.220794764189221171e-01
-1.560538581458399188e+00
-3.854734797953062730e-01
4.769373973982070636e-01
3.265425440493238685e-01
6.267955951934404135e-01
2.493065692819120827e-01
9.552475401864546356e-01
1.855150011572975099e+00
-2.298249994933433127e-01
-4.144968427415883228e-01
-1.454386982166269160e-01
-3.153391544016248105e+00
-1.117255734901911657e+00
1.438958948926625458e+00
-1.785331185765167694e+00
-5.443180653446255679e-01
1.063849252737870010e+00
-3.913481755864431033e+00
7.409223934756143937e-01
6.321660802180147087e-02
-1.956728118963981800e-01
7.988588586382250334e-01
-2.308147798032754439e-03
3.785954756170816782e-01
6.823372390625209727e-01
