-2.958705939669137308e-02
1.189428699794433442e+00
9.012251185103075102e-01
-2.501333009785362549e-01
4.696710425634620378e-01
9.026537367137414947e-01
3.069495241561988053e-01
9.181375047729964933e-01
1.321571281430427902e+00
4.532089699143977413e-01
8.694488039871366425e-01
1.189428699794433442e+00
3.473598354426652435e-01
3.983731895630704400e-01
1.861318707326216071e-01
8.412469998254401560e-02
6.053467568786530251e-02
-2.171547768698687264e-01
5.698750666731218217e-01
-2.280109273560917416e-01
1.575814032314024615e-01
-2.171547768698687264e-01
4.946806004311348204e-01
3.783321673371169425e-01
9.711303300482345691e-01
4.802845738771210904e-03
2.485999483422638434e-01
8.251169899005788011e-01
-9.584669184038041578e-02
9.012251185103075102e-01
-5.063559872658416339e-01
4.522911914867542293e-01
9.026537367137414947e-01
6.244195207733262976e-01
6.493232530313939321e-01
8.694488039871366425e-01
5.698750666731218217e-01
6.966160969381718360e-01
7.220854319573390967e-01
8.016300033768288813e-01
1.729938807318323057e+00
6.569002130588863508e-01
-2.280109273560917416e-01
9.012251185103075102e-01
1.585870355706404666e-01
4.498083286753704613e-01
6.966160969381718360e-01
4.522911914867542293e-01
6.853141120013415133e-01
2.485999483422638434e-01
9.026537367137414947e-01
6.569002130588863508e-01
1.457220631222888585e-02
7.494656496983829186e-01
6.853141120013415133e-01
3.069495241561988053e-01
4.852697155954217578e-01
1.213561910399603150e+00
9.711303300482345691e-01
6.760150370349702342e-01
1.980302681153922606e-02
1.907413008972849155e-01
1.942923721025771044e-01
1.737231457649830446e-01
-4.454200919704991435e-01
6.028535907817911266e-01
6.921013472901176300e-01
1.704612842668602468e-01
9.848196782222995438e-01
1.321571281430427902e+00
4.532089699143977413e-01
7.744840882452557196e-01
8.658641179432162716e-01
8.007989018880881105e-01
9.885363045157511408e-01
1.772982789031678053e+00
6.205079683284431269e-01
7.973445868759139188e-01
-4.454200919704991435e-01
1.996534020523668573e+00
9.711303300482345691e-01
1.439827507400256223e+00
2.171163784830234533e-01
1.674968560046306010e-01
1.174280064131902890e+00
4.696710425634620378e-01
8.251169899005788011e-01
9.385449261375526930e-01
3.454210963304191750e-01
1.204054667415331181e+00
7.494656496983829186e-01
4.951708563159407106e-01
1.639552887999645492e+00
1.165323786230345604e-01
1.501777009002804419e+00
1.138331147621796546e+00
4.532089699143977413e-01
9.026537367137414947e-01
3.638972968842288935e-01
1.022339408432991092e+00
6.569002130588863508e-01
1.922697784674891608e-01
3.244225743744078017e-01
-1.129666119020633630e-01
1.164413333116993243e+00
1.080536785425358914e+00
5.698750666731218217e-01
1.974194831668896200e-01
1.017798202330968849e+00
9.026537367137414947e-01
6.244195207733262976e-01
3.657223408583849533e-01
5.499626648005815355e-01
8.054244076661358775e-01
6.569002130588863508e-01
7.476041929133643293e-01
7.310232392502769017e-01
1.321571281430427902e+00
1.718545252073688800e-02
9.251398456033257389e-01
1.582358810289896667e-02
7.731720477235874966e-01
2.815784724509331483e-01
1.682597514170094399e-01
-8.848473214730745440e-02
9.084271007323359015e-01
2.878489099990719779e-01
1.085392261931117375e+00
6.569002130588863508e-01
6.966160969381718360e-01
-1.007005370109101960e-01
5.687401112472247888e-01
-2.932880172990905976e-01
9.026537367137414947e-01
-4.702761834073143632e-02
2.908989202886242964e-01
9.026537367137414947e-01
9.711303300482345691e-01
9.237778608100217781e-01
7.744840882452557196e-01
1.642061743404054752e+00
2.042158447620524342e+00
-6.772201290224089121e-02
1.100232195091130905e-01
4.014670613186517301e-01
7.220854319573390967e-01
1.342940169193930444e+00
-2.875095209281042230e-02
1.243617595159566491e+00
1.116962259858294004e+00
1.037070445615023928e+00
8.364702798784673377e-01
1.181941487717290684e+00
3.949601778719227241e-01
2.355194366927495508e-01
4.263585386678769851e-02
1.693462425046643460e-01
1.268079871676413006e-01
2.706934140248691278e-01
4.522911914867542293e-01
6.980447151416075968e-01
3.661165623573605643e-01
1.003397685877480683e+00
8.694488039871366425e-01
8.364702798784673377e-01
6.458270330410655902e-01
6.568670110482326407e-01
9.696710425597707683e-01
1.204054667415331181e+00
1.300808362301514975e+00
3.436270182204772539e-01
8.758055415106618113e-01
4.522911914867542293e-01
3.453536432284476376e-01
3.727798493463474472e-01
3.436270182204772539e-01
7.881328862511303157e-01
8.420958709122370323e-01
6.458270330410655902e-01
7.220854319573390967e-01
6.992896220032669419e-01
6.291893219531150550e-01
5.197425729796165683e-01
8.694488039871366425e-01
6.648397824150027446e-01
5.728402300532664526e-02
1.858108455786808832e+00
1.922697784674891608e-01
4.198104992011941761e-01
1.421632348670343049e-02
-8.669845326077663117e-02
5.499626648005815355e-01
9.441398669501559482e-01
7.310232392502769017e-01
4.719484759537095897e-02
8.244537105759803808e-01
-9.767107426287324756e-02
1.342940169193930444e+00
1.996534020523668573e+00
5.499626648005815355e-01
1.609908303051943435e+00
8.759277638532267929e-01
5.004844748060328641e-01
-3.088816140510708408e-02
6.215286825981287677e-01
3.751618198897972434e-01
7.696945087879925040e-02
5.499626648005815355e-01
9.711303300482345691e-01
9.026537367137414947e-01
1.310073306157413242e-01
1.041079301450601236e+00
6.840361479377392584e-01
-2.171547768698687264e-01
8.758055415106618113e-01
-3.526277906746955182e-02
5.698750666731218217e-01
1.160826682917937447e+00
9.522132144855000035e-01
2.542912691137644288e-02
1.204054667415331181e+00
1.951648906258895977e-01
-4.349568831699848204e-01
1.546727194178924236e+00
5.499626648005815355e-01
2.335363225698028344e-01
5.698750666731218217e-01
-5.063559872658416339e-01
8.694488039871366425e-01
6.980447151416075968e-01
1.321571281430427902e+00
1.039084845612237018e-01
3.453536432284476376e-01
3.453536432284476376e-01
1.161044744430965281e+00
6.369382131247061096e-01
2.461645153894131965e-01
9.026537367137414947e-01
1.175739351620368467e+00
1.729938807318323057e+00
3.596671334219401217e-01
8.131891807588349508e-01
9.696710425597707683e-01
8.112536697495240645e-01
2.878489099990719779e-01
8.364702798784673377e-01
7.476041929133643293e-01
6.569002130588863508e-01
1.041079301450601236e+00
5.689773413904219979e-01
9.026537367137414947e-01
-1.029164224287324458e-01
9.696710425597707683e-01
1.321571281430427902e+00
3.701635995541110447e-01
2.428371018455770525e-01
1.904317955771119841e-01
6.992896220032669419e-01
1.765587977102338613e+00
1.963362493516065399e-01
6.244195207733262976e-01
1.142760827511699162e+00
1.041079301450601236e+00
-3.901605035716393388e-02
8.547541820621571418e-01
1.309402693425578690e+00
7.220854319573390967e-01
5.700224337883739167e-01
3.089027730365696556e-01
8.244537105759803808e-01
4.684895769172641167e-01
5.499626648005815355e-01
4.198104992011941761e-01
-9.333018209887811167e-02
1.204054667415331181e+00
1.063111001399045463e+00
2.815784724509331483e-01
3.887050196461832030e-01
9.026537367137414947e-01
5.448566281262507971e-01
5.105342860853987474e-01
9.237778608100217781e-01
-1.866407492473829421e-01
2.258753156816286634e-01
-2.723310344743747891e-01
2.815784724509331483e-01
-3.526277906746955182e-02
9.711303300482345691e-01
2.358652099251925094e+00
5.595081220281254986e-01
-2.280109273560917416e-01
1.097738246190038680e+00
1.175739351620368467e+00
6.205079683284431269e-01
1.069379473092606503e-01
2.881628760864991534e-01
8.081297205062600852e-01
7.998486794554615642e-01
2.396145532172866410e-01
6.569002130588863508e-01
5.937262645743750511e-01
-1.012295667823792655e-02
1.013551459045991976e+00
6.458270330410655902e-01
-1.402196285263812570e-02
4.801159613167964579e-01
1.858108455786808832e+00
6.569002130588863508e-01
4.516165206396536291e-01
2.297026074142003438e-01
7.731720477235874966e-01
4.975600942481968048e-01
3.657223408583849533e-01
5.499626648005815355e-01
2.409646046736531488e+00
7.310232392502769017e-01
1.439642838662162916e-01
3.436270182204772539e-01
3.982445692096572287e-01
1.737231457649830446e-01
3.453536432284476376e-01
6.569002130588863508e-01
8.292712372240877983e-01
1.729938807318323057e+00
1.612354932131953689e+00
-1.544450449427277050e-01
1.174280064131902890e+00
9.566414653849477645e-01
9.696710425597707683e-01
7.744840882452557196e-01
4.522911914867542293e-01
1.243617595159566491e+00
3.982445692096572287e-01
8.694488039871366425e-01
4.890863761662291864e-01
2.878489099990719779e-01
9.848196782222995438e-01
4.975600942481968048e-01
1.729938807318323057e+00
6.028535907817911266e-01
9.256248456443927353e-02
5.253420218556357213e-01
7.696945087879925040e-02
6.569002130588863508e-01
5.448566281262507971e-01
7.476041929133643293e-01
4.263585386678769851e-02
4.852697155954217578e-01
-4.552427940640413340e-02
6.648397824150027446e-01
-2.171547768698687264e-01
4.526225706030171381e-01
8.537462658646415292e-01
2.188253450588355520e-01
1.024160253997363768e+00
1.039084845612237018e-01
9.804976585171178982e-01
6.458270330410655902e-01
1.039008573587432593e+00
2.881628760864991534e-01
4.516074976021933196e-01
-3.526277906746955182e-02
4.532089699143977413e-01
7.243515945517522425e-01
-4.217637984420008479e-01
2.415321287965959129e-01
3.003622470093940677e-01
-8.807664294909933744e-02
3.454210963304191750e-01
-2.030605210965816809e-01
-1.404909423206213148e-02
8.131891807588349508e-01
6.569002130588863508e-01
7.310232392502769017e-01
2.045613886857022834e-01
7.872881187996494390e-01
1.001336456470683700e+00
1.041079301450601236e+00
1.963362493516065399e-01
9.012251185103075102e-01
3.523167290997690770e-01
9.026537367137414947e-01
1.390179966483433560e-01
8.342333572757656412e-01
2.815784724509331483e-01
1.175739351620368467e+00
1.017798202330968849e+00
1.039084845612237018e-01
7.744840882452557196e-01
1.003397685877480683e+00
-2.872564537592534606e-01
6.770247360432222195e-01
2.815784724509331483e-01
9.026537367137414947e-01
1.240437176690669219e+00
1.907413008972849155e-01
5.700224337883739167e-01
5.499626648005815355e-01
1.090798771007710499e+00
9.012251185103075102e-01
4.049446114801380503e-01
5.700224337883739167e-01
1.041079301450601236e+00
9.824878591871382127e-01
4.198104992011941761e-01
1.615075407852266665e-01
2.469984760300576454e-01
1.612354932131953689e+00
1.784239095635502537e-01
8.504360546131977117e-01
8.131891807588349508e-01
1.017798202330968849e+00
2.829791191923245464e-01
4.431259315485291950e-02
8.364702798784673377e-01
7.243515945517522425e-01
2.312017200593814437e-01
1.080536785425358914e+00
6.980447151416075968e-01
1.138331147621796546e+00
1.562380919711625182e+00
-8.807664294909933744e-02
7.731720477235874966e-01
-2.340190578395784371e-02
5.197425729796165683e-01
8.758055415106618113e-01
1.309961645085261139e+00
6.066446481773901667e-01
4.946806004311348204e-01
1.442228013107097695e+00
5.602657302265559025e-01
2.905618347438068128e-01
1.858108455786808832e+00
8.694488039871366425e-01
6.175163326796013763e-01
5.845309732607457676e-01
