1.067541080144132959e+00
-1.306136657447186211e+00
-1.146560552188258031e+00
2.252787472960701365e+00
9.140849969191273683e-01
-5.971638340768200548e-01
7.695994950332712969e-01
-5.585466667709889643e-01
-9.017138841121999926e-01
5.139656796147479279e-01
-4.398726926080301913e-01
-1.306136657447186211e+00
6.817855956528018346e-01
4.060809156428116795e-01
7.341234803642044948e-01
8.917869084715304151e-01
9.282479148114334278e-01
1.854252495275756862e+00
2.255405984218706583e-01
1.213881406670116014e+00
1.244824149147110814e+00
1.854252495275756862e+00
7.946658163863239421e-01
5.970123924189894016e-01
-6.545509379118474858e-01
1.014387656751703171e+00
1.019805639117163487e+00
-7.831486758748781307e-01
1.169952711791072408e+00
-1.146560552188258031e+00
1.593897061611540433e+00
5.162346362770899866e-01
-5.971638340768200548e-01
1.751700367147550896e-01
5.625616729721794051e-02
-4.398726926080301913e-01
2.255405984218706583e-01
-1.695644047534921317e-01
-2.911789943754801713e-01
-3.053692553883808336e-01
-1.459245075279792081e+00
1.039467677467875543e-02
1.213881406670116014e+00
-1.146560552188258031e+00
7.766970867720250915e-01
3.265821872887929578e-01
-1.695644047534921317e-01
5.162346362770899866e-01
-5.260822345301391367e-02
1.019805639117163487e+00
-5.971638340768200548e-01
1.039467677467875543e-02
9.992880233915971688e-01
-4.219179375725370940e-01
-5.260822345301391367e-02
7.695994950332712969e-01
3.712372087991963610e-01
-1.200520663118748388e+00
-6.545509379118474858e-01
-2.304544024563173754e-02
9.912032085136713855e-01
1.022126558042038225e+00
7.215105178479322978e-01
1.028999474300934081e+00
2.336184653533110556e+00
1.229846404234510582e-01
-4.790862193938184160e-02
1.066196184905189304e+00
-8.002966979447706519e-01
-9.017138841121999926e-01
5.139656796147479279e-01
-2.802993610805449287e-01
-3.164783106891674302e-01
-2.159127824193078360e-01
-5.060818192094996837e-01
-1.718531110823906083e+00
1.938474715598876852e-01
-2.960568021695217933e-01
2.336184653533110556e+00
-1.823219038328846242e+00
-6.545509379118474858e-01
-1.692208644125009043e+00
6.862334773945588662e-01
1.072638055726096162e+00
-7.006218711015604894e-01
9.140849969191273683e-01
-7.831486758748781307e-01
-3.787801869463743309e-01
1.507371245276766691e+00
-7.412721897062513055e-01
-4.219179375725370940e-01
2.265443249452157581e-01
-1.512300358083266127e+00
1.149745238189601615e+00
-1.299352413018085128e+00
-1.007558800013443889e+00
5.139656796147479279e-01
-5.971638340768200548e-01
6.458487535744728003e-01
-7.849833160307690960e-01
1.039467677467875543e-02
6.400855299458177994e-01
7.316295654562734452e-01
1.196413452403724431e+00
-7.779193287757665276e-01
-2.002763306201958304e+00
2.255405984218706583e-01
1.007614489037909955e+00
-7.530799167914536962e-01
-5.971638340768200548e-01
1.751700367147550896e-01
6.418828294622983544e-01
2.747685771268594812e-01
-2.230620160695970799e-01
1.039467677467875543e-02
-4.130295899639821466e-01
-1.476174669631787617e-01
-9.017138841121999926e-01
1.591914817369426638e+00
-4.080955407106361954e-01
9.973538736495999313e-01
-5.351146058436597741e-01
8.012866027838705385e-01
7.617468285869118949e-01
1.158573984253950195e+00
-3.376612780981773643e-01
5.095943824489523877e-01
-9.220007444164364241e-01
1.039467677467875543e-02
-1.695644047534921317e-01
1.883355750483745705e+00
2.007136948077128391e-01
1.475120240632183943e+00
-5.971638340768200548e-01
1.750664108649526263e+00
8.044783679781326580e-01
-5.971638340768200548e-01
-6.545509379118474858e-01
-5.708034804835633302e-01
-2.802993610805449287e-01
-2.131675114101725832e+00
-2.134572030144593846e+00
1.538757982140757541e+00
8.517578659891390513e-01
4.012989927297206938e-01
-2.911789943754801713e-01
-1.439545881895388568e+00
1.066248783310232762e+00
-7.952861962885868774e-01
-6.223676964526468902e-01
-8.169946956933210602e-01
-4.335433012769875916e-01
-8.050110412735957954e-01
1.270825019496383712e+00
9.248211281651637083e-01
8.443759667045248607e-01
6.713823042996026613e-01
8.258151406927753957e-01
8.483860795866564608e-01
5.162346362770899866e-01
-9.132387457440442613e-02
7.292778861495328169e-01
-1.634428603773923738e+00
-4.398726926080301913e-01
-4.335433012769875916e-01
7.295041388952155925e-02
6.549963649588185985e-03
-4.212756834420098850e-01
-7.412721897062513055e-01
-8.733669311832419346e-01
4.334423058357597114e-01
-1.025183554208138892e+00
5.162346362770899866e-01
7.806085366292750960e-01
6.265464630620152242e-01
4.334423058357597114e-01
-1.963360464790823712e-01
-2.797418412875483651e-01
7.295041388952155925e-02
-2.911789943754801713e-01
-1.823303310484249151e-01
6.935412994502872241e-02
6.749963588089116229e-01
-4.398726926080301913e-01
-7.885610726085486369e-03
1.492782046418372532e+00
-1.634231018706114424e+00
6.400855299458177994e-01
1.152166184149503891e+00
1.599255178506941100e+00
1.155813091556551431e+00
2.747685771268594812e-01
-4.374621869731132318e-01
-1.476174669631787617e-01
1.296136230450807503e+00
-7.799815557751550443e-01
1.035932551913188115e+00
-1.439545881895388568e+00
-1.823219038328846242e+00
2.747685771268594812e-01
-2.061803863771569656e+00
-1.025767158767209475e+00
2.482565670066330110e-01
1.069552078012770524e+00
8.600113394210318063e-02
4.419566691496001898e-01
1.233273684665815217e+00
2.747685771268594812e-01
-6.545509379118474858e-01
-5.971638340768200548e-01
1.151931864878567024e+00
-9.393832607794031508e-01
-3.544295929120971911e-02
1.854252495275756862e+00
-1.025183554208138892e+00
9.507284919591556527e-01
2.255405984218706583e-01
-7.723757619691699050e-01
-1.390025737398747907e+00
9.825074450482914612e-01
-7.412721897062513055e-01
7.201619434245750684e-01
1.496418136302014590e+00
-1.924507729178815296e+00
2.747685771268594812e-01
9.291305476798495944e-01
2.255405984218706583e-01
1.593897061611540433e+00
-4.398726926080301913e-01
-9.132387457440442613e-02
-9.017138841121999926e-01
1.377515790981330257e+00
7.806085366292750960e-01
7.806085366292750960e-01
-1.086397881548840871e+00
5.251534974290260338e-02
6.413363509365265225e-01
-5.971638340768200548e-01
-1.086538019793792165e+00
-1.459245075279792081e+00
6.550411388052386208e-01
-3.210928349095089618e-01
-4.212756834420098850e-01
-3.262820284806803306e-01
5.095943824489523877e-01
-4.335433012769875916e-01
-4.130295899639821466e-01
1.039467677467875543e-02
-9.393832607794031508e-01
1.423932236045292454e-01
-5.971638340768200548e-01
1.180879766743765158e+00
-4.212756834420098850e-01
-9.017138841121999926e-01
1.389227235097250546e+00
5.710475721017318484e-01
1.022799130664671985e+00
-1.823303310484249151e-01
-1.707101606501655100e+00
1.009968417583188005e+00
1.751700367147550896e-01
-1.190763080836636512e+00
-9.393832607794031508e-01
1.082114634409875098e+00
-2.643833498041414098e-01
-1.408788122815526789e+00
-2.911789943754801713e-01
4.349129552215795225e-01
5.443673957013493991e-01
-7.799815557751550443e-01
4.185637943054059118e-01
2.747685771268594812e-01
1.152166184149503891e+00
1.166063166087635272e+00
-7.412721897062513055e-01
-8.735823010007663925e-01
8.012866027838705385e-01
4.210241475882913753e-01
-5.971638340768200548e-01
5.550782098622117910e-01
3.271982555893461764e-01
-5.708034804835633302e-01
1.310285026051934976e+00
6.726955657442857950e-01
1.970745064022702220e+00
8.012866027838705385e-01
9.507284919591556527e-01
-6.545509379118474858e-01
-2.623748170640328947e+00
2.207753312207703378e-01
1.213881406670116014e+00
-9.488292687448016682e-01
-1.086538019793792165e+00
1.938474715598876852e-01
7.565863642536351241e-01
9.219970986423943193e-01
-2.007284557665021396e-01
-6.624939668724127984e-01
9.159222075929425166e-01
1.039467677467875543e-02
1.041410101331155663e-01
1.417150205385962369e+00
-7.658866033684975649e-01
7.295041388952155925e-02
1.043483492212697650e+00
3.932990013029052379e-01
-1.634231018706114424e+00
1.039467677467875543e-02
4.552299030047295969e-01
5.889796794841387628e-01
-5.351146058436597741e-01
3.553919106309622600e-01
6.418828294622983544e-01
2.747685771268594812e-01
-2.702564988262357915e+00
-1.476174669631787617e-01
7.992981759418275045e-01
4.334423058357597114e-01
5.549717223053958204e-01
1.028999474300934081e+00
7.806085366292750960e-01
1.039467677467875543e-02
-2.599199435069673991e-01
-1.459245075279792081e+00
-1.298711551336571901e+00
1.721854647455276943e+00
-7.006218711015604894e-01
-6.422179579659126336e-01
-4.212756834420098850e-01
-2.802993610805449287e-01
5.162346362770899866e-01
-7.952861962885868774e-01
5.549717223053958204e-01
-4.398726926080301913e-01
3.738057808373413393e-01
5.095943824489523877e-01
-8.002966979447706519e-01
3.553919106309622600e-01
-1.459245075279792081e+00
1.229846404234510582e-01
8.787453739104736927e-01
6.482593169248618281e-01
1.233273684665815217e+00
1.039467677467875543e-02
5.550782098622117910e-01
-4.130295899639821466e-01
8.443759667045248607e-01
3.712372087991963610e-01
1.746947513458290135e+00
-7.885610726085486369e-03
1.854252495275756862e+00
3.222324633765080715e-01
-2.977488224977294373e-01
1.093415219004529870e+00
-5.611425953950696099e-01
1.377515790981330257e+00
-4.936571977229284314e-01
7.295041388952155925e-02
-5.159400086290338860e-01
9.219970986423943193e-01
1.000337370839758044e+00
9.507284919591556527e-01
5.139656796147479279e-01
-3.019997886258541930e-01
2.286239577157697767e+00
9.117552070523575747e-01
7.839140220474322129e-01
1.581732320071546294e+00
1.507371245276766691e+00
1.335663609728444667e+00
1.425439383897799006e+00
-3.210928349095089618e-01
1.039467677467875543e-02
-1.476174669631787617e-01
9.920947231007474221e-01
-1.950303644238444711e-01
-5.258658777484217506e-01
-9.393832607794031508e-01
1.009968417583188005e+00
-1.146560552188258031e+00
4.772662979030885544e-01
-5.971638340768200548e-01
7.127884934953127027e-01
-2.675894519569607111e-01
8.012866027838705385e-01
-1.086538019793792165e+00
-7.530799167914536962e-01
1.377515790981330257e+00
-2.802993610805449287e-01
-1.634428603773923738e+00
2.002256813960209936e+00
-3.459493914166653084e-02
8.012866027838705385e-01
-5.971638340768200548e-01
-1.258922141721002363e+00
1.022126558042038225e+00
4.349129552215795225e-01
2.747685771268594812e-01
-9.337493954150875020e-01
-1.146560552188258031e+00
5.566506098578514194e-01
4.349129552215795225e-01
-9.393832607794031508e-01
-6.983836382697331535e-01
1.152166184149503891e+00
1.235117845651948487e+00
1.977333518274523749e+00
-1.298711551336571901e+00
1.048892948321557883e+00
-9.040457335452273258e-01
-3.210928349095089618e-01
-7.530799167914536962e-01
5.844352860672650252e-01
9.533209476618496048e-01
-4.335433012769875916e-01
-3.019997886258541930e-01
6.644630153509426540e-01
-2.002763306201958304e+00
-9.132387457440442613e-02
-1.007558800013443889e+00
-1.958524162982393735e+00
1.581732320071546294e+00
-5.351146058436597741e-01
9.345352190105630230e-01
6.749963588089116229e-01
-1.025183554208138892e+00
-1.604121466211468228e+00
1.183449852857059448e-01
7.946658163863239421e-01
-1.207312816544333645e+00
1.558579876042908430e-01
5.058905126047688050e-01
-1.634231018706114424e+00
-4.398726926080301913e-01
6.737081383420601144e-02
1.663992556499376552e-01
