1.369822924626852689e+01
1.475653448149699010e+01
1.704378728231451845e+01
1.352650905451034369e+01
1.695042317163587597e+01
1.454336919223904800e+01
1.499800403347860644e+01
1.574837443819285809e+01
1.574024622038360732e+01
1.416728728140709315e+01
1.460869686244770094e+01
1.475653448149699010e+01
1.505757049656850199e+01
1.421472769979671114e+01
1.403899176175176500e+01
1.394969856743215786e+01
1.392848441128024994e+01
1.354894192529858543e+01
1.437941644658146068e+01
1.386856064191051097e+01
1.387022569427898411e+01
1.354894192529858543e+01
1.695436718474111615e+01
1.421355638878841887e+01
1.476369435050098744e+01
1.387738290131702001e+01
1.410491474599673900e+01
1.703459874046960820e+01
1.378091378838167458e+01
1.704378728231451845e+01
1.364387912916379264e+01
1.428257650669059764e+01
1.454336919223904800e+01
1.700454392383404567e+01
1.700873008943876386e+01
1.460869686244770094e+01
1.437941644658146068e+01
1.698141474690416430e+01
1.698421677676488173e+01
1.554009036260241317e+01
1.609594590958399252e+01
1.434494904210095356e+01
1.386856064191051097e+01
1.704378728231451845e+01
1.401524067228538684e+01
1.415150031989228552e+01
1.698141474690416430e+01
1.428257650669059764e+01
1.543292419791480974e+01
1.410491474599673900e+01
1.454336919223904800e+01
1.434494904210095356e+01
1.374653236853205307e+01
1.702425870683529396e+01
1.543292419791480974e+01
1.499800403347860644e+01
1.430500937747884294e+01
1.588230313090428147e+01
1.476369435050098744e+01
1.442766419289151969e+01
1.389128084556761067e+01
1.505899151924895563e+01
1.404598130229381070e+01
1.415118385337806473e+01
1.343996395329804372e+01
1.440184931736970597e+01
1.443944823316704174e+01
1.461041846550812906e+01
1.469416194608663595e+01
1.574024622038360732e+01
1.416728728140709315e+01
1.444178898199181660e+01
1.456302473426462285e+01
1.443068083666159929e+01
1.456796595970277153e+01
1.505893534171447001e+01
1.697222620505925406e+01
1.565000383562143682e+01
1.343996395329804372e+01
1.630279345466199103e+01
1.476369435050098744e+01
1.605206118035896168e+01
1.394690766670083093e+01
1.457575979973908709e+01
1.559194886011876235e+01
1.695042317163587597e+01
1.703459874046960820e+01
1.529255383779793576e+01
1.692890016867593772e+01
1.575907167358891492e+01
1.702425870683529396e+01
1.435970519172292192e+01
1.498450308796253339e+01
1.396972898964222054e+01
1.490380496556199930e+01
1.487368402915961951e+01
1.416728728140709315e+01
1.454336919223904800e+01
1.508026272835311765e+01
1.583030884070302946e+01
1.434494904210095356e+01
1.421099812045766875e+01
1.502457552030846522e+01
1.376386140803476721e+01
1.468942755455752192e+01
1.706058895307080547e+01
1.437941644658146068e+01
1.476420846655707209e+01
1.471659481687487769e+01
1.454336919223904800e+01
1.700454392383404567e+01
1.525694717107414711e+01
1.425349605341053127e+01
1.443416053119896780e+01
1.434494904210095356e+01
1.698688663707349633e+01
1.450342952761693738e+01
1.574024622038360732e+01
1.369105554748490583e+01
1.452250282593492514e+01
1.374786999266774146e+01
1.698942327132501973e+01
1.412734761678498074e+01
1.402360960588935157e+01
1.378818291143738861e+01
1.546201008646080410e+01
1.418198445628955007e+01
1.578072292065705007e+01
1.434494904210095356e+01
1.698141474690416430e+01
1.374436397081195338e+01
1.545224022496042871e+01
1.356719681237820296e+01
1.454336919223904800e+01
1.380785315886862819e+01
1.497224171922718838e+01
1.454336919223904800e+01
1.476369435050098744e+01
1.564665753955642913e+01
1.444178898199181660e+01
1.619395255752975871e+01
1.523166995789852507e+01
1.376679684160019690e+01
1.384453397591338764e+01
1.421720300750248889e+01
1.698421677676488173e+01
1.493605656456997366e+01
1.384587616434912860e+01
1.566382558185650709e+01
1.567787368497325140e+01
1.574135988855866231e+01
1.458626399165945919e+01
1.470116264123270966e+01
1.693786573132671691e+01
1.486776099006095642e+01
1.398376159854436551e+01
1.408547272613312451e+01
1.398751833405784595e+01
1.493747833208177944e+01
1.428257650669059764e+01
1.448099665682869208e+01
1.408608929279143140e+01
1.705419815842481768e+01
1.460869686244770094e+01
1.458626399165945919e+01
1.697541840454636386e+01
1.441356014555040765e+01
1.552957632470840821e+01
1.575907167358891492e+01
1.584528044559235127e+01
1.422831363072263322e+01
1.704085413940668303e+01
1.428257650669059764e+01
1.419112351800017535e+01
1.526420055095011996e+01
1.422831363072263322e+01
1.450857750253600997e+01
1.446157188385013725e+01
1.697541840454636386e+01
1.698421677676488173e+01
1.701673972015147029e+01
1.537861250606092689e+01
1.695818853683913119e+01
1.460869686244770094e+01
1.454632432703734679e+01
1.374709093505735424e+01
1.619752611983122392e+01
1.421099812045766875e+01
1.694217138842369152e+01
1.387541939711623229e+01
1.363196028980465080e+01
1.425349605341053127e+01
1.461651144423734294e+01
1.450342952761693738e+01
1.389785226790447581e+01
1.699409263563683936e+01
1.397289916828583145e+01
1.493605656456997366e+01
1.630279345466199103e+01
1.425349605341053127e+01
1.617199644850050788e+01
1.699821641766045133e+01
1.419372735966375565e+01
1.369677102385547585e+01
1.537104105200969961e+01
1.419608072453004866e+01
1.406497508137462660e+01
1.425349605341053127e+01
1.476369435050098744e+01
1.454336919223904800e+01
1.497854641836523726e+01
1.464863652706981334e+01
1.443354744547751878e+01
1.354894192529858543e+01
1.704085413940668303e+01
1.402310019072276859e+01
1.437941644658146068e+01
1.475769022656202623e+01
1.704925917248385403e+01
1.389646527251075270e+01
1.575907167358891492e+01
1.392645037795405294e+01
1.370207314824197553e+01
1.612819282981610058e+01
1.425349605341053127e+01
1.486333039573521120e+01
1.437941644658146068e+01
1.364387912916379264e+01
1.460869686244770094e+01
1.448099665682869208e+01
1.574024622038360732e+01
1.380673650622230753e+01
1.419112351800017535e+01
1.419112351800017535e+01
1.584116942757608548e+01
1.538623033301324483e+01
1.397361569337042297e+01
1.454336919223904800e+01
1.482606688591134514e+01
1.609594590958399252e+01
1.507453645138627252e+01
1.465422228146452355e+01
1.552957632470840821e+01
1.554868466856937381e+01
1.418198445628955007e+01
1.458626399165945919e+01
1.698688663707349633e+01
1.434494904210095356e+01
1.464863652706981334e+01
1.424973614713586656e+01
1.454336919223904800e+01
1.377389753937616135e+01
1.552957632470840821e+01
1.574024622038360732e+01
1.693344163924247070e+01
1.425479222967216586e+01
1.473763620476986880e+01
1.701673972015147029e+01
1.505490549337113038e+01
1.476035361151055625e+01
1.700454392383404567e+01
1.480363401512309984e+01
1.464863652706981334e+01
1.383611470102778007e+01
1.539852089840412930e+01
1.595566597925128072e+01
1.698421677676488173e+01
1.696545903199355720e+01
1.403002933408622255e+01
1.699409263563683936e+01
1.520915963294421758e+01
1.425349605341053127e+01
1.694217138842369152e+01
1.378340277816235115e+01
1.575907167358891492e+01
1.586165423875548797e+01
1.412734761678498074e+01
1.409961726803429372e+01
1.454336919223904800e+01
1.696188617142493982e+01
1.525601402016618735e+01
1.564665753955642913e+01
1.368778624327287829e+01
1.395500323546717958e+01
1.370442430618984275e+01
1.412734761678498074e+01
1.402310019072276859e+01
1.476369435050098744e+01
1.536356644251232240e+01
1.544384868466197247e+01
1.386856064191051097e+01
1.579068491068338176e+01
1.482606688591134514e+01
1.697222620505925406e+01
1.403527170369618560e+01
1.400966865426433117e+01
1.533887532723917424e+01
1.703127859745034556e+01
1.487670060475792333e+01
1.434494904210095356e+01
1.426968059077849738e+01
1.398377709275896308e+01
1.572198412038344983e+01
1.697541840454636386e+01
1.371551112690730534e+01
1.522233924671288996e+01
1.619752611983122392e+01
1.434494904210095356e+01
1.518969540747228208e+01
1.413437389921198140e+01
1.698942327132501973e+01
1.538649784965659606e+01
1.525694717107414711e+01
1.425349605341053127e+01
1.536443097560905358e+01
1.450342952761693738e+01
1.400252857269735607e+01
1.422831363072263322e+01
1.433947678195934827e+01
1.415118385337806473e+01
1.419112351800017535e+01
1.434494904210095356e+01
1.453755964286158786e+01
1.609594590958399252e+01
1.599910596969312948e+01
1.365111588286279343e+01
1.559194886011876235e+01
1.567449503929720400e+01
1.552957632470840821e+01
1.444178898199181660e+01
1.428257650669059764e+01
1.566382558185650709e+01
1.433947678195934827e+01
1.460869686244770094e+01
1.537850063589678307e+01
1.418198445628955007e+01
1.469416194608663595e+01
1.538649784965659606e+01
1.609594590958399252e+01
1.440184931736970597e+01
1.395723103229384598e+01
1.698661491154246406e+01
1.406497508137462660e+01
1.434494904210095356e+01
1.696188617142493982e+01
1.698688663707349633e+01
1.398376159854436551e+01
1.430500937747884294e+01
1.358888158992069783e+01
1.454632432703734679e+01
1.354894192529858543e+01
1.425778756660719537e+01
1.455462456977242169e+01
1.393779193252658644e+01
1.466981660040380220e+01
1.380673650622230753e+01
1.464090212813035308e+01
1.697541840454636386e+01
1.560145304644615116e+01
1.400966865426433117e+01
1.697195416709706350e+01
1.402310019072276859e+01
1.416728728140709315e+01
1.702056107224948533e+01
1.348656938988823129e+01
1.512091524855303604e+01
1.498760364110172283e+01
1.390735645423186284e+01
1.692890016867593772e+01
1.367014157236300598e+01
1.383028602965687170e+01
1.465422228146452355e+01
1.434494904210095356e+01
1.450342952761693738e+01
1.478777056280478064e+01
1.450797841601605853e+01
1.465475323493460635e+01
1.464863652706981334e+01
1.476035361151055625e+01
1.704378728231451845e+01
1.417759563060856109e+01
1.454336919223904800e+01
1.416594109531227907e+01
1.445572102295424699e+01
1.412734761678498074e+01
1.482606688591134514e+01
1.471659481687487769e+01
1.380673650622230753e+01
1.444178898199181660e+01
1.705419815842481768e+01
1.337764514811497918e+01
1.542502323145666487e+01
1.412734761678498074e+01
1.454336919223904800e+01
1.590309543606334053e+01
1.505899151924895563e+01
1.696545903199355720e+01
1.425349605341053127e+01
1.588271615776153922e+01
1.704378728231451845e+01
1.513344131116878977e+01
1.696545903199355720e+01
1.464863652706981334e+01
1.579928577531821077e+01
1.694217138842369152e+01
1.402371675738107548e+01
1.690958163168670936e+01
1.599910596969312948e+01
1.467673807940828112e+01
1.703779093995671801e+01
1.465422228146452355e+01
1.471659481687487769e+01
1.400691741505103849e+01
1.391375774322436598e+01
1.458626399165945919e+01
1.702056107224948533e+01
1.407733988055833052e+01
1.706058895307080547e+01
1.448099665682869208e+01
1.487368402915961951e+01
1.613912751830297410e+01
1.390735645423186284e+01
1.698942327132501973e+01
1.393093317732086689e+01
1.695818853683913119e+01
1.704085413940668303e+01
1.491362369378173192e+01
1.548631213315901789e+01
1.695436718474111615e+01
1.486770752608201107e+01
1.434111262639198081e+01
1.429733265631256778e+01
1.619752611983122392e+01
1.460869686244770094e+01
1.438431038397155604e+01
1.533387120510444390e+01
