5.244464977350969948e-01
2.951553539172170337e-01
-4.969523480864940224e-01
-1.755235287196557303e+00
-1.430632533322294453e+00
4.200130499433034070e-01
2.627128255124448475e-01
-1.556635930766921971e-01
-7.290240937402141241e-02
-9.635200492946895956e-01
9.218468863033322247e-01
1.269710654302724229e-01
5.050541995840400755e-01
9.921342452424790626e-01
1.131796996776502251e+00
-9.147616301126501592e-02
6.117442065711322652e-01
2.488402407358684787e+00
-6.001614730835198586e-01
-2.046284134601725313e+00
-2.163958069718621147e+00
-7.755989910146541266e-01
-2.352675561923478487e-01
1.318432480107739613e-01
4.067373953686929666e-01
-6.916824007870768787e-01
1.579862078605037213e-03
1.055136759675106672e+00
2.996403077546404004e-01
7.528469014244369983e-01
-7.904549716407095472e-01
-1.197137290438990087e+00
-6.247396813869885435e-01
7.744686671109037857e-01
-1.069088305807999045e-02
-2.843998446180309170e-01
-1.152668787237579595e+00
-6.836834763484844757e-01
-1.044401720924190480e+00
1.093304612754223859e+00
-6.183425382055507402e-01
7.499159697597520546e-01
-1.491387470053284980e+00
-3.000621281921690697e-02
4.396377479855220205e-01
2.674875412433926902e-01
1.586456074673992855e+00
6.909817072324591081e-01
-1.910895938179456022e-01
-1.931990459448513997e+00
-3.478092516195231632e+00
1.377297853639534830e+00
-2.630641824537036100e-01
-2.681543144205879026e-01
4.008350393204162532e-01
-1.799629364350525007e+00
1.852512272801086768e+00
-1.323645878894554873e+00
7.315143216131131387e-01
-1.594492880762291342e+00
1.482338665768909269e+00
3.396662549786122476e-01
2.100254105210625610e+00
9.059808402526565996e-02
4.824632625762858007e-01
-1.020180028823832324e-01
1.509671776019047895e+00
-9.001670920896535089e-01
4.997220846806168515e-01
8.280580396977729185e-01
-7.596748716162256276e-02
8.992734621123426031e-01
-1.924632997764354370e+00
6.231662002429028818e-02
-4.352955665526342943e-01
-2.811683619654861133e-01
8.355219303965696898e-02
-3.892914517625644111e-01
-2.022779951331416526e-01
1.232208333637411668e+00
1.047425458995920211e+00
-1.017052089818079735e-01
1.020634753671744832e+00
-8.379904998434944963e-02
-4.271711696273076120e-01
-2.435954144046515335e+00
-1.413711819247227552e+00
-7.177938853495254845e-01
-2.556869493547519578e+00
1.106857292434862083e+00
-2.512814004603025064e-01
-4.768435120616441036e-01
-2.199929601379258526e-01
3.520254996034810069e-01
9.785198530619339252e-02
-5.496853546245387134e-01
-4.297252228415487582e-03
-3.691756288914009310e-01
-2.841846163836727168e+00
-1.928805099474566909e+00
-5.122496258436239902e-01
2.677478316772254063e-02
-2.472559726052665219e-01
-1.197459928936524531e-01
6.755301355205470815e-01
1.035338564976278214e-01
1.051622926643149825e+00
-3.017234850719970329e-01
5.370763351732609214e-01
-1.059610919364061044e+00
9.404334438997919987e-01
-1.083962026696104974e+00
3.152114792337583071e-01
7.144823842157228544e-01
4.978684934469966850e-01
-3.277941037688923004e-02
4.818480365018150691e-01
-6.364664838276743453e-01
-3.000041308186870981e-01
9.169517902829489309e-01
-4.268593323127293782e-01
5.069851363944856137e-01
6.020653459894763637e-01
2.748923869600113368e-01
3.750553334589808163e-02
-6.202630559989459336e-01
-1.008887459583934776e+00
-7.898926810579887103e-02
2.061305670067764273e-01
1.246568114536461991e+00
3.546897069727230623e+00
7.724850580350005602e-01
4.713927490452002877e-01
-3.178223791566007206e-01
1.978442823731459077e+00
3.095859518688080514e-01
6.836346649687414789e-01
5.453539344823002954e-01
-1.849497508484513997e+00
-4.845428782539316637e-01
5.269851500768746311e-01
3.841168437397992630e-01
-7.054674866346963835e-01
4.949114074183785239e-01
-7.748682119350527309e-01
-1.449251668893067002e+00
-8.046965265244122589e-01
4.142459474701301048e-01
-7.880904538518743729e-01
5.661787305961465400e-01
-4.619623984848084675e-01
-9.346927972402736540e-01
3.455647764671469502e-01
-5.881150956443512712e-01
-4.788482335188356531e-01
-1.235491677890553142e+00
-9.489466509180559395e-02
-3.565287274280711793e-01
-3.161227799682138073e-01
-1.305931272929147458e+00
1.241190813443232566e+00
6.206555557010315916e-01
-1.329122329933428270e+00
-1.644987337731087032e-02
1.120819687987028440e-01
-6.088053508287970539e-01
-6.362761737819774832e-02
-7.552830947698185859e-01
2.160951613836766538e-01
-1.265926890347214839e-01
3.865994276717689138e-01
7.780969180546553066e-01
-1.492215725144581950e-01
-6.492873657373385843e-01
3.781090950396125416e-01
-1.432474533050200893e+00
-1.368222999119148298e-01
-4.000871164996505081e-01
-2.582499471079606757e+00
-2.597133719749307179e+00
-2.189852415211877290e-01
-7.294477611603165101e-01
6.294147072062019621e-01
6.619825201159346140e-01
-7.249559339915920830e-01
-1.599899257203871161e-01
-1.514449611870429591e+00
4.458706796903450509e-01
1.608077840360459865e+00
4.442327093422138162e-01
6.150506078319677439e-01
-1.304147847146780448e+00
1.010883307578678503e+00
3.316953919117619498e-01
1.030357010805549756e+00
-7.236111647659658752e-01
5.472860275878990155e-01
1.681542026227622388e+00
4.987217552172841795e-01
5.756519806476981804e-01
-1.278889088614078240e+00
-2.200456958829987986e-01
-9.908119538685915551e-01
-7.230968919611413526e-01
2.082214462996629656e-01
1.500645631766304167e-01
2.761577781243923849e-02
1.187528173105800500e+00
1.484478873057866410e+00
1.238309509117766938e+00
1.776898039802028428e-01
1.092462276981548186e+00
3.184871646641480591e-01
1.144703055479198817e+00
8.432197641919085829e-01
5.079526681267909627e-01
1.522910280945192207e+00
1.959378298288256826e-01
7.085331165470478698e-01
-1.735818429388765294e+00
-3.860102182791162045e-02
4.864762077407281393e-01
-5.962434777709609834e-01
-4.356888052963958646e-01
-2.609286837161856609e-01
7.452110937039672089e-01
2.399911799886048774e-02
7.715653206015282706e-01
-9.205620672595776766e-01
-1.475574106070272618e-01
4.041170442072750113e-01
1.637803095046006741e+00
2.698041799627734161e+00
-2.330514615971284176e+00
-2.650333562338658688e-01
-9.536157999873355884e-01
5.677279990146705257e-01
-6.959380970817471423e-01
3.395166476041185266e+00
-4.967879760585714455e-01
1.581699443387141746e-01
5.919013877121875877e-01
-1.870105827672746246e+00
8.870743544044706885e-01
-2.662339015057804334e-02
5.211005780554082145e-01
-5.985682158399526775e-01
-1.628837367002076153e+00
9.693141637920682507e-02
3.294814289749830594e-01
-2.481896857022107383e+00
6.054656176715239591e-01
-4.739492998234000054e-01
-8.150883545417021425e-01
3.462530145710649987e-01
-4.908845780640513357e-01
7.779917900477265613e-01
-1.308483995023068669e+00
5.474438039540346912e-02
-3.880063236428830664e-01
8.632254671576045091e-01
8.286464954917815984e-01
1.600698679871895846e+00
-1.239125477072652443e-01
-2.025457848205832745e-01
-3.899201918182021998e-01
-4.363134262925915663e-01
-2.019974822535959003e-01
6.499303978491756117e-01
-2.571549385244173980e-01
8.228423960796114045e-01
1.289292155279523067e-01
-2.004265613930741319e-01
1.295935141983593775e-01
1.535283533419670443e-01
8.920235163916190313e-01
9.234909608700881956e-01
3.039094226458401993e-01
2.606472556747080116e+00
7.448871275454725938e-01
-4.135472946245195569e-01
-1.195068001981729910e+00
8.062330465302424143e-01
3.041501382104251916e-01
4.714303263177359593e-01
3.818028746676783713e-01
-1.604201249021984799e-01
3.870053875129608745e-01
-1.619613256996441208e+00
-4.023339482785495691e-01
2.757064056955076808e-02
6.615752423807663707e-01
-5.368476523451471971e-01
3.248840281536787833e-01
-8.553764713248598328e-01
9.225750964666958875e-01
-6.476161751111279008e-01
-4.586973408310528882e-02
-4.716030257126067049e-01
-5.528251395144405667e-01
-1.359254683394940655e-01
3.042702208511393613e-01
-1.350694955854292223e+00
-8.063447267245980044e-01
-3.155290469932010011e-01
-2.012409688821115705e-01
-5.929022141279616243e-01
-1.055669416975208774e+00
1.152394882403959819e+00
-5.787956310136219695e-01
-4.947771218166350793e-01
1.010989980853154835e+00
-1.279608133490673372e-01
9.013609556935076039e-01
-1.111013095606284834e-01
-4.598706045958346755e-01
7.184606837139451141e-01
4.195812504906629714e-01
-1.350399315432476488e+00
9.737662531934749843e-01
1.661507619113889556e+00
7.921018099328805961e-01
1.877955596953720385e-01
2.032943407710350592e-01
9.767358181671137451e-02
3.796678940614981457e-01
2.876756173737269884e-01
-5.980919377797037917e-02
6.441222445889640547e-01
1.119878692877747245e-01
4.097791976127825642e+00
-1.302061972164481940e+00
-2.249010149175991180e-01
4.838140638939656402e-01
-2.363646734512959424e-01
1.060972065930489538e+00
2.332470153417701919e+00
-1.284442456709994573e+00
-5.797532351857508370e-01
-5.113795158430615301e-02
3.255603540619637637e-01
-2.305409400897688310e-01
-1.235502936855156497e-01
-4.919425753601850970e-01
8.985893573459943218e-01
-2.250631538345509997e-01
-5.402338645325284183e-01
-6.995904057037742874e-01
1.460693468267340478e+00
-6.455172647980704503e-02
2.018243959732530790e-01
1.646792007198707997e-01
-7.524170507700124189e-01
-4.361319625051401916e-01
9.553169662475964330e-01
-1.236346729139765482e-01
1.947788440735701787e+00
2.423706783900571871e-01
2.311630514853794394e-01
-1.070559909412249322e+00
-2.393362788000828745e-01
5.629722390778486574e-01
9.944056493394815011e-01
1.542663707117929439e-01
6.742891369664846257e-01
-3.398293291860412069e+00
4.622866210424944611e-01
3.744259523803713519e-01
-7.807147491925110483e-01
2.966249056118195129e-02
3.938682413950196359e-01
1.201787112507498811e+00
3.308550905983814183e-01
1.377175370279873912e+00
3.500755038876370850e-01
-1.364676068563501765e-01
-2.233665893378627421e-01
-1.062546097302720094e+00
-6.056764568645651714e-01
9.188116782133251004e-01
3.377840337592329933e-01
2.373202469641983559e+00
-3.043780196375505120e-01
7.488750426650978564e-01
5.046106207445439917e-01
-6.625414965515775689e-01
7.029254882400250981e-01
-5.117466525916037234e+00
1.347944518680022741e+00
-7.237846789645735468e-01
1.746893653707545443e-02
1.194392750715918133e-01
-3.959567728836388412e-01
-1.069653323459778260e+00
8.467705156649012188e-02
-1.042429051447830046e+00
3.228340419147255891e-01
-1.066506951065293807e+00
-5.494653847455333029e-01
-3.238380599502149737e-01
-9.817584013670803689e-01
-1.681798287035254358e-01
-7.993910398077226365e-01
4.791896852999512624e-01
-5.739316233984758098e-01
1.033436857503138961e+00
9.749137300849383125e-01
-7.499427237246558686e-01
5.574094672572846854e-01
-3.485599412083952853e-01
-8.894754440417363961e-01
4.776692206172008515e-01
2.393727878995655367e-01
-1.643586126185044016e-01
1.106122534220285614e+00
1.026997080942573248e+00
8.786934657951368521e-01
-6.201875052694370838e-02
1.596998847177756531e+00
1.007922936252825696e+00
-1.930546036121343900e-01
5.607842049537535845e-01
3.732807101800730831e-01
-1.347935359765014274e-01
1.349927890842391287e+00
-1.433005011014633290e+00
-1.237476119858821333e+00
1.476257107485367204e+00
9.502384022899674765e-01
9.584627753530002847e-01
7.166520349851518423e-01
9.676348309183441243e-02
7.939999405139254174e-01
9.250798686290801279e-03
-1.813796651384742553e-01
-8.410652419313571215e-01
