1.086692376506522706e+01
1.157313467684954311e+01
1.297121434379053539e+01
1.101524149805639219e+01
1.321943794268678118e+01
1.142495335846856364e+01
1.113773190388350010e+01
1.200700493140391423e+01
1.149031075682212233e+01
1.116160055673323370e+01
1.156595796879231841e+01
1.157313467684954311e+01
1.118360873532089528e+01
1.156033251734224798e+01
1.143753304215632660e+01
1.137465106420845373e+01
1.135965021649010076e+01
1.080075164902839902e+01
1.163660347669679673e+01
9.973329917455552973e+00
1.094757974427797187e+01
1.080075164902839902e+01
1.322350087220623749e+01
1.129032133153180339e+01
1.199960167707835268e+01
1.132340485322006352e+01
1.144393719767240825e+01
1.296046574489646019e+01
1.125448640365048902e+01
1.297121434379053539e+01
9.737047716701534128e+00
1.156899181907804497e+01
1.142495335846856364e+01
1.292877766082828472e+01
1.293297224306329696e+01
1.156595796879231841e+01
1.163660347669679673e+01
1.325355098472970994e+01
1.325699149912893660e+01
1.153505586179575282e+01
1.174072393496375000e+01
1.128665517813887220e+01
9.973329917455552973e+00
1.297121434379053539e+01
1.142084503326498002e+01
1.119034230952358122e+01
1.325355098472970994e+01
1.156899181907804497e+01
1.145898376454027279e+01
1.144393719767240825e+01
1.142495335846856364e+01
1.128665517813887220e+01
1.090221699903683295e+01
1.294908928035483697e+01
1.145898376454027279e+01
1.113773190388350010e+01
1.135450197005005357e+01
1.177444437645274533e+01
1.199960167707835268e+01
1.170837068352382992e+01
1.133327868475895706e+01
1.151419364637480136e+01
1.144243919638145535e+01
1.157265797247097794e+01
1.104540441104935589e+01
1.142211362766880356e+01
1.171656227870058053e+01
1.080173464750422774e+01
1.185547131778871766e+01
1.149031075682212233e+01
1.116160055673323370e+01
1.135426683575762219e+01
1.180256003775168772e+01
1.138478356077101772e+01
1.148023037163963878e+01
1.182558108516166939e+01
1.324280238583563474e+01
1.193840865610085622e+01
1.104540441104935589e+01
1.188456827608726485e+01
1.199960167707835268e+01
1.189243117236499181e+01
1.104615110953385226e+01
1.076645543811343408e+01
1.138347992245520857e+01
1.321943794268678118e+01
1.296046574489646019e+01
1.115855677226524989e+01
1.319814346989963383e+01
1.183039429687853605e+01
1.294908928035483697e+01
1.018061505290141433e+01
1.177250824081927583e+01
1.111690106231936248e+01
1.171534687268145447e+01
1.207653969772106706e+01
1.116160055673323370e+01
1.142495335846856364e+01
1.120086660945234414e+01
1.206399558356001123e+01
1.128665517813887220e+01
1.036075455621037555e+01
1.115830629268915608e+01
1.124222627267778130e+01
1.156488831536821316e+01
1.299376085665749869e+01
1.163660347669679673e+01
1.094570680449976230e+01
1.164098146876072448e+01
1.142495335846856364e+01
1.292877766082828472e+01
1.165974725368625187e+01
1.122247453962062202e+01
1.138720158748549416e+01
1.128665517813887220e+01
1.326035982822185133e+01
1.149280015037974501e+01
1.149031075682212233e+01
1.081298499788543310e+01
1.144860530657781972e+01
1.090319041096193864e+01
1.326365536639431397e+01
1.122944734864441507e+01
1.142672817344420011e+01
1.125970499653700863e+01
1.161637348442327422e+01
9.972034432847733498e+00
1.170375785374180388e+01
1.128665517813887220e+01
1.325355098472970994e+01
1.118288210257331450e+01
1.179937193223997127e+01
1.109855599126167292e+01
1.142495335846856364e+01
1.122991638521714641e+01
1.111759809948501676e+01
1.142495335846856364e+01
1.199960167707835268e+01
1.161006564944096375e+01
1.135426683575762219e+01
1.199124146244403910e+01
1.227871656689623237e+01
1.096839225354532132e+01
1.097304578843363565e+01
1.156205586457438450e+01
1.325699149912893660e+01
1.179420305678189251e+01
1.130097245895577807e+01
1.143551136961430892e+01
1.177264739776129687e+01
1.167631086502253979e+01
1.178044781782031158e+01
1.157308487024795163e+01
1.320685480159588465e+01
1.103367461923415860e+01
9.748678907189214371e+00
9.861957224023052859e+00
1.140133302495823031e+01
1.109010821702834448e+01
1.156899181907804497e+01
1.170728999940773640e+01
1.110385365761599452e+01
1.298454086709299204e+01
1.156595796879231841e+01
1.178044781782031158e+01
1.324645582246891351e+01
1.169856752663406319e+01
1.166581656339438311e+01
1.183039429687853605e+01
1.189126827976592438e+01
1.002571867850912213e+01
1.296770224969914764e+01
1.156899181907804497e+01
1.150481118055979657e+01
1.166499003199835549e+01
1.002571867850912213e+01
1.176464371623122318e+01
1.140625031246828591e+01
1.324645582246891351e+01
1.325699149912893660e+01
1.294116423126706295e+01
1.142012283444544174e+01
1.322749706694669669e+01
1.156595796879231841e+01
1.184829460973149295e+01
1.085574040345686697e+01
1.181141045767469144e+01
1.036075455621037555e+01
1.321111430176745927e+01
1.127935946418825530e+01
1.081799692528824686e+01
1.122247453962062202e+01
1.183986364278088921e+01
1.149280015037974501e+01
1.106486961516026213e+01
1.327002564752127611e+01
1.008802405639695365e+01
1.179420305678189251e+01
1.188456827608726485e+01
1.122247453962062202e+01
1.197592791896226494e+01
1.327609749759667324e+01
1.121986647301459428e+01
1.086585377087320481e+01
1.141468630032992948e+01
1.154734629506333832e+01
1.151178398958358962e+01
1.122247453962062202e+01
1.199960167707835268e+01
1.142495335846856364e+01
1.145320838516392392e+01
1.149811117688113704e+01
1.171246026312911859e+01
1.080075164902839902e+01
1.296770224969914764e+01
1.014429386496222740e+01
1.163660347669679673e+01
1.193870471666684629e+01
1.297802318728267679e+01
1.133695877522039019e+01
1.183039429687853605e+01
1.103160355986015517e+01
9.796826064001423973e+00
1.194540601341284081e+01
1.122247453962062202e+01
1.103002128288572692e+01
1.163660347669679673e+01
9.737047716701534128e+00
1.156595796879231841e+01
1.170728999940773640e+01
1.149031075682212233e+01
1.090054546163413995e+01
1.150481118055979657e+01
1.150481118055979657e+01
1.174583929749200983e+01
1.142558776624888495e+01
1.106510273528653165e+01
1.142495335846856364e+01
1.171726503613917991e+01
1.174072393496375000e+01
1.119652211441783685e+01
1.192331810969989903e+01
1.166581656339438311e+01
1.154112645744854682e+01
9.972034432847733498e+00
1.178044781782031158e+01
1.326035982822185133e+01
1.128665517813887220e+01
1.149811117688113704e+01
1.125893628064632246e+01
1.142495335846856364e+01
1.124944503814269936e+01
1.166581656339438311e+01
1.149031075682212233e+01
1.320253098910189138e+01
1.041240720677414267e+01
1.092212448029185090e+01
1.294116423126706295e+01
1.182269788745485606e+01
1.094231448069778700e+01
1.292877766082828472e+01
1.193175488516717131e+01
1.149811117688113704e+01
1.129400813554747174e+01
1.156933920177944231e+01
1.182543139733454929e+01
1.325699149912893660e+01
1.323528682963403469e+01
1.110499343490446478e+01
1.327002564752127611e+01
1.129707076226215356e+01
1.122247453962062202e+01
1.321111430176745927e+01
1.125627378768569642e+01
1.183039429687853605e+01
1.208578150366491677e+01
1.122944734864441507e+01
1.115396977463991668e+01
1.142495335846856364e+01
1.323142592129401152e+01
1.133141730940185354e+01
1.161006564944096375e+01
1.118719217294391832e+01
1.105190038370781558e+01
1.125072889448449587e+01
1.122944734864441507e+01
1.014429386496222740e+01
1.199960167707835268e+01
1.237781956182830889e+01
1.179342821565658994e+01
9.973329917455552973e+00
1.171069803770317108e+01
1.171726503613917991e+01
1.324280238583563474e+01
9.805687415457779110e+00
1.104905427040818111e+01
1.152453414360216932e+01
1.295674254541345150e+01
1.104101979631102637e+01
1.128665517813887220e+01
1.127282949828374647e+01
1.145403709046635043e+01
1.166278409753666701e+01
1.324645582246891351e+01
1.087958379569991152e+01
1.130676092805065203e+01
1.181141045767469144e+01
1.128665517813887220e+01
1.128271572437430414e+01
9.917426755586042475e+00
1.326365536639431397e+01
1.175268772700436948e+01
1.165974725368625187e+01
1.122247453962062202e+01
1.204886501173611357e+01
1.149280015037974501e+01
1.141190242961140022e+01
1.002571867850912213e+01
1.170445026860797810e+01
1.157265797247097794e+01
1.150481118055979657e+01
1.128665517813887220e+01
1.178482022563817999e+01
1.174072393496375000e+01
1.167311227734500001e+01
1.088083178979661447e+01
1.138347992245520857e+01
1.162957421496980892e+01
1.166581656339438311e+01
1.135426683575762219e+01
1.156899181907804497e+01
1.143551136961430892e+01
1.170445026860797810e+01
1.156595796879231841e+01
1.174698914911050096e+01
9.972034432847733498e+00
1.185547131778871766e+01
1.175268772700436948e+01
1.174072393496375000e+01
1.142211362766880356e+01
1.137997132175415693e+01
1.291135620866407407e+01
1.151178398958358962e+01
1.128665517813887220e+01
1.323142592129401152e+01
1.326035982822185133e+01
9.748678907189214371e+00
1.135450197005005357e+01
1.073290485711721765e+01
1.184829460973149295e+01
1.080075164902839902e+01
1.159029679830801562e+01
1.179670688907248000e+01
1.099702282324908076e+01
1.187711061194675999e+01
1.090054546163413995e+01
1.185689707268388560e+01
1.324645582246891351e+01
1.171784801055348346e+01
1.104905427040818111e+01
1.289763179735164300e+01
1.014429386496222740e+01
1.116160055673323370e+01
1.294516042600752215e+01
1.108308828996757356e+01
1.156031469060872396e+01
1.112962676899827308e+01
1.139923770325853702e+01
1.319814346989963383e+01
1.117433997345671948e+01
1.101542653618915324e+01
1.192331810969989903e+01
1.128665517813887220e+01
1.149280015037974501e+01
1.096624103075686563e+01
1.176422678496863483e+01
1.186657715128666624e+01
1.149811117688113704e+01
1.094231448069778700e+01
1.297121434379053539e+01
1.153446527032059876e+01
1.142495335846856364e+01
1.030805531944829667e+01
1.140218426979947708e+01
1.122944734864441507e+01
1.171726503613917991e+01
1.164098146876072448e+01
1.090054546163413995e+01
1.135426683575762219e+01
1.298454086709299204e+01
1.065728603689047738e+01
1.145334467560017622e+01
1.122944734864441507e+01
1.142495335846856364e+01
1.178889761613179665e+01
1.151419364637480136e+01
1.323528682963403469e+01
1.122247453962062202e+01
1.210041791226059793e+01
1.297121434379053539e+01
1.124090287632508733e+01
1.323528682963403469e+01
1.149811117688113704e+01
1.204242662954093568e+01
1.321111430176745927e+01
1.138619029855516906e+01
1.317996843829081755e+01
1.167311227734500001e+01
1.086616485448285196e+01
1.296411918152973897e+01
1.192331810969989903e+01
1.164098146876072448e+01
1.108867251492272743e+01
1.134922140130717949e+01
1.178044781782031158e+01
1.294516042600752215e+01
1.146442486938713579e+01
1.299376085665749869e+01
1.170728999940773640e+01
1.207653969772106706e+01
1.195302182808806535e+01
1.139923770325853702e+01
1.326365536639431397e+01
9.690993276516378430e+00
1.322749706694669669e+01
1.296770224969914764e+01
1.200869290580988569e+01
1.182346309838772136e+01
1.322350087220623749e+01
1.168988578712851556e+01
1.164822183123578903e+01
1.046295169384058887e+01
1.181141045767469144e+01
1.156595796879231841e+01
1.167824009722425593e+01
1.138792331005618941e+01
