6.964897300188669371e-01
-7.730990357844234051e-01
1.184811966302526720e+00
-1.061375253318436407e+00
-1.141313288987995778e+00
-1.334391985872583009e+00
-5.519052649167462965e-01
-1.808312217291918156e+00
1.199916216590843465e+00
-7.024628526907040760e-01
-5.621485545425624064e-01
-4.560624376998263507e-01
1.431267955781787560e-01
-6.200551534115300578e-01
-1.456797820958713574e+00
2.057736720263178554e-01
-1.753683655874450353e-01
1.032051715226112609e+00
1.514640955607161166e+00
-6.558295025566228675e-01
-1.708348228481349595e+00
8.453669454634928082e-02
1.099367302691503623e+00
2.188756992196675188e+00
8.141748582716914484e-01
4.091682715068464260e-01
6.152250708233972798e-01
-1.909401283748730083e-01
-1.582655414646003955e-01
2.758520781984380998e-01
-8.022662927708754665e-01
-1.228912570185737962e+00
-7.666097159904297076e-01
3.048210954833097119e-01
7.097561819540684214e-01
3.136175818956285499e-01
-1.870205968786811113e-01
-3.392981405782850013e-01
-4.835703208431001432e-01
-3.509180339082785260e-01
-6.088979858315155536e-01
5.751310198778845084e-01
-1.030306741725087072e+00
6.836505582425581595e-01
-2.467613209296270482e-01
-5.281688487029068124e-01
5.676293232874712880e-02
5.331009779363458101e-01
-1.854766148722617469e+00
-3.202552128028419154e-01
-1.753525090044936841e+00
2.254574884480344543e-01
4.877900746256328413e-01
-2.950457080753482675e+00
-2.345498612677345551e-01
-1.683529049963323532e+00
1.356389267794409159e+00
-1.657111407650244464e-02
-2.171632062628142332e-02
1.509500189479952292e-01
4.721031898745444710e-01
2.452378434415944497e+00
-1.075484216530270404e-01
-3.886939658419709120e-01
-2.547645888389865609e-01
-1.427296563394858751e-03
7.678904324270823256e-01
3.924263631924488349e-01
6.458912212735865577e-01
2.671204164078361809e-01
-3.060936136704592303e-01
-1.246005378423083121e+00
7.975705147948618512e-01
-3.830013777957848586e-01
-3.944730108688504489e-01
6.213646039417549671e-01
-1.749799899934223246e+00
-4.478408992585279635e-02
1.593865878720383822e-01
1.130769359332766788e+00
2.505552085677344443e-01
8.056043095487910866e-02
-9.049789860487078563e-01
-4.769834264468355567e-01
4.597984821113456078e-01
-1.969677193578746266e+00
4.021514455678710798e-01
1.394890670758067497e+00
7.758213539892048205e-01
1.586420399409951498e+00
1.245445352645513093e-01
-1.310526426100238305e-02
1.143844673475794993e+00
-3.974814594660828759e-01
-6.834959668666019672e-01
-4.641316707806642655e-02
8.306172552389092800e-01
-2.047752831018962549e+00
1.619648322942605079e+00
-4.764782373397270787e-02
-1.142337391487182816e-02
-7.704617623078756361e-02
-1.390782700507883440e+00
-8.014906400635044004e-02
-2.544869770423413002e-01
-3.509833754706495612e-01
2.420929930349883241e-01
-2.346599743515334513e+00
-5.650022464326915905e-01
5.288966621842137172e-01
2.080294522833519899e+00
-1.233694652845756190e+00
-9.777562345795626220e-02
1.373567865355877493e-01
-1.015341048898770415e+00
-1.334530888273935290e+00
5.529928782108357588e-01
7.338220333900420667e-03
3.617721946225196383e-01
-4.849463577378674839e-01
-4.901421084796736549e-01
1.122326894751532134e+00
1.806691875927058710e+00
8.179951761936226085e-01
-5.784706597002505779e-01
9.101502126025270423e-01
-8.772941837433106960e-01
-4.029403236314888503e-01
2.495018769711411011e+00
-1.530041863307828320e-01
1.823017564851113992e+00
9.029920287387559474e-01
8.226873312863296483e-01
6.840208069638816779e-01
-4.580270846605071222e-01
-2.312554760529195619e+00
-3.792986004097491648e-01
5.769431162513871669e-01
-2.133530611458855919e+00
-1.562666252242292941e+00
-6.086242005869002547e-01
-4.804980286501933651e-01
-1.725021898313354063e+00
5.426791272683539891e-01
-5.627184916587039121e-01
-1.166948884179281887e+00
-7.767319611130619750e-01
5.962354542227589205e-01
-7.543054539775337908e-01
6.050714900881274394e-01
1.140574355601902345e+00
-7.963659629192315625e-01
1.425269437716708110e+00
5.541034558209740890e-01
-1.406809977558669322e+00
-7.869608058594339539e-01
-2.735636136336034308e-01
-1.044381685209428284e-01
-4.542882170837240358e-02
-1.105851715863785500e+00
5.312948357695114199e-01
1.068863164370187135e+00
-2.014608598812626994e+00
-1.309677938699948196e+00
-1.206442474787339680e+00
5.270701775793683597e-01
-5.705266581214125665e-01
-1.092913985249460262e+00
-2.500104943581498707e-01
3.618322478026775313e-02
4.237783528423917367e-01
-3.075136224768574844e-01
-2.766665619360922021e-02
-5.374207437832804191e-01
-1.752614868990078345e-01
-4.468572108599280224e-01
-2.883376716716632912e-02
6.743765963802185182e-01
7.428413640616874369e-01
-6.543736968610381899e-01
-3.578133342354928303e-01
-5.861151025786998092e-01
-6.087049655116630875e-01
-8.032008010328868242e-01
-3.353793927947317788e-01
-4.010700139889750715e-01
-9.676253890365775767e-01
1.376671922388611691e+00
8.573194961361874089e-02
-3.527887031773050963e-01
6.542283529329631087e-01
-1.183038715571543609e+00
-3.319166105324236615e-01
-4.739436556293138980e-01
-1.087106061904226928e-01
-4.194696347426990490e-01
-8.180383221294204033e-01
-9.145067846469989714e-01
5.365033765428349755e-01
9.185479007560974907e-01
-4.242691108422742552e-01
2.122287097486222240e+00
7.559853068845311108e-02
4.460078967307160025e-01
9.541254001005184948e-01
-4.398364208415924126e-01
-2.434120945393774826e-01
1.130979284603165658e+00
1.616698336411101833e+00
-2.469782569119312876e-01
8.834820331705819374e-01
4.368405675072370431e-01
3.097931508697145953e-01
6.176701407001417010e-01
3.008877196895045052e-03
-6.050801481641628898e-01
-1.008798733947879223e+00
2.582393613895814788e-01
3.725042611692367389e-01
-5.431640078061077404e-01
-1.047402496030324648e-01
-1.526442765248511579e-01
-4.014717662046233260e-01
-1.681373677936252031e+00
3.570943088302450108e-01
1.483447739690505474e+00
-1.382924474090457545e-01
4.763269139516260187e-01
2.505077243912129381e-01
2.447246191161718709e+00
2.887151067915980085e-01
1.068093740050289231e+00
2.460131176789133456e-02
-1.650890302948411659e+00
-2.617655715145092543e+00
-1.735432003088071440e+00
-2.028185224924155816e-01
3.068941405214141716e-01
1.083129992354263105e-01
1.359607937876524675e-01
5.016413273268450768e-01
1.516811327639209228e-01
7.506073554730362252e-02
1.510387130962689062e+00
-1.110126694841099937e+00
-4.166042385045488627e-01
-5.300666573936619469e-02
6.987921830965216907e-01
-2.298987777998956483e-01
-6.212759529248882417e-01
-2.107834353335773514e-01
-4.488325573111206501e-01
5.223593522224639907e-01
-4.809780207722781364e-01
1.022346564525556056e+00
3.976868185492498653e-01
1.601470759145368072e+00
-1.984997931218303036e+00
5.054921587203047295e-01
4.876905061696267668e-02
2.958039525851183238e-02
-3.493297906438261879e-01
-6.858330516580111169e-01
-9.215374873581466675e-01
-8.050262103008723469e-02
1.633916807724991316e-01
-1.004473272842176801e+00
2.150146130358054020e+00
1.844598012500708317e-01
1.067607586186916535e+00
3.999266101874263124e-01
7.570725693538699064e-01
9.709393752082994267e-01
4.049536796506858494e-01
1.184106499697521686e+00
-8.528133004777350701e-01
-2.986024673900055104e-01
3.238585909489918868e-01
2.212469889069897278e+00
2.702468689677571256e-01
-5.450553163265908774e-02
4.525085862047295016e-01
7.792987626544936042e-01
1.200414788458777637e-01
1.638586476699921968e-01
2.772504296931184165e-01
-5.474161414050768837e-01
-3.174218683718917910e-01
2.666078273031416423e-01
-1.911091616205229660e-01
-4.895747665264691406e-01
-2.342604327412868948e+00
-2.129524569956896263e-01
9.948556602740741273e-01
-4.579511133291955249e-01
5.741297161508316371e-01
-9.435971101612469214e-01
1.249463637544607097e+00
-2.863802285934625935e+00
4.950204959005932159e-01
-2.914271996491059058e-01
1.084686895322548306e-01
5.341591959212689533e-02
-5.405872227771033600e-01
3.019251456126189059e-01
9.533522166243212081e-02
8.773088470475616241e-01
-4.793557090227152928e-01
1.232580485069509235e+00
-7.756399812915008019e-01
-5.525633502586409923e-02
3.298463186852969020e+00
-1.429706396911841093e+00
1.363783717799015305e+00
5.338967392841630355e-01
2.635590211312472952e-01
-4.366262304588012372e-02
-1.643562804751877160e-01
-1.205866821297761904e+00
1.154478925111937782e-01
4.301097981750598986e-01
-4.853040558561370621e-01
6.506124150329632982e-01
-2.293212978933811264e-01
-3.153150951276690872e-01
2.180899500629526866e+00
-8.103161863010183152e-02
-8.008842909533847587e-01
-3.948867451264625461e-01
5.442545813527764897e-01
6.827240475654047236e-01
5.744289027934517122e-01
1.114409180233479235e+00
8.011306710665841435e-02
2.146866458296964320e-01
-7.227792046424780237e-02
-9.733378635701199766e-01
1.392219235256128007e-01
6.400776603576864288e-01
3.467532832966252476e-01
4.008680880973201077e-01
1.503026749144707463e-01
9.246089468634774988e-01
-1.120079334577413377e+00
-1.248461156512728626e-01
9.373223625796519576e-01
-6.432950799549763676e-01
1.113835113635015972e+00
-5.405478542739010628e-01
6.691417232336636101e-01
4.930936836309485760e-01
1.902325112946988916e+00
-1.283050401755475578e-01
-6.484701839268243173e-01
-8.094959841670602563e-01
-1.391245004725765844e+00
-1.060922896904719970e+00
3.442456667342430610e-01
-7.717716225568610477e-01
4.763492147259517084e-01
-2.915330096019979056e+00
2.789348473461845668e-01
9.734752123954520941e-01
-5.687218756384586626e-01
-9.605388866792655689e-01
-1.429594484622184636e+00
1.452648122561455812e+00
-1.127100752534603290e-01
-5.076072328495860875e-01
-7.300068695505506078e-01
1.085055293196802273e+00
1.399044654576652169e+00
1.402009975662175667e-01
-1.415199372554146739e-01
-3.471810057051082365e-01
4.637433684372106457e-01
-8.502793880207225596e-01
-3.023803456717262805e-01
-2.446446794516500822e-01
2.051325505548648120e+00
-6.549279591799309630e-01
-4.733852538580685804e-02
3.809737888735462708e-01
-2.388782245924092329e-01
-1.393377918286655248e+00
-2.173808487995208261e-01
5.540690283832259144e-01
2.979293232551544768e-01
-1.147320456880907669e+00
1.877800443737237257e-01
-4.144093639401477125e-01
-1.196239708581569472e+00
5.116751533313971395e-02
-8.139013893362039287e-01
-2.758508800352669210e-01
1.504626489058714434e+00
3.474280512311262448e-01
-1.061410299185092887e+00
-1.079439979921509446e-01
1.450610085796453230e+00
3.040119157379420622e-01
-8.806168885620774267e-01
-7.155683280580797945e-01
-6.118373360453099874e-01
-1.938965311071880887e-02
-8.810626472848427371e-01
1.581226262593791176e+00
-4.959566138831827953e-01
1.250416132756202003e+00
2.850908399798057768e-01
7.473028637049815293e-02
7.746185081373888615e-01
-1.476188327292627112e-01
2.176637310105944412e+00
3.393376214073930419e-01
1.634717990989140946e+00
7.553859466115145915e-01
1.224193422640216689e+00
-7.488323721943650202e-02
-2.308414370586669151e-01
-4.937916002014466343e-01
6.898237638251912829e-01
-4.752548896125504685e-01
-9.313640445553000857e-02
1.670010867240273589e+00
-3.972650077964834381e-01
-6.944019697119518941e-01
9.586513058968267886e-01
1.551509240844703763e+00
6.036220611334132125e-01
4.347636315831008291e-01
-4.587911699816219491e-01
8.219912857715770682e-02
1.767011322057920192e-02
-1.135370559731623485e+00
-1.681762820656298452e+00
