3.551207658428708669e+00
3.391458502083423365e+00
3.349682426537195834e+00
3.495094323746991805e+00
3.497667555606457146e+00
3.391351870250406630e+00
3.570588640001659542e+00
3.720641446201326197e+00
3.623104159350819309e+00
3.386432349346372384e+00
3.614415305105767473e+00
3.391458502083423365e+00
3.573313499354727973e+00
3.691916191271577219e+00
3.689768001278004306e+00
3.688243129287646305e+00
3.687834565392559050e+00
3.588907805945844132e+00
3.519455072970618659e+00
3.777118773664867479e+00
3.378360036387143772e+00
3.588907805945844132e+00
3.495641540784391044e+00
3.610748186380328129e+00
3.742141191040792236e+00
3.686773351760672668e+00
3.515338152670675953e+00
3.356255348105498637e+00
3.684455395684434365e+00
3.349682426537195834e+00
3.801482650538460906e+00
3.518316975246121636e+00
3.391351870250406630e+00
3.372744704601910559e+00
3.370764700257574464e+00
3.614415305105767473e+00
3.519455072970618659e+00
3.478588229861499403e+00
3.476349068719450930e+00
3.588000009163808013e+00
3.629009076730439709e+00
3.389411171921818067e+00
3.777118773664867479e+00
3.349682426537195834e+00
3.689392253199411886e+00
3.561587526526875269e+00
3.478588229861499403e+00
3.518316975246121636e+00
3.585735903222982301e+00
3.515338152670675953e+00
3.391351870250406630e+00
3.389411171921818067e+00
3.552775355131112534e+00
3.362614014413781494e+00
3.585735903222982301e+00
3.570588640001659542e+00
3.612130457444973963e+00
3.592256657242129503e+00
3.742141191040792236e+00
3.692815811448828978e+00
3.687072963991881558e+00
3.704892109203528072e+00
3.689874587281252172e+00
3.739653989704631698e+00
3.715330171547953420e+00
3.613268555169470986e+00
3.692800694026519004e+00
3.549211610863627353e+00
3.520364305407726935e+00
3.623104159350819309e+00
3.386432349346372384e+00
3.390549269646315089e+00
3.692166961219213839e+00
3.563875835337061204e+00
3.563667252846587363e+00
3.551963818736653344e+00
3.485161151429802207e+00
3.719591242964821021e+00
3.715330171547953420e+00
3.630155826666736196e+00
3.742141191040792236e+00
3.592535981890397245e+00
3.558022778001884934e+00
3.547566141833441211e+00
3.619045167993929280e+00
3.497667555606457146e+00
3.356255348105498637e+00
3.607145833555605474e+00
3.507454091328303658e+00
3.753797959754800573e+00
3.362614014413781494e+00
3.603397639455842238e+00
3.555182553727275874e+00
3.605407030018569436e+00
3.557979112482964279e+00
3.740370693200293140e+00
3.386432349346372384e+00
3.391351870250406630e+00
3.574293050082731238e+00
3.721219538863620002e+00
3.389411171921818067e+00
3.740645499003966812e+00
3.571831724300292166e+00
3.684000397533214954e+00
3.562560355476952267e+00
3.333493706951228042e+00
3.519455072970618659e+00
3.557925458042952904e+00
3.614177787606579262e+00
3.391351870250406630e+00
3.372744704601910559e+00
3.711673595721788566e+00
3.388028900857172232e+00
3.563882774291270206e+00
3.389411171921818067e+00
3.474085608575161466e+00
3.614071155773562527e+00
3.623104159350819309e+00
3.371174765969598308e+00
3.563850120347624717e+00
3.552816982216874919e+00
3.471797726213072810e+00
3.609151634869528280e+00
3.689527060163285022e+00
3.684645091878244294e+00
3.745725646795571961e+00
3.621114768198917755e+00
3.591454056638037962e+00
3.389411171921818067e+00
3.478588229861499403e+00
3.504940409129008838e+00
3.716411586639553732e+00
3.677660925315959339e+00
3.391351870250406630e+00
3.507265839711447342e+00
3.569341080577630443e+00
3.391351870250406630e+00
3.742141191040792236e+00
3.589790225573366023e+00
3.390549269646315089e+00
3.591550360525101571e+00
3.665383622351571447e+00
3.598753891327861165e+00
3.555582331233306803e+00
3.691938235697448611e+00
3.476349068719450930e+00
3.611464889875989570e+00
3.686062830179830385e+00
3.621147551579538160e+00
3.752009962675122878e+00
3.591032250325602693e+00
3.520601822906915146e+00
3.562401812363671816e+00
3.503607691855023631e+00
3.563870995513398476e+00
3.642440426611949000e+00
3.631391973135661644e+00
3.688926660494884935e+00
3.567592413874113966e+00
3.518316975246121636e+00
3.520257673574710644e+00
3.384644352266694689e+00
3.340579495093320972e+00
3.614415305105767473e+00
3.520601822906915146e+00
3.482994148001115953e+00
3.692824182451060810e+00
3.747950971318233293e+00
3.753797959754800573e+00
3.755394511265600421e+00
3.616306285144732513e+00
3.351897411892564627e+00
3.518316975246121636e+00
3.516934704181475801e+00
3.711881887209345976e+00
3.616306285144732513e+00
3.692556871007339314e+00
3.563916201902872949e+00
3.482994148001115953e+00
3.476349068719450930e+00
3.366735737460087474e+00
3.584393946446495338e+00
3.493592335900120194e+00
3.614415305105767473e+00
3.743321108430071043e+00
3.373631904039764873e+00
3.629811677334531250e+00
3.740645499003966812e+00
3.501650507926214129e+00
3.509491164234108673e+00
3.548845101139763258e+00
3.388028900857172232e+00
3.691600455447730411e+00
3.614071155773562527e+00
3.603304646432960556e+00
3.467148201973258015e+00
3.765733777373037050e+00
3.611464889875989570e+00
3.630155826666736196e+00
3.388028900857172232e+00
3.591784953128917657e+00
3.462399510275531611e+00
3.562129595514240243e+00
3.551158347382108449e+00
3.584195859265941309e+00
3.691742265036126902e+00
3.738057438193831850e+00
3.388028900857172232e+00
3.742141191040792236e+00
3.391351870250406630e+00
3.701480042729967224e+00
3.391696019582611576e+00
3.692809196276071404e+00
3.588907805945844132e+00
3.351897411892564627e+00
3.760297776459965657e+00
3.519455072970618659e+00
3.689124479045664984e+00
3.345179805250857452e+00
3.687182602859730096e+00
3.753797959754800573e+00
3.557572848559527490e+00
3.795233346995678936e+00
3.592160188067120785e+00
3.388028900857172232e+00
3.563625548747297422e+00
3.519455072970618659e+00
3.801482650538460906e+00
3.614415305105767473e+00
3.520257673574710644e+00
3.623104159350819309e+00
3.376034605804705269e+00
3.516934704181475801e+00
3.516934704181475801e+00
3.591983731081787035e+00
3.584590484529397436e+00
3.558583048516215985e+00
3.391351870250406630e+00
3.613235387716488667e+00
3.629009076730439709e+00
3.574048887605799862e+00
3.743083590930882831e+00
3.747950971318233293e+00
3.588160769969434671e+00
3.621114768198917755e+00
3.520601822906915146e+00
3.474085608575161466e+00
3.389411171921818067e+00
3.391696019582611576e+00
3.562750463015572855e+00
3.391351870250406630e+00
3.684269891001488162e+00
3.747950971318233293e+00
3.623104159350819309e+00
3.505542178583866963e+00
3.736337163612756029e+00
3.556358304277174476e+00
3.366735737460087474e+00
3.552155342209927902e+00
3.557698371028731099e+00
3.372744704601910559e+00
3.519421905517636340e+00
3.391696019582611576e+00
3.685833713101709819e+00
3.743400216213133458e+00
3.592553030484011867e+00
3.476349068719450930e+00
3.489423863082727006e+00
3.559668961143843902e+00
3.467148201973258015e+00
3.579264823378866645e+00
3.388028900857172232e+00
3.501650507926214129e+00
3.684520633611359841e+00
3.753797959754800573e+00
3.721362034523274076e+00
3.609151634869528280e+00
3.560835275481092133e+00
3.391351870250406630e+00
3.491519817738085063e+00
3.580834420356203474e+00
3.589790225573366023e+00
3.681793793426309414e+00
3.558195817739448596e+00
3.727659694652164735e+00
3.609151634869528280e+00
3.760297776459965657e+00
3.742141191040792236e+00
3.651499797396640101e+00
3.716242939662398825e+00
3.777118773664867479e+00
3.591551435362235978e+00
3.613235387716488667e+00
3.485161151429802207e+00
3.636827974048733481e+00
3.382687744495413540e+00
3.740997514448193062e+00
3.358398545394182033e+00
3.564363178820736167e+00
3.389411171921818067e+00
3.562942837194523094e+00
3.736269441114154155e+00
3.590803697337832556e+00
3.482994148001115953e+00
3.551783118922828386e+00
3.579718627484253624e+00
3.629811677334531250e+00
3.389411171921818067e+00
3.578576666353495028e+00
3.626148784357475563e+00
3.471797726213072810e+00
3.715010084816158908e+00
3.711673595721788566e+00
3.388028900857172232e+00
3.529688188043257124e+00
3.614071155773562527e+00
3.689182412026998925e+00
3.616306285144732513e+00
3.742174358493774555e+00
3.739653989704631698e+00
3.516934704181475801e+00
3.389411171921818067e+00
3.692371963325024264e+00
3.629009076730439709e+00
3.627870979005942687e+00
3.593894051492754205e+00
3.619045167993929280e+00
3.590188025221155321e+00
3.747950971318233293e+00
3.390549269646315089e+00
3.518316975246121636e+00
3.621147551579538160e+00
3.742174358493774555e+00
3.614415305105767473e+00
3.714826761570058089e+00
3.621114768198917755e+00
3.520364305407726935e+00
3.715010084816158908e+00
3.629009076730439709e+00
3.613268555169470986e+00
3.688383803904558000e+00
3.380437749979588347e+00
3.738057438193831850e+00
3.389411171921818067e+00
3.491519817738085063e+00
3.474085608575161466e+00
3.642440426611949000e+00
3.612130457444973963e+00
3.366188520422688235e+00
3.743321108430071043e+00
3.588907805945844132e+00
3.692263740581377185e+00
3.692239072359120300e+00
3.380585360909804660e+00
3.690841251651847621e+00
3.376034605804705269e+00
3.691278055763942412e+00
3.482994148001115953e+00
3.750053354903841729e+00
3.382687744495413540e+00
3.385972663448865383e+00
3.760297776459965657e+00
3.386432349346372384e+00
3.364686532575816624e+00
3.717813609270147701e+00
3.707251188444240508e+00
3.570089993402954409e+00
3.734312833342873006e+00
3.507454091328303658e+00
3.681239181733731769e+00
3.601079321910299669e+00
3.743083590930882831e+00
3.389411171921818067e+00
3.614071155773562527e+00
3.559308357488235153e+00
3.692560162549225034e+00
3.691076336093070509e+00
3.391696019582611576e+00
3.557698371028731099e+00
3.349682426537195834e+00
3.691556414859419100e+00
3.391351870250406630e+00
3.745212088469036082e+00
3.563912264081944947e+00
3.609151634869528280e+00
3.613235387716488667e+00
3.614177787606579262e+00
3.376034605804705269e+00
3.390549269646315089e+00
3.340579495093320972e+00
3.579286813789421373e+00
3.585549139258417561e+00
3.609151634869528280e+00
3.391351870250406630e+00
3.592366106108225488e+00
3.704892109203528072e+00
3.489423863082727006e+00
3.388028900857172232e+00
3.721431850114191420e+00
3.349682426537195834e+00
3.576464303421968083e+00
3.489423863082727006e+00
3.391696019582611576e+00
3.721034673649461499e+00
3.501650507926214129e+00
3.513550155590998259e+00
3.514878466773168952e+00
3.627870979005942687e+00
3.552806210693625566e+00
3.354088344676812383e+00
3.743083590930882831e+00
3.614177787606579262e+00
3.559239757545602068e+00
3.687540045662920374e+00
3.520601822906915146e+00
3.364686532575816624e+00
3.690330902894146448e+00
3.333493706951228042e+00
3.520257673574710644e+00
3.740370693200293140e+00
3.592077815077350245e+00
3.734312833342873006e+00
3.471797726213072810e+00
3.648212970340563466e+00
3.493592335900120194e+00
3.351897411892564627e+00
3.517651407677137243e+00
3.717066573293738241e+00
3.495641540784391044e+00
3.559021921770578967e+00
3.692706998548962005e+00
3.732303442780145808e+00
3.629811677334531250e+00
3.614415305105767473e+00
3.692808555731501574e+00
3.583182986119087587e+00
