-5.660924804808081801e-01
1.189506723626433393e+00
8.336438566038403275e-01
8.289611909108319798e-01
1.086083898250318480e+00
8.641047761538037664e-01
4.085280754435160477e-01
2.404753326337042640e+00
9.143977603696673562e-01
-2.148869171243303455e+00
1.926101029230973705e+00
5.397723119044632867e-01
-1.721154218951899129e+00
-6.219876624271608589e-01
7.298421510445298743e-01
-7.831659619222218760e-01
1.471956579916633145e-01
-1.282372650242541212e+00
-5.555439841045226729e-02
-5.258578550692775133e-01
3.781136977206906447e-01
1.321286171055514325e-01
1.242127350646944572e+00
-1.606090319458625570e+00
-4.502820830744899694e-01
-1.568715744715198368e-01
-1.395556616211135470e+00
-4.593897115848528251e-02
-4.968935892818753808e-01
6.376092085728942704e-01
-4.560777216302035475e-01
-7.546310852642577061e-01
2.690208012696799322e+00
5.657239636593039966e-01
1.981296226498485691e-02
-1.454154413905054399e+00
7.146830426578548723e-01
-6.874175260402183053e-03
1.011355365578752163e+00
2.761373145938697871e+00
-2.375595809433435068e+00
1.110226179880752229e+00
4.497165717413294517e-01
8.552652297534184267e-02
4.034167929045689993e-01
1.552785747389651971e-01
7.772226280087246586e-02
-5.946863904012003599e-02
2.306867871568517858e-01
-6.137022175222326403e-01
7.685641182031189844e-01
-5.075203570590131052e-01
1.659716336632491629e+00
7.579969076696880803e-01
-4.315614752988556901e-01
6.590180705632726621e-01
7.089448892163897620e-01
1.390055772345935914e+00
-9.969047318468514662e-01
-4.997681568197682167e-01
2.755743049651397311e-02
-6.929752759110113791e-01
-1.045073398189903857e+00
-1.300252552238293280e+00
9.441784551906171608e-01
-1.102574893171828357e-01
-6.329952778407672564e-01
9.357489558663589779e-01
-1.848355989110051834e+00
1.256577264705483588e+00
1.894726684269398276e-01
1.583963972431433831e+00
6.491214013762250934e-01
-1.559550473210346233e+00
-5.775668969728903201e-01
-3.033520631156463310e-01
-7.480718785054751852e-01
2.278960815621349223e+00
-2.336903041233999723e-01
-1.568545310080276534e-01
4.264340769024301814e-01
-3.254391976537742148e-01
-9.782185170439695876e-02
-1.158191157095166401e+00
-6.075245676050885502e-01
-2.579550740265256544e-03
9.029523914151942332e-01
5.346585265373361706e-02
1.103697678793897463e+00
-9.405815946427574792e-01
1.210722392061411412e+00
-5.538855964206579330e-01
-8.688371720217195060e-01
7.884014831413467261e-01
-1.221558746936117990e+00
-1.777422733397364674e+00
4.899907000441274252e-01
-1.727392329071697763e-01
-8.261108080473043846e-02
-5.078054947557650856e-01
1.052712568512017971e-01
-1.791076721326300136e-01
2.569131528457710770e-02
7.503376549416891361e-01
1.249999675643186148e+00
-5.591101059797128903e-01
-7.700195746830031940e-01
-1.176801679940108203e+00
-1.075946863934663877e+00
8.973464087086412411e-01
-3.940744963673692980e-01
3.339933795754359003e-01
5.361936989449788138e-01
-3.868585521677766342e-02
-1.981597625492119430e-01
4.614793844795029854e-01
3.476326635217809602e-01
7.260161535259587184e-01
2.120127035508251323e-01
-1.026285013946215185e+00
2.963805752805209193e-01
1.742975880113470044e+00
-2.464998114174924149e-01
4.989243349724835075e-01
-3.788952414067624508e-01
7.642933902566111382e-01
-8.173029974058637626e-01
6.879231056872210370e-01
-5.508475366020328945e-01
-1.131638033937878873e+00
2.887528824459872911e-01
8.519800349448645171e-01
2.714976719071259814e-01
-1.259879710749111092e-01
1.500983238877873882e+00
-7.179796409726194595e-01
-2.312407311502668594e-01
-4.981669025374745319e-01
-1.915551574699415061e-01
9.803668512846993588e-01
-4.413658146867893706e-02
2.277061920192711142e+00
6.801319156643760577e-02
-1.523828098123331642e+00
6.047321958593261382e-01
1.152533736673015508e+00
6.055035352647415436e-01
-2.526679254882367998e-01
1.689819685373924463e+00
9.184880414321472397e-01
-2.778558291407072778e-01
7.141780195693666622e-01
-7.484154214597743549e-01
2.991388248367838454e+00
-5.311381724952590755e-01
9.103817169048727953e-01
-1.566780786704255746e-01
-8.972523151666763619e-01
-6.938279077770550529e-01
8.656581639186579080e-01
8.910795072319649401e-01
6.047751098388185476e-01
2.199591894496790989e-01
-7.019218332041031738e-01
7.783976368907928878e-01
3.055640775560386491e+00
1.262465668434290977e+00
2.252851352322718104e-01
-1.398787872787359943e+00
6.473080014787445380e-02
-9.212186659343662987e-01
5.637044510245231566e-01
-2.382353703462634364e-01
1.107910756259393503e+00
3.729646691281729431e-01
5.215073326315208257e-01
-5.828897201138812934e-01
-9.097806064267607296e-01
1.179939453856771125e+00
7.237986097466094781e-01
-1.191619855439735476e+00
-2.536997143462354498e-01
9.047172373406825452e-01
2.517036126286293918e-01
-1.210725358977945199e+00
8.445795496114233414e-01
-4.205456808850783768e-01
-5.374432928783818841e-01
5.837017887282218084e-03
3.416565168597478219e-02
4.732254096620855388e-01
1.830548735251838810e+00
-5.907814906647813613e-01
-1.219418239599416760e-02
1.676376907033920283e+00
7.340971561707061721e-02
-1.531959308390163033e+00
5.270083632081806746e-01
-1.507259816580817979e+00
-2.404166323105144665e-01
8.506114105117243418e-02
1.599255856773698289e-02
-3.615898442246732736e-01
-5.868340503943337422e-02
3.143569009949561538e-02
-3.589705961820410796e-01
6.578043632072914926e-02
9.054346244382361145e-03
-1.384225360971664820e-01
5.539314132247262767e-01
8.318514022759475601e-01
-3.780945549059856470e-01
5.620457459070182793e-02
-2.973127316490462024e-02
2.452415433518414289e+00
6.595971914765212940e-01
6.689221907944591372e-01
-7.911718418149350507e-01
5.602796155670662914e-01
-9.681238812746049138e-01
-1.330050708714119789e+00
3.237939478633589663e-01
-8.323705695208699629e-01
8.653651730970587930e-03
6.146126486499645658e-01
2.905003451684514681e-01
-4.498137496812920633e-02
-9.125067103412631830e-02
4.135555123789909637e-01
6.667172225565671795e-01
-1.909881672023355792e-01
5.600957298279181096e-01
7.107864226536160235e-01
5.638312490352319628e-01
6.952836359514079634e-01
7.792378085677739152e-01
4.115562758662363874e-02
9.456585298122658356e-01
1.013487517028142548e+00
-5.874692926783754432e-01
-6.620986937940482875e-01
5.567836081172110596e-01
-6.838498595746252962e-01
8.379454581341665431e-01
2.203979789321746652e-01
7.660161485806786796e-01
8.449574262597465690e-01
1.085889264263770082e+00
2.640288695279251474e+00
-7.251964795867494873e-01
-2.172071006296618645e-01
-5.891892029246342810e-01
-2.002577326800083213e-01
1.695143031893672769e-01
6.591680772298268431e-01
-4.633354002311814157e-01
-1.154447470190183844e-01
1.384300411461984459e-01
-5.534771989792451885e-01
-3.256605605182168184e-02
2.387434309884773231e+00
8.626940555672342192e-01
1.266741923805077885e+00
-6.724477136490503160e-01
-2.963745708463419448e-01
9.351412890167344338e-01
-3.784379356164641744e-02
-6.824249465316611918e-02
6.271091508744224274e-01
1.330941241152324706e+00
-1.202967302222840651e+00
1.327050817572033303e-01
9.532273428643598390e-01
-7.513598012116113889e-01
-7.560089214501209964e-01
9.400945953628858653e-01
-1.208133270763113387e+00
-5.073039368701210972e-01
9.452362882533865696e-01
2.199562596296628925e-01
4.850792247321877304e-01
8.566821939733483271e-01
-1.201640070520133774e+00
-1.167340816953629457e+00
2.953089633574893291e+00
-1.116923609982792831e+00
-1.014186154426861997e+00
-7.377831414412872046e-01
-8.119597456900979893e-01
-9.711674320038718999e-01
-2.197998520809035100e-02
3.023286215331961735e-01
3.768298567997673820e-01
7.226958486169072771e-01
2.473828102676175200e-01
1.768587309585361256e+00
-1.524610197374521858e+00
2.145759553512167184e+00
1.173520251693731309e+00
5.713536733995663308e-01
-5.518165535777269648e-01
1.472040027212480728e+00
1.543801971025792474e-01
-6.181257244067182022e-01
2.328579313514411997e-01
2.571990256132836716e-01
1.866726993961282388e-01
4.459461621329244285e-01
-6.782107404536706907e-01
3.514567763486224905e-01
-9.238664631489055257e-01
4.908312726104147594e-01
-1.157954010441476056e+00
-8.821383856110817656e-02
3.043998401521160746e-01
7.573590886931710342e-01
3.245794434881428270e-01
-7.754128416622011466e-01
-1.590616410036222339e+00
-3.143432883460332006e-01
-4.008822852957028560e-01
-2.512311569331843741e-01
1.111797657826468111e+00
-1.468890605800714233e-01
-5.690041250652472238e-01
-6.267492455017970032e-01
1.905576207759162699e+00
1.958202114072571942e-01
-6.408532643454118993e-01
-2.997870413123938649e-01
-1.483699546446129447e-01
-2.768805132660560608e-01
7.007825660535252354e-02
-5.677500753186724980e-01
-1.229177989598539744e+00
-5.496190909880876996e-01
2.454404703205372296e-01
-7.537640768259084023e-01
-3.676861391308939297e-01
4.880853393489369418e-01
1.077312851578775404e-01
1.155165712325447736e+00
-1.595370709918100538e-01
6.548803970722729684e-01
-5.512016767506637827e-01
1.039147282573203990e+00
1.355294653015045370e+00
6.223406221295224583e-01
3.158838697255014760e-01
-1.489128644650720590e+00
1.877627822710214334e+00
-6.950691105219486410e-02
8.809078947709489404e-02
3.950890445772543558e-01
-6.660313744666370717e-01
5.246653510402095044e-01
-2.599905444960979861e-01
-2.889011572930184624e-01
-1.303363274575631836e+00
9.527398409743271790e-01
6.851878728455572665e-01
3.774341424923142729e-01
1.627188732249225556e+00
1.124700939754152085e+00
-4.993027642095210772e-01
1.471266773503123293e+00
-2.770822804060496525e-01
5.799168745024694260e-01
-6.943674994695918645e-01
4.352200553614525846e-01
7.531036629164528096e-01
-7.003190527208439375e-01
1.198508502835758494e+00
9.357932532998244346e-01
-5.339425120297031091e-01
4.491223260097477188e-01
5.952602728305302904e-01
9.498579096292738555e-01
-6.080830913637444990e-01
-3.221892514537790242e-01
-4.342529025899929396e-01
-1.990635036838911409e-02
1.126667462558926108e-01
-2.668005875756465292e-02
4.806509749845672141e-01
9.632454221649587867e-01
-1.539035077588319478e+00
6.595052005294405051e-01
9.480005409965012175e-01
2.081039384774310719e+00
-1.457531888963261135e+00
-2.943649691108216615e-01
-1.424267920739995530e-01
-2.202852102672346657e+00
4.678481263743126117e-01
-1.477137959453532989e+00
2.052719942970262057e+00
-4.607439052398357715e-01
-1.532816587933264696e+00
4.451589950977472565e-01
-1.834774035717344765e+00
1.397830982481531370e+00
-1.107934037397143197e-02
1.506989427796654735e-01
7.590374865509025293e-01
1.482423261024026662e+00
-2.931117075284332338e-02
-3.508691898755781149e-03
-9.594200115253239680e-01
7.199134706025408503e-01
2.729834404460824149e-01
6.905159712153913221e-01
-4.595784845481560299e-01
-4.293486704117498443e-01
7.765364038120917689e-01
1.815967462599946776e-03
-2.630937166145386752e-01
2.223388069046558169e+00
2.012599134091981878e-01
-1.220851433826207533e+00
-3.306295957406393260e-01
-5.907518999093402945e-02
-4.956436990871983528e-01
5.931757200537516317e-01
2.849115514451934228e-01
3.139680824606986831e-01
-1.327977962228678588e-01
1.318958673624331945e+00
3.065043114127618054e-02
-9.691758885162252701e-01
-3.357916670891326616e-01
-6.021819950270907995e-01
-2.327564959045899939e-01
-1.774953380999825248e+00
8.722057163020263681e-02
-3.660035819333470331e-01
