8.363085228784605363e+00
7.915730856431223650e+00
1.061085716020801861e+01
7.327402856199626946e+00
1.037233314913006410e+01
7.792211810237190228e+00
7.688562561808537588e+00
8.057724412423173277e+00
8.088036643071895071e+00
7.600482415276341719e+00
8.692910641629204349e+00
7.915730856431223650e+00
7.712870448618182273e+00
8.631477106413568023e+00
8.541856328635661910e+00
8.497352291647212397e+00
8.486884281633763294e+00
8.184596892087933284e+00
7.723368350878019761e+00
7.645250215852682274e+00
7.460003362507763747e+00
8.184596892087933284e+00
1.039635852680188677e+01
8.485136263616645635e+00
8.814270353052171103e+00
8.461851260523140184e+00
7.585257263700078134e+00
1.053464237923591007e+01
8.415378648278860396e+00
1.061085716020801861e+01
7.629218259763517196e+00
7.673916294658948978e+00
7.792211810237190228e+00
1.034008632776052039e+01
1.036372616633802934e+01
8.692910641629204349e+00
7.723368350878019761e+00
1.059563200863175325e+01
1.062143921410845415e+01
7.935921039590160042e+00
8.265675102659704621e+00
7.689141446235212562e+00
7.645250215852682274e+00
1.061085716020801861e+01
8.529952350487931767e+00
8.582355272686310599e+00
1.059563200863175325e+01
7.673916294658948978e+00
7.883520350884849925e+00
7.585257263700078134e+00
7.792211810237190228e+00
7.689141446235212562e+00
8.385208689376957736e+00
1.046021795368331375e+01
7.883520350884849925e+00
7.688562561808537588e+00
8.531110330547255316e+00
8.110962724565812465e+00
8.814270353052171103e+00
8.749025661386458097e+00
8.468632918384980002e+00
7.724739533461558061e+00
8.545368126085202576e+00
8.469911112040382051e+00
8.152344684889646587e+00
8.580562386766327876e+00
8.756010465571263168e+00
7.568123799145927144e+00
7.900505704854958289e+00
8.088036643071895071e+00
7.600482415276341719e+00
7.738593502454285122e+00
8.833276185452991314e+00
8.729943470715399556e+00
8.811629276155839463e+00
9.205556542870564130e+00
1.051941722765964649e+01
8.007120482069691292e+00
8.152344684889646587e+00
8.378023357522581094e+00
8.814270353052171103e+00
8.207778392054962069e+00
8.480563880746517569e+00
7.561786956814956717e+00
8.017928627971555144e+00
1.037233314913006410e+01
1.053464237923591007e+01
7.888710653666183958e+00
1.025508596006907069e+01
8.112338863905497632e+00
1.046021795368331375e+01
7.705854107896080052e+00
9.131473553316732605e+00
8.366422635103100802e+00
9.058222748540504909e+00
8.894020294445464714e+00
7.600482415276341719e+00
7.792211810237190228e+00
7.722391304877267437e+00
8.101364909969014150e+00
7.689141446235212562e+00
7.680273046099236112e+00
7.699277364485694441e+00
8.407282719649373348e+00
8.891843993603661289e+00
1.079579784853948965e+01
7.723368350878019761e+00
7.606058313826218331e+00
8.757699740743266403e+00
7.792211810237190228e+00
1.034008632776052039e+01
7.814196840679286105e+00
7.643167379304602882e+00
8.731916628439201133e+00
7.689141446235212562e+00
1.064744913801604831e+01
8.634180694549232982e+00
8.088036643071895071e+00
7.382735600492440931e+00
8.783644050079075782e+00
8.385826811949335990e+00
1.067366272786727244e+01
8.442451299588384472e+00
8.534141581434811386e+00
8.418841307799539209e+00
7.971859811136919660e+00
7.685078897134106413e+00
8.057344416782907359e+00
7.689141446235212562e+00
1.059563200863175325e+01
7.416566092155723489e+00
7.908132412872512340e+00
8.317138598124820703e+00
7.792211810237190228e+00
7.444778210931500162e+00
7.678387285596477874e+00
7.792211810237190228e+00
8.814270353052171103e+00
7.989099624721137438e+00
7.738593502454285122e+00
8.298755654228788359e+00
9.479823283586776839e+00
8.273760128044031603e+00
8.431197638141194162e+00
8.632769412829468081e+00
1.062143921410845415e+01
8.909245446021728299e+00
8.446554468638542090e+00
8.051535350996477547e+00
8.072811491495629710e+00
8.037116109819830712e+00
7.835716605740898011e+00
8.900065390516401109e+00
1.030141268588479520e+01
7.639609016921188989e+00
7.665099758187166046e+00
7.674858614546467450e+00
8.516117468971843962e+00
7.665017003675372642e+00
7.673916294658948978e+00
7.776986658660926643e+00
7.560955042866475573e+00
1.071530608275113039e+01
8.692910641629204349e+00
7.835716605740898011e+00
1.054462196292008613e+01
8.740744130812963419e+00
8.002703476395289783e+00
8.112338863905497632e+00
8.155023827933758795e+00
7.690280070677745883e+00
1.058525172564947425e+01
7.673916294658948978e+00
7.627942227728339297e+00
7.817599550649055651e+00
7.690280070677745883e+00
8.798276801477511455e+00
8.747622036084235830e+00
1.054462196292008613e+01
1.062143921410845415e+01
1.041158367837815213e+01
7.857450469031884488e+00
1.042057809528996870e+01
8.692910641629204349e+00
8.677685490052940764e+00
7.406079160154862784e+00
8.319293410442609726e+00
7.680273046099236112e+00
1.032486117618425503e+01
7.475621876189870285e+00
8.333417913714974645e+00
7.643167379304602882e+00
8.869308060208124900e+00
8.634180694549232982e+00
8.332815912078178400e+00
1.072670469545156458e+01
7.654679955994849294e+00
8.909245446021728299e+00
8.378023357522581094e+00
7.643167379304602882e+00
8.283946728670642301e+00
1.078057269696322429e+01
8.603787055438667508e+00
8.362423560726682581e+00
7.853845139228581296e+00
8.621780997314310468e+00
8.427226148012120888e+00
7.643167379304602882e+00
8.814270353052171103e+00
7.792211810237190228e+00
7.690746905805734279e+00
7.850941757317161596e+00
8.752505294085610288e+00
8.184596892087933284e+00
1.058525172564947425e+01
7.659633462970203865e+00
7.723368350878019761e+00
8.973621224714479538e+00
1.066267428959231189e+01
8.471167891492463298e+00
8.112338863905497632e+00
8.470603381225441098e+00
7.632790805675607970e+00
8.255241688294894686e+00
7.643167379304602882e+00
7.638064302923672777e+00
7.723368350878019761e+00
7.629218259763517196e+00
8.692910641629204349e+00
7.776986658660926643e+00
8.088036643071895071e+00
7.431791243731988850e+00
7.627942227728339297e+00
7.627942227728339297e+00
8.088955065450274873e+00
7.861085270570829842e+00
8.493633928280519996e+00
7.792211810237190228e+00
8.829495504628434688e+00
8.265675102659704621e+00
7.719976088998911301e+00
8.742474589167001042e+00
8.002703476395289783e+00
7.940172893211548732e+00
7.685078897134106413e+00
7.835716605740898011e+00
1.064744913801604831e+01
7.689141446235212562e+00
7.850941757317161596e+00
8.632495611874404062e+00
7.792211810237190228e+00
8.412042926256516395e+00
8.002703476395289783e+00
8.088036643071895071e+00
1.027815459635064599e+01
7.685475325516788914e+00
7.598403649388346004e+00
1.041158367837815213e+01
9.201367962147896762e+00
7.604921615009851088e+00
1.034008632776052039e+01
7.972301468740128350e+00
7.850941757317161596e+00
8.441837741121279493e+00
7.943647692361142987e+00
8.151480588387748583e+00
1.062143921410845415e+01
1.046960359476586255e+01
8.521471742345351430e+00
1.072670469545156458e+01
7.778754276836385095e+00
7.643167379304602882e+00
1.032486117618425503e+01
8.416563518676104749e+00
8.112338863905497632e+00
8.118563094392616364e+00
8.442451299588384472e+00
8.556204317204979759e+00
7.792211810237190228e+00
1.044499280210705017e+01
7.800060705215176249e+00
7.989099624721137438e+00
8.371659977306988409e+00
8.484517825600159213e+00
8.258534976467766242e+00
8.442451299588384472e+00
7.659633462970203865e+00
8.814270353052171103e+00
9.697424411558856150e+00
7.904008178028699483e+00
7.645250215852682274e+00
8.062503227905835956e+00
8.829495504628434688e+00
1.051941722765964649e+01
7.669905107571112879e+00
7.524453750791058049e+00
7.917935608784018697e+00
1.050963657235541326e+01
7.642752667189312454e+00
7.689141446235212562e+00
8.642836069685035483e+00
8.387698775602252965e+00
8.027232853677155333e+00
1.054462196292008613e+01
8.370955279257149328e+00
7.784708277808365828e+00
8.319293410442609726e+00
7.689141446235212562e+00
7.770020312586399136e+00
7.679927478078905523e+00
1.067366272786727244e+01
7.876015295143257156e+00
7.814196840679286105e+00
7.643167379304602882e+00
9.604536810198702312e+00
8.634180694549232982e+00
8.523600233811006177e+00
7.690280070677745883e+00
8.565337235190062515e+00
8.469911112040382051e+00
7.627942227728339297e+00
7.689141446235212562e+00
8.816706639409293444e+00
8.265675102659704621e+00
8.216223046440632061e+00
8.224704484804483684e+00
8.017928627971555144e+00
8.003143196168576168e+00
8.002703476395289783e+00
7.738593502454285122e+00
7.673916294658948978e+00
8.051535350996477547e+00
8.565337235190062515e+00
8.692910641629204349e+00
7.872139985312963439e+00
7.685078897134106413e+00
7.900505704854958289e+00
7.876015295143257156e+00
8.265675102659704621e+00
8.580562386766327876e+00
8.501079338116063866e+00
1.024743098110360151e+01
8.427226148012120888e+00
7.689141446235212562e+00
1.044499280210705017e+01
1.064744913801604831e+01
7.665099758187166046e+00
8.531110330547255316e+00
7.342628007775890531e+00
8.677685490052940764e+00
8.184596892087933284e+00
8.654152515309036175e+00
8.827770308574727665e+00
7.490847027766135646e+00
8.907019791300106348e+00
7.431791243731988850e+00
8.886329474097527381e+00
1.054462196292008613e+01
8.036310199420212186e+00
7.524453750791058049e+00
1.017991214879005923e+01
7.659633462970203865e+00
7.600482415276341719e+00
1.043580324686623406e+01
8.169371740511669699e+00
7.751935856803798153e+00
7.684428628726890587e+00
8.351197483526835441e+00
1.025508596006907069e+01
8.363522919175917281e+00
8.301972246819806500e+00
8.742474589167001042e+00
7.689141446235212562e+00
8.634180694549232982e+00
7.613192701527975892e+00
8.797900475330495240e+00
8.896169959057749210e+00
7.850941757317161596e+00
7.604921615009851088e+00
1.061085716020801861e+01
8.612231576288291279e+00
7.792211810237190228e+00
7.675054919101480522e+00
8.744245132429817602e+00
8.442451299588384472e+00
8.829495504628434688e+00
8.757699740743266403e+00
7.431791243731988850e+00
7.738593502454285122e+00
1.071530608275113039e+01
8.127017497137456914e+00
7.879705957195096921e+00
8.442451299588384472e+00
7.792211810237190228e+00
8.122269462430455889e+00
7.724739533461558061e+00
1.046960359476586255e+01
7.643167379304602882e+00
8.130301503706714783e+00
1.061085716020801861e+01
7.745203946890380386e+00
1.046960359476586255e+01
7.850941757317161596e+00
8.084635300696785265e+00
1.032486117618425503e+01
7.545729891290210212e+00
1.016468699721379565e+01
8.216223046440632061e+00
7.582543988507702615e+00
1.055984711449634972e+01
8.742474589167001042e+00
8.757699740743266403e+00
8.510030457889852684e+00
8.479643071148977640e+00
7.835716605740898011e+00
1.043580324686623406e+01
8.561170609285644773e+00
1.079579784853948965e+01
7.776986658660926643e+00
8.894020294445464714e+00
8.262306215828104428e+00
8.351197483526835441e+00
1.067366272786727244e+01
7.660475367428947635e+00
1.042057809528996870e+01
1.058525172564947425e+01
8.052051410133421072e+00
7.924947741635283371e+00
1.039635852680188677e+01
9.027549829811112758e+00
8.699448316116251689e+00
7.690628956319814691e+00
8.319293410442609726e+00
8.692910641629204349e+00
8.723830080994151359e+00
7.836255963351741904e+00
