2.736845501336219177e-01
1.731214106261532049e+00
2.412779766250571889e+00
2.059163432394380155e+00
-3.588698034146497323e-02
2.038311795012507158e-02
-7.421652905679143597e-01
-4.450087187060924321e-01
1.800924936479813832e-01
-6.873275413737316430e-01
-7.669435940581523781e-01
-9.290359131767415846e-02
3.989390735447872482e-01
4.499296413646710069e-01
2.397914941987514759e+00
3.672751397539426588e-01
-2.467007568856046884e+00
2.290436003228654371e+00
-2.788449964932447900e-01
-2.122310013134676598e+00
2.070334869816171375e-01
-1.047905991224015398e+00
2.229282898717395156e-01
-5.041488620604570592e-01
-9.146303537543989948e-02
-1.037906408763046295e+00
1.290051726467902782e+00
2.039748739057595461e+00
-9.898784755985030603e-01
-6.223428062480577116e-01
-3.653938145518106917e-01
-1.514140150265006479e+00
-1.599103479144250717e-01
-4.731920119344784625e-01
1.136117558086462420e+00
-1.055852323538307713e+00
2.487832964501637711e+00
8.155339433743705735e-01
5.794600885450580385e-01
-1.334340485530313147e+00
-7.000216225060258424e-01
-1.120906587218702510e+00
-7.487797066851481498e-01
9.999884791083557545e-01
-1.015456123993670579e+00
2.608626628935061920e+00
4.053189025118403288e-01
6.607788268466521231e-01
5.033687194916348639e-01
4.134266768716435281e-01
-3.517182889919789335e-01
5.026950893298872680e-01
-9.679853862141205578e-01
5.054792083543179437e+00
-1.519971368805195788e-01
1.195117012880488661e+00
1.679377027954050750e+00
3.084391728249495923e-01
-1.296158677133500525e+00
-1.604587898642128474e+00
1.561913620107326039e+00
5.285610251250547620e-01
-1.590850604203277729e+00
-3.676057554070186195e-01
2.466632073056261643e+00
-8.506789211858020172e-01
-1.202938087923177829e-01
2.341673426024999949e-01
-1.677832294737941821e+00
-9.479896808179825995e-02
1.096216680565975654e+00
-2.673400812530909443e-01
-2.599861464843697956e-01
1.448443672717372177e+00
-6.203869042400487199e-01
1.475241973448094601e+00
1.497373924528591083e+00
8.212883810858149225e-01
-2.341899027131526534e-01
-8.628473361514096274e-01
-5.630122201472200771e-01
9.798852782464757549e-01
-1.744911287095477270e+00
-7.587671024126138031e-01
2.016155262636801115e+00
6.949561422409363809e-01
-4.679491592410889300e-01
-2.358408005410122854e+00
3.788920450809990292e+00
-1.337164413104411365e+00
2.966948982563130111e-01
-1.174625594227423742e+00
9.782845801416862885e-01
-7.653625866446072123e-01
1.250042164357281077e-02
-1.072112189376954072e+00
-1.075990677024340370e+00
-1.018008108317085103e+00
6.971564551638583795e-01
-1.860910971310972828e+00
-1.588648569837671554e+00
8.602322805778102044e-01
-1.215466732868486943e+00
3.225088559454443726e-01
-4.816327562808799811e-01
2.858506975938584493e-01
1.025331371226038346e+00
-4.057424677573200911e-01
-9.445718681920918514e-02
-3.935318375016134240e+00
7.997590505483108403e-02
9.816123746501431713e-02
-1.285458983886346385e+00
-4.716084470773916903e-01
-1.534481240761071064e+00
4.846923906447638680e-02
-4.914899609771096745e-01
-1.222476150895216662e+00
1.307402261924409226e+00
8.699452784812528039e-01
9.280058981834633514e-01
-7.113722931996595555e-01
1.461910497781375717e+00
1.896914162347355770e+00
-2.067245762205614790e-01
-9.898782244331547076e-02
7.888320482154370650e-01
1.051134947185302204e+00
1.467471718879697740e+00
1.968665571473877853e-03
-1.493414815546524610e-02
-2.142767752609427978e-01
4.086987934621126861e-01
-6.178625501634366080e-01
-7.160553475260537926e-02
1.500351029984437812e+00
5.917658435132182315e-02
-4.674582374440909294e-01
-2.302641293771364062e+00
-1.843561147946159717e-01
4.145685765461520345e-01
1.248938418380285631e+00
-1.049248652809072091e+00
2.021466074787708345e-01
2.377440378923334763e-01
-1.731040030319023204e-01
-6.177655299642531572e-01
8.802822824505678323e-01
1.570158429041378367e+00
7.715258708017523892e-01
-2.753871971889414461e-01
1.714398661467635199e+00
-8.367343253835368699e-02
-6.031866553110899476e-01
1.140636685871455391e+00
-2.567237619019739903e-01
2.845043003094859246e-01
-1.074349137171851654e-01
2.269080113540594468e+00
2.178476047333350429e+00
1.228614441458098394e+00
1.349302089057277776e+00
-1.067465895821554822e+00
2.237853603334554631e+00
3.342403462159103389e-02
-7.371555046378674980e-01
-6.099598834665890257e-01
-3.844367717241630178e-01
-2.933868619691470947e-01
-9.661945235562868772e-01
1.645969673283556478e+00
1.490661079329572702e-01
2.884884152643079624e-01
7.946221531463971699e-01
-5.550065707365390288e-01
-1.233212447809798745e-01
-4.097272342168681858e-01
-1.335975323347513788e+00
3.629433092377537751e+00
3.224934406489150085e+00
1.603495125365811680e-01
-2.324299124789092896e-01
-3.471186799801048162e-01
1.515497702097964972e+00
-9.261678889416200544e-01
6.657929066493769588e-01
-1.609000529810043600e+00
4.934829366189245614e-01
5.544696968254195779e-01
-2.389775123772743537e-01
4.388850463258777701e+00
-7.381344486076505396e-01
4.676876036239502876e-01
-1.927731306132182687e-01
-3.254153584862808923e-01
-2.399748982579840428e-01
9.642681375763915153e-01
-3.485021454146954301e-01
8.073738303596120769e-01
1.420906885392408392e-01
4.055846462418569165e-01
1.569417202446109938e+00
-1.939233207179141383e+00
7.176044237523092340e-02
4.818061216661265189e-01
4.405909413132430563e-01
8.799358204118715721e-01
9.263050160714437764e-01
1.315628938388178515e+00
2.670193683067178525e-01
1.040040784128112294e+00
1.666630085906970038e+00
-6.242720013757289133e-01
1.595497235774740119e+00
9.000370068973474469e-01
1.238680638781376242e+00
6.717112727075860712e-02
-1.077077188335579416e+00
-4.542969416845051289e-01
-7.318663625108653425e-01
1.033029512852512211e+00
3.552802429358000724e-01
1.858085090572199505e+00
-1.650050111694167265e+00
7.215927773585892879e-01
-2.642439496577675406e-01
2.289076519723322878e-01
5.610347871824870047e-01
-2.461480012896105352e-01
-5.027909164979480483e-01
-1.790465580771875842e-01
9.711149329462217539e-01
-1.644702317825482485e+00
-1.941257351144838994e+00
1.703732452256700114e+00
-8.742935901383064312e-01
8.666970421293875848e-01
-1.587658734331795829e+00
-1.111328148374829267e-01
-9.512014482566153450e-01
4.477921997227726769e-01
1.138871360869427168e-01
1.422358322447751511e-01
-1.230400995819474819e+00
-4.461827495104735419e-01
-7.002516110678541628e-02
-7.254947956773262208e-01
-1.352957513412437640e+00
9.093103794251460037e-02
-1.160337095800610285e+00
4.623920164290586110e-02
1.026688374523001990e+00
5.465799247707935349e-01
-1.402350189557131532e+00
-9.790258543428908000e-01
1.630218179810706894e-02
9.109803420821368514e-01
-9.001641319883196823e-01
-1.929983483579208015e+00
-1.300918465957686454e+00
1.035083361420899628e+00
-3.298300881893058700e-01
-2.496672471536870219e+00
-1.853553678353956791e+00
5.534267520352177394e-01
1.840964585772834616e-01
1.110133850534449768e-01
1.740710720955753521e+00
-1.032506139675300583e+00
4.096115180453034632e-02
8.255659481875767813e-01
5.847434834428937023e-02
-3.928514533559840372e-01
5.024881729116470463e-01
1.065821801141013880e+00
-5.814675067670294073e-02
-1.148053561118160815e+00
-1.247864021203726193e-01
8.001710785592962560e-01
1.460440016865509394e+00
-3.585413293531915513e-01
9.199736017997794946e-01
1.169721921655423325e+00
-5.570262661078724253e-01
-1.229665998907242264e+00
-1.330132162338318658e+00
3.930868733691604833e-01
-1.444236738431443623e+00
5.796969258289631499e-01
1.719352561204576801e-01
3.386738870236296606e-01
1.928405385185604989e-02
-1.452477623603278811e+00
-1.111922417730673462e+00
1.670328380251194789e+00
-8.886021907442854806e-01
3.884152926632690739e-01
1.020818593035150545e+00
6.371386044854401298e-01
1.393167411715236614e+00
-2.110022540997892992e+00
1.118983318722801545e+00
-6.356110084567892504e-02
-1.307901617360441859e-01
1.242839178274411260e+00
-3.332143938829752461e-01
-2.500616516333231121e-01
-6.622878138320783536e-01
2.405719328819455327e-01
1.353173642825096668e+00
-1.965943763479348405e+00
6.127450028681931116e-01
-8.222976243415025532e-01
5.706611015180170776e-01
-8.194261226555138444e-01
2.737478614954063971e+00
-8.139549058792922009e-01
5.755834632007714724e-01
-6.902086842320616089e-01
4.725519312731684685e-01
-1.768022890856745244e-01
-7.247790816579819939e-01
1.597731441364083516e+00
-1.731767392742079859e-01
-4.282758783906936983e-01
1.216284628179131050e-01
1.152500239421423434e+00
-8.735529743620989995e-01
3.466266139667169455e+00
2.946271161895041235e+00
-6.981960823994154408e-01
-8.555660921936109053e-01
5.114868950270268916e-02
-1.190935005177628403e+00
-7.096120564593868529e-01
-1.979076780019039805e-01
8.488031024390199075e-01
1.100475917978432472e+00
1.259299482623440714e+00
-6.571665312742257514e-01
-7.204779732292870831e-01
4.139059940489135392e-01
-1.190027949800376295e+00
-1.003998071965471528e+00
1.015236336958595054e+00
-5.705450782870954418e-01
-3.309022533324527116e-01
-5.474087517612870046e-01
-1.317205864780635283e+00
3.430294768997709659e-02
3.353606617762701636e-01
4.215994574151391006e-01
1.095318858244347798e-01
-1.081956113027132460e+00
-1.481041872673854121e+00
-1.220766019572559147e+00
7.499507213481452217e-01
-1.689994389217942761e+00
-1.031693372386483398e+00
4.363241593106843008e-01
5.209195100561795577e+00
1.698697227914384433e-01
3.017536347779639971e+00
-7.423417364545954467e-01
-2.963171785258120750e-01
-1.788437065534215220e-01
-2.756500776797077834e-01
6.047044813359684357e-01
2.869719669640838702e-02
8.367632553850910815e-02
-1.270494743285238037e+00
-8.653138403505428178e-02
7.854651557381983062e-01
3.448733378423346485e-01
5.139319843590010040e-01
-8.555233744206178770e-01
-9.358385533530622080e-01
1.536672959381618186e+00
-2.009793309287859903e-02
-6.917488925874820671e-02
-2.668406502979864814e-01
7.205523138452740728e-01
1.500798041821551909e-01
-3.248930289564092022e-01
2.595063948548555904e-02
-9.923061880306822680e-01
1.138797650947239587e-02
-5.550747352076134122e-01
1.435237401991665607e+00
5.495030891021708275e-01
-1.204971590403416171e+00
-1.143820131185138145e+00
1.232325171666079355e-01
-2.655167933854970297e+00
-6.630494142637165522e-01
-5.274481117145892739e-01
7.564972207496111212e-01
1.678719298492324652e-01
2.107644202780530607e-01
-7.138953519662167846e-01
1.073285102749256120e-01
7.408955944266788496e-01
-5.128590809355120239e-01
-3.861038438085174218e-01
-5.478011707462148161e-01
-5.705962603643111031e-01
1.482431630983488180e+00
1.144641282185607789e+00
1.285980259237428536e+00
-6.829454319228820403e-01
-1.774359893411140865e+00
-1.529844147465342086e-01
-1.363500927262881079e+00
2.864285247595901862e-01
6.955769327270228120e-01
-4.415707840968956244e-02
-1.333335568782877678e-01
8.631901614243775445e-01
-2.100630813883878345e-01
-6.364268172039193594e-01
4.892314120125544341e-01
1.668652874228674365e-01
2.308244312163832412e-01
-7.965832854468017921e-01
4.757198680738076307e-02
2.501939147038798161e+00
-5.134773402502220696e-01
3.144979023664605799e-01
1.354818208424004577e+00
-1.758330827638887595e-01
6.405194793843429490e-01
-8.024420877385303186e-01
-2.807994173991880116e-01
7.181798635673032338e-01
-9.408152462080667799e-01
8.456854548638773617e-01
