-2.146278133017898715e-01
4.962606502731375380e-01
2.565116751078402313e+00
5.361618381952439893e-01
2.398480792504137649e-01
3.007078480434889900e-01
-1.456634172257982307e-01
3.323959458617876450e+00
-2.428804919289329900e-01
-1.605411325261027367e+00
1.427367424218080494e+00
6.416112222261964870e-01
-1.660142135579055767e+00
-1.482548287745829030e-01
-8.665564178724038946e-01
1.512085548565570980e-01
1.051385604339510615e-01
-8.714346525160592272e-01
-9.461108384905769775e-02
1.675973561775879972e+00
3.567942828276518541e-01
-1.574854086712494050e+00
7.441565549491025999e-01
-7.160002475781425124e-01
9.153945428799127315e-01
5.998802399855983625e-01
-2.551198166593439787e+00
3.297410060527738440e-01
-1.575238016366920235e-01
-2.526012117741058272e-01
1.130320313745818650e+00
-8.498500229608904055e-01
8.326412541347064655e-01
-6.155980479266569549e-01
7.438884531960288093e-01
9.660470577502611178e-01
-1.226542461362962744e-01
1.559462759826053979e+00
-3.939968576881454632e-01
5.051146561021378767e-02
8.596056486457193113e-01
-4.497877504103609536e-01
2.023742461759863165e-01
1.076021830038978555e+00
-4.636463044392328814e-01
-7.860607752549588767e-01
4.426365418979217314e-01
7.030804503341896439e-01
6.973311609367291997e-01
-2.031092171545311409e+00
-3.635607194854082458e-01
2.421077395845877833e-01
1.076779610926015929e+00
-4.292641057268313243e-01
-9.373476380993006618e-02
-1.677208869771997346e+00
1.006847750729806673e-01
-6.778789339446417150e-01
9.916382718595159740e-02
-5.530345459594643298e-01
-3.567989682633239679e-01
1.203930171483001743e+00
2.482122532328922826e-01
-3.814791306171381735e-01
1.002842817789832086e+00
-8.111224185566351386e-02
-9.839727212048261784e-02
-1.360179617807756758e+00
-1.031619511288385027e+00
2.777829279476315763e-02
-1.452654984261624038e-01
1.897704337019551490e-01
-1.098296469530394281e+00
-7.579205611947058552e-01
-5.504464921262613997e-01
6.725430859547900653e-01
-8.999589173318722768e-01
-1.448819042782290567e-01
2.167355551074087838e+00
-1.753540056181543960e-01
-4.624021750668347308e-01
4.776786258489112980e-01
-3.170950183956555146e-01
-6.188278762895825791e-01
4.037534551931725724e-01
-3.769089649208152148e-01
-1.133420089592912738e+00
5.158525527027825186e-01
-8.526679740830963583e-01
-4.745495166477358140e-01
-9.429115668659769911e-01
-1.963954322678358455e-01
-7.430360375449835963e-01
-1.191907041199251477e-01
1.446233714822394156e-01
-9.330291403786080684e-01
7.165399659035764923e-01
3.253332532049849068e-01
3.492584333294861398e-01
3.077423532601273326e-01
-8.776732027385311663e-02
1.171703692297535015e+00
5.828759256162129310e-01
7.603017813464837404e-01
1.696736737656015848e+00
-3.006005333367869348e-01
2.629903835818918623e-01
7.293902255256857758e-01
-9.074480887839024845e-01
5.968875357991844099e-01
3.379264854895456249e-01
-9.956062983897256968e-01
-1.668558345229403106e-01
4.789885990649001002e-01
1.663929030553425448e-01
1.382081440081463608e+00
1.610109025561163310e-01
7.814839425540593965e-01
2.350864604299542360e-01
-8.432895736101495565e-01
-1.418577236069665126e+00
9.702442417206235126e-01
-1.704905272108638292e-01
-7.069666597442626488e-01
1.733880214399969644e+00
2.484395136266392412e-01
7.843329582179594528e-01
-2.502510257853559072e-01
3.380562970664340861e-01
8.318678602150907375e-01
-6.031984694256539714e-02
1.287521307142947213e+00
-2.405652989130531438e-01
3.225343524141088825e-01
3.191198284461236323e-01
-1.531737129243650575e+00
6.046269037721325734e-01
-8.071746299699024130e-01
1.944031467425283710e-01
7.436726368464511294e-01
-2.624207990927832634e-01
7.201965222844731729e-01
-1.682345233935652606e+00
-3.982872765636803480e-01
5.569226450648067095e-01
5.763201143990599462e-01
-3.757413479823243363e-02
-1.640696630918342391e-01
-8.131475567720872766e-01
1.490646191724941394e+00
1.829615004267643452e-01
1.185334297067297017e-02
-1.024455729390202574e+00
9.102404640465658892e-01
-8.639929744101385589e-01
7.113213565626339552e-01
6.843208376373155488e-01
-3.325774818454803605e-01
4.809588341276418988e-01
9.630403531784369475e-01
-4.003579494924385251e-01
-5.001690197435054719e-02
1.140792918182973015e+00
-5.481396291662311154e-02
4.080510835372924694e-01
1.233775906881992901e+00
5.403593334157160699e-01
-1.222226941033238527e-02
2.820063896642875378e-01
2.960954708282856895e+00
1.566734153688862374e-01
9.838876746632200243e-01
5.597965182613973134e-01
-3.065368299545956909e-01
-6.389439173002977590e-01
6.160985289190398229e-01
4.531582436358473354e-01
-3.523595285223892204e-01
-4.694783596132554027e-01
4.025495777149522003e-01
-8.927946620457749560e-01
-7.446596185377172272e-01
2.825183741338672117e-01
1.665915264430045950e-01
7.623174241494001802e-02
-6.435743776640941993e-01
-3.897675312527353331e-01
-2.133126264475934397e-01
7.963970574537487801e-02
5.852857703930213623e-02
3.453011964699754799e-01
3.085638224784821304e-01
-5.503980317486150131e-01
-6.545663297243492496e-01
3.067157542065134024e+00
-9.507246636183683264e-02
1.145420110365251709e+00
-6.862623525776502253e-01
6.113321463266357947e-01
6.450432885042168829e-01
-3.990779146158960344e-01
3.538766540738358390e-01
-1.050261122394034352e+00
6.740016749824112585e-02
-9.805529199384553918e-01
-7.036655785292796894e-01
4.462912428775894780e-02
4.694774855989545803e-01
-9.027775950258081217e-01
2.399714194400066058e-01
1.333273345893660311e+00
7.070959116744315875e-02
-3.455666807757831194e-01
9.237687053943076654e-01
1.292512027216532911e+00
-8.026692145933075340e-01
1.087429958708427513e+00
-4.814136635741356196e-01
-1.124456228476573116e+00
-1.542174573552644867e+00
9.561107164490261212e-01
4.840410832466187085e-01
5.107491820647357406e-01
-9.796839364099642067e-01
2.273349936425914930e-01
6.295136088829478282e-01
2.133498656699567841e-01
-2.432459204346585496e-02
-6.000241519772527843e-01
4.799699934084135089e-01
9.442643191093732513e-01
8.759202127249198222e-01
3.179550672644024800e-01
4.124027543520378258e-02
9.398286594679598760e-02
-1.024822767615800156e+00
-4.652832370345241775e-01
5.802155458134479193e-01
1.057775427973107613e-01
1.064440586102989306e+00
-1.593322501527076440e+00
-3.234767074965197442e-02
1.086578323087802556e+00
-2.612816755579675299e+00
1.868333112867739398e+00
-3.569579802982120187e-02
1.841808746281198284e+00
6.939783257305265352e-01
2.446879023427655231e-01
-1.786049919843199774e-01
2.482451061237824497e-01
-8.985793496510531275e-01
3.284257352160643850e-01
6.821228627974574854e-01
9.137652693703378626e-01
-6.575544997864284369e-01
-1.706127260670709411e+00
7.264602230367389613e-01
-8.820386045439017053e-01
-1.405368953885074879e+00
9.646908478113330743e-01
4.376145724850499796e-01
-5.538376407851400285e-02
1.657389175916228474e+00
2.640095309588916805e+00
-5.171239291186046083e-01
1.570541676256150543e-01
-7.645624747156319623e-02
-1.429208653755609904e+00
1.195920233816411660e+00
-3.961172391616226141e-01
-3.792549663211190747e-02
-9.497566648479314200e-01
1.535130990600888645e-01
1.610686344983959517e-01
5.412669221173234124e-01
1.328097700771142753e+00
-6.211365945522905330e-01
-4.759589757262986387e-01
-6.729485705835558385e-02
4.934735340188353137e-01
-1.543876009241121450e+00
-8.773321737246625451e-01
-3.824612178907153548e-01
3.183477813245947363e-01
2.375377462086688263e-01
1.403170492441455641e+00
7.094335252242672807e-01
-5.352181789172870685e-01
2.309662552851828199e+00
-3.674514779520384744e-01
4.181760674650198961e-01
-1.097168201061167636e+00
1.233041436503951482e+00
1.643575486604741842e+00
-6.579855430915357295e-02
1.495137558223976482e-01
-2.792603640474217164e-01
-5.030951927942879376e-01
5.504921936829909948e-03
9.116753728506716836e-01
-1.102145920316094235e-01
5.235540282173129639e-02
1.180318881396247965e+00
-2.535304570731679585e-01
-1.323408814809640122e-01
1.703825207728209834e-01
1.254612570660771642e-01
4.358639934362262824e-01
1.471342030526956668e+00
5.344555967821166924e-03
9.232619924935872024e-01
8.265704536792911616e-02
2.096512343012643387e-01
-7.352477299040133252e-01
-2.390502901513239520e-01
-6.527352693468980727e-01
1.688268588928104053e-01
-9.579159556563912048e-01
1.051667107458042150e+00
8.820568650539042932e-02
5.276469652866118132e-01
1.055601145011614950e+00
2.983996030855718545e-02
1.818476486770394862e+00
4.639808720000094255e-01
7.867043017932120463e-01
-1.404247058011452776e+00
4.059491064253672454e-01
5.473443700255996580e-01
-5.070074162341665636e-01
1.479631565815288763e+00
-5.918417528072480449e-01
9.224991252334249214e-01
3.546274352639351424e-01
-7.577739643832605010e-01
1.271329509237211497e-01
-8.249811708047198877e-01
-2.604878877168587681e-01
6.392640948191607997e-01
2.639348246153832567e-01
-1.220762083256307973e+00
-9.891343530744154400e-01
5.585848321684713236e-01
-1.481494890449859936e+00
-5.150685494504404494e-01
1.165902244476241023e+00
2.995583523753368449e-01
2.693474373669895727e-01
1.532486518018917554e+00
-4.119367404749781358e-01
4.097830485113103105e-01
4.115745015655305483e-01
8.082493019243450760e-01
-2.037103123426923457e+00
6.912088374693272641e-01
3.432132421269013522e-01
4.716334252622317313e-01
1.816405204822277852e+00
1.695317386494534229e-01
-7.923267272434755260e-01
6.688679983346922375e-01
9.426653849288167686e-02
1.267675949601030805e+00
2.524484658973999429e-01
-8.403670674761418713e-01
-1.225958461262378618e+00
6.490247499444949941e-01
7.971292669264070652e-01
-6.270270535074314866e-01
-3.495670547019860686e-01
-2.697065456987199350e-01
4.914121727988781663e-01
4.785317286646810220e-01
1.282648758414981216e-01
3.539427963426476920e-01
4.895800375682461403e-01
-8.675411097076026756e-01
1.954511176194608790e+00
7.009233216420968082e-01
-2.663222863618658898e-01
8.567184380089212792e-02
-6.790712187574101666e-01
-6.877188318065738937e-01
3.042347882354358157e-01
4.214097586948016283e-01
-3.589988002361035324e-01
7.659483282901392576e-01
2.506358970370820560e-01
4.242818673840083599e-01
4.348537434197942142e-01
-8.463018069841564683e-01
4.915317139760869147e-01
-3.213222281683179471e+00
-6.412803392478878539e-01
8.721551958354637479e-01
-4.838074056124643807e-01
-2.201972940766240505e+00
5.110199431998243558e-01
8.938725860288014857e-01
-8.915904728185518602e-01
-1.695481559607048827e-01
-3.222693784897640579e-01
-3.787677013993197561e-01
1.407120630883707424e+00
9.641413141180579793e-02
-1.556341882222541440e+00
2.394450375545333909e+00
-9.035210599108262075e-01
-1.991449566159806950e-01
7.929116192255015738e-01
-2.870226770073052713e-01
-1.481748652038833158e-01
1.767280743149885147e+00
-6.185568320373983076e-01
-7.007770603419752886e-01
-1.016245521495158455e+00
1.176535127672818926e-01
2.579407878355676753e-01
1.494396009228643241e+00
2.384938395660715360e-01
-1.174823848260671433e+00
3.143118587339322478e-01
9.979349698212857112e-01
1.203185946925479533e+00
1.165110716553703130e+00
-2.605424699507868924e-01
-5.870877603925883648e-01
-1.257965180578615616e+00
5.479290333228817866e-01
-1.189390925270418009e+00
2.156324169751707986e-01
2.330988821767474711e-02
-2.398794216136009294e-01
3.184473615139615799e-01
-9.017349291722361881e-01
