1.192604876591150109e+00
7.099905647993649538e-01
1.824283437233232386e+00
6.132472975399191339e-01
3.517715818281411666e-01
-1.704099828871453726e-01
6.632358802563760314e-01
1.413816287676260552e+00
3.383799519849585713e-01
4.087924572897590481e-01
1.376282068918567081e+00
-4.757287524819592966e-02
-1.513653396472245172e+00
-6.608113102059691712e-01
1.464250930250233340e+00
-1.920864829549748798e-01
-2.442416240519283410e-01
3.631958032742885201e-01
-1.283212415671881601e+00
-4.123731509344507468e-02
3.227476456475057431e-01
-1.286205166958252155e+00
1.068230459520784770e+00
-2.458999205805207644e-01
3.727541398341076562e-01
-4.077856342920168631e-01
-2.143860172328959202e+00
1.304930471752373311e+00
-1.908940572169929295e-01
8.613931207495764131e-01
-1.034989728450947055e+00
-1.239902657657237173e+00
1.673468740615849715e+00
5.519319680013194951e-01
5.845821531816657313e-01
1.280678927414741208e-01
-1.287691929641475941e+00
5.762131483271917265e-01
5.040259484799023415e-01
-8.473175523740608117e-01
7.185561927893600043e-01
-1.539124745490733526e+00
3.395203579311475428e-01
8.677575601819444984e-01
3.337949630918904398e-02
-1.041892223787018512e+00
4.080112541141335258e-01
-3.425002331175450859e-02
-4.907493952668539050e-01
2.113208285440781431e+00
-2.816751267245217516e+00
-6.738414981064336784e-01
2.520008696250735647e-01
2.629811255846385420e-01
6.355877128654661978e-02
-1.194921912430735311e+00
6.706168375761423217e-01
5.078593420630079791e-01
-2.081275978685154238e-01
-5.332569460237820413e-01
4.816075713021054638e-01
3.409151363964998627e+00
2.020906323882264988e-01
2.091298317839737908e-01
4.458757152234135157e-01
5.556882294593268323e-01
6.408219292482988383e-01
8.301121632922663085e-02
-1.437864443805775716e+00
4.128138646120037003e-01
-1.306273390721040428e+00
-8.906439774143465327e-01
-9.701879748795293468e-01
-1.050657479446349463e+00
1.527553827863666232e-02
2.089546758150473693e-01
-4.250552672709896895e-01
1.260133028379851972e+00
5.685411998639263720e-01
3.158742573772028717e-01
-8.477508985454148549e-01
9.587832876889818001e-01
-1.424269691068510424e-01
-7.154078850636151898e-01
6.395928550933068779e-01
2.870186833675327231e-01
-7.709938231859586599e-01
5.045194501289089750e-01
-4.167425071444385565e-01
-4.464218421405254378e-01
-2.576861263311557848e-01
-1.186948859328837008e-01
-1.018926692415297763e+00
-3.115528437077373924e-01
2.873157337855734017e-01
7.194678443793475209e-01
3.180527708137226295e-01
2.975297697654183948e-01
1.731118660308931689e+00
-1.288406882653573005e-01
-1.322372672091819525e-03
5.686008917897453774e-01
6.181708711895029795e-01
1.438893575675621817e+00
9.172130899103259072e-01
6.788674747852434521e-01
-5.357032390324343307e-01
1.568676875290746286e+00
-3.465828970353812544e-01
-1.906901545427598654e-01
6.104309491782927699e-01
-1.162190285568334591e+00
-1.009522690172363624e-01
2.235998089332744687e-01
-1.329572940577101514e+00
-3.296877104287032068e-01
4.919324047954202750e-01
1.871607693688512208e+00
-1.752634222928883379e+00
-9.861776259108571141e-01
-1.062013272245438289e+00
-3.315510941499021369e-01
-4.319011404547378752e-01
-5.254186300888570305e-01
1.028655476369809252e+00
7.450970315674135813e-01
1.167511982554826799e+00
5.404491929807357931e-01
-9.775299435202955411e-01
8.502245348294397154e-01
-6.057384241885731962e-02
7.058750818574691666e-01
-2.812152438397156895e-01
9.966282934665782189e-01
4.770437580289142998e-01
-1.787938299670659870e+00
1.068511375026898413e+00
-2.579608877739956174e-01
3.227548613615838224e-01
1.246748350672042482e+00
1.037623431423139841e+00
2.896075323458172646e-01
7.557393035075613552e-01
-5.239740762560923804e-01
7.306004045491762966e-01
6.386983246191074715e-01
5.695902884158829949e-01
-1.475757197291137079e-01
-1.260766632682675858e+00
-2.672037294798529361e-01
6.118111043543957850e-01
-7.692351276480915434e-01
-4.113456212593346040e-01
-1.939080422746888299e-01
9.632037992575871455e-01
-7.041379207229990500e-02
-1.287881796586249350e-01
-4.125057863888084708e-01
-1.248469868271881777e+00
-8.346573401396668590e-01
-2.005879490355131356e+00
-8.232695868847720311e-01
5.484478453353084371e-01
1.718270930193374346e-01
-2.440878375980427006e-01
8.183328892493653417e-02
1.436037652472444082e+00
-3.802423530464068557e-01
2.102161871408407545e-01
-4.106870357475575495e-01
-7.364545083221987753e-02
2.523754449873176320e+00
-2.916098416763469037e-01
-2.312665127078701754e+00
1.610933520903911065e+00
-2.525863480284032403e-01
1.263227666643463198e+00
-9.278104063800719503e-01
-9.022189414430431542e-02
7.226519357953939959e-01
-9.202123630607882410e-01
-4.106023710810068339e-01
-5.905538997434864878e-01
-2.005664106780438716e-01
-1.844657784363901709e-01
-1.568648284678880511e+00
-1.174545506053022333e-02
6.259508063743812745e-02
9.855010136587163960e-02
1.084463020009467371e+00
-2.495997047233765309e-02
2.210485686568497421e-01
-5.770463045614905306e-01
7.074483024363866779e-01
2.519637959415834683e+00
1.060316077307769334e+00
7.088219643461438069e-02
-1.190186346869382961e+00
-1.766944832369387930e+00
6.091993921331314565e-01
-2.520696853701586901e-02
-4.436172137301838680e-01
-3.825613999440433816e-02
3.587853174100387732e-01
4.416623421903038693e-01
-1.190728347426839306e+00
-1.789942728717526799e-01
-2.448653367219668364e-01
-8.750907667963944148e-01
5.224010320083584125e-01
1.103824429375386496e+00
-2.401981690837048156e+00
8.568608155900988566e-01
6.334848568322373197e-01
6.533530279040687949e-01
-3.350434263618791153e-01
-2.403461965152511315e-01
-4.461791787634115658e-01
1.089079954588725863e-01
-1.683536448214677586e-02
-2.070505662401637137e-01
2.645724849763909092e-01
7.986120372479506013e-01
5.512595945587178692e-01
8.965844406726068694e-02
1.606601271120696284e+00
6.939098382648822838e-01
-9.326755471342158543e-01
6.249534901460888081e-01
5.390327093237962108e-01
6.195683063144135083e-01
9.466133970744631254e-01
-2.042874062208411279e-01
4.663613474587036123e-01
-5.478219747358518271e-02
-3.893391601534254010e-01
-1.347144570917400141e-01
-9.561856977182624506e-01
-2.526968030616703054e-01
-2.645185191620770260e-01
-1.399137287105930882e+00
-1.748054944024224622e-01
-2.643396359778616422e-01
-2.990466634818476632e-01
-3.862876128373211038e-01
1.691578425384012152e-01
3.513827450622652115e+00
-6.376441668060087165e-02
6.281507980720363316e-01
1.067381686696927012e+00
-2.180349934040032966e+00
-1.143388975117240358e+00
7.748866472944401229e-01
-4.533734096980616135e-01
6.168186975910739944e-01
-8.456586925583007286e-01
-6.070026413488341932e-01
1.949999295790974252e-01
-7.775557353134536775e-01
-7.782526583948430332e-01
3.739060914342354214e-01
-7.943191273385320078e-03
-6.967376034515841976e-01
7.422945098287159205e-01
4.590438611688214543e-01
-3.390657157273619937e-01
-1.171592895623277730e+00
-8.108991980803509358e-01
-1.243616344151636133e+00
1.453642571546556628e+00
-3.507191554805133560e-01
-1.423579441672138790e+00
-9.487253497271304348e-02
5.937621640040023907e-01
1.182009280280757135e+00
6.493240721831655682e-02
2.707482636281991262e+00
-1.295138216273196363e+00
-1.728069799430222542e+00
-5.393773720343762734e-02
1.659507615166957661e+00
-3.515857766478296953e-01
-1.160867133448437949e+00
1.519528150953517731e-01
-5.041727492891420193e-01
1.206963128955900855e+00
9.656360735202936807e-01
2.739539470183323666e-01
-2.310763053757987351e-01
2.596619032132763127e-01
-5.183762483739689370e-02
9.373036444391773525e-01
3.386423347809243145e-01
8.888772887807482315e-01
1.435977979421442008e+00
-1.564780354010187891e+00
-5.633772426006889988e-01
5.220225000063063447e-01
4.887657752431184138e-02
-6.291770564311941483e-01
2.921994933405334671e-01
1.975885992845698991e-01
8.219911500682636207e-01
3.975408099143203366e-01
-5.017410707487496291e-01
8.336988176687593066e-01
-2.903477272496118311e-01
5.340761611205836479e-01
1.893079747628645393e+00
-1.029809527683095971e-01
2.593033326655855286e-01
1.788208658625072944e+00
1.560811833876112553e+00
-1.179035605300966655e-01
-6.567596785806999460e-01
-3.445343724607113217e-02
1.590917140686971265e-01
-2.986091332077974725e-01
-1.445194788526866225e-01
9.635743971014762987e-01
-1.271834974563154530e+00
3.949278185022110366e-01
-7.768948351347946257e-01
4.264081645305272672e-01
3.022891740052914833e-01
5.489115906843364256e-02
3.417991275760438596e-01
-7.424168588868544916e-01
8.218377649531346529e-01
-2.088722674051565198e-01
-2.317982066527319862e+00
-1.127134834423898946e+00
-4.765286740265680665e-01
1.025180514396033304e+00
3.853408678511474617e-01
-3.292118243752418238e-01
-2.974662387438212763e-01
1.581528972616600193e+00
3.981378560136694666e-02
1.548699576751118467e+00
-1.400145037108843360e-01
-4.943264338437259320e-01
-1.838928479554146289e+00
4.191824487038758873e-01
-1.156352178816540288e+00
2.757756056969607461e-01
6.513583821535111618e-01
1.451795168770794175e+00
-3.898343553999228384e-01
3.852508627257473783e-01
1.837806550694416119e+00
1.559040501242910659e-01
5.387120545279636824e-02
6.274311391805470484e-01
-1.047531791317306782e+00
1.203148321868107717e-01
8.671502644980395580e-01
7.216127893946793215e-01
-7.798405971922919289e-01
-9.831021823950776284e-01
-4.613671849058362945e-02
6.021308860994557532e-01
3.183243285831757197e-01
6.311158284992054446e-01
1.597799875810094195e+00
3.269662209995430890e-01
-5.123869242534356827e-01
5.682827921884704425e-01
7.102019691418609559e-02
-6.141801159375301911e-01
1.231044029839663434e+00
-1.639043576486808873e-01
-5.268289918885692424e-01
3.652993225654618259e-01
-3.843586430687489508e-01
2.375197666958820397e-01
-6.983157667184500816e-01
-2.252085376273477380e+00
1.715805893378382185e+00
9.198921019265497989e-01
3.657669887676353593e-01
6.977031173287567833e-02
-2.028255573947703727e+00
-5.420872243139007729e-01
1.177362752154098163e-01
1.531316840715474248e+00
1.225685699065563350e+00
6.316850946650028886e-01
-3.723839196509555749e-01
4.754928460442047755e-01
2.689618872649917614e-01
-1.184307338032484919e-01
1.121516417432231461e-01
-2.097107846113251295e+00
6.418463983763528224e-01
8.043874988575642204e-01
-7.087675992562747496e-02
-4.788798826376826634e-01
6.790591852760305414e-02
-2.934346759361058932e-01
-5.752279970089714256e-01
-2.394612201228089321e-01
-9.341598866537791368e-01
9.020105609435556948e-01
3.143179309952978340e+00
-2.597134565253110816e-01
-9.372478705758611195e-01
-4.137976052906941482e-01
-9.260139641858993187e-01
-2.901319041232084395e-01
-1.479297088614379418e-01
8.449250798739605939e-01
1.161372069503360915e+00
7.979120952841071146e-01
-2.351312549422538645e+00
-5.423197418118848034e-01
-5.204651948266723060e-01
8.608090946025146462e-01
-3.388735821854775843e-01
3.773021606303053499e+00
4.836006907749095807e-01
1.091042780747915275e+00
-5.642266880848526012e-03
9.600903662702885144e-02
8.036415346240796120e-01
-1.804378465287212741e-01
-1.349848936427077373e+00
6.016632079668689237e-03
-6.832600005323771208e-01
-7.280982185606001966e-01
-1.234357668273596831e+00
4.462868125600185087e-01
4.124388061723684162e-02
-2.090602600759218221e-01
-7.205828820683900515e-01
5.236351240428160914e-01
