7.003698555584225716e-01
6.661568246097243629e-01
1.313472742542080018e-01
-1.258564440057834410e-01
-2.144625885028114798e+00
4.428836273757478376e-02
1.210238206233093861e+00
-1.756590727513065164e-01
4.189616343243425245e-01
4.292293941072816699e-02
-4.995975828404948249e-01
-9.334717610888951592e-03
1.327116510986237952e+00
8.038554196732909940e-01
-4.422761022632535899e-01
7.586810105933576853e-01
-6.556855237328222674e-02
3.364142950661512810e-01
-7.497108464657452620e-01
-5.234281240061527951e-01
-1.158392119516321150e+00
-9.534434637654570777e-01
5.354700930340074855e-02
1.935175091188538365e+00
-7.524367536834315751e-02
-5.718497133501357910e-01
7.879853479352409984e-01
1.960462750164813361e-01
-6.967419530939028549e-02
-7.754757993509735492e-01
-1.146606693285866785e-01
-1.031042719307507349e+00
-1.492722347515824111e-01
-6.252283249718391112e-01
-6.158615828204492271e-01
-1.011331089929028204e+00
1.048495320975491252e+00
1.031411401328498956e+00
1.688711202540546241e-01
1.773353362990160553e+00
1.280914516711197382e-01
-5.667443472208263389e-01
-1.199608070492403256e+00
-7.524023317451842274e-01
-4.219007316437512478e-01
3.801890614702570503e-01
1.294978513515591789e+00
-2.060108739389790722e-01
1.020687640644559302e+00
9.016077650053025971e-01
-2.212212588294480753e+00
1.676355996231466250e+00
-7.397772067374468463e-01
-3.762974788814347438e+00
2.454256177560601326e+00
-6.425752685393921748e-01
1.880002852570196170e+00
-8.267261369275138994e-02
-6.466522849277741569e-01
-1.037559735161396768e+00
1.295006107402695505e+00
9.565827215695229535e-01
7.416280675254854904e-01
2.075240725773040418e-01
5.044383738020954411e-01
8.215619800161347297e-02
6.554140987673768848e-01
9.357323865801764340e-01
-1.003511741766064808e-01
-5.046239702769728108e-01
3.057809011889099371e-01
7.227250593568772530e-01
-1.945767701043995546e+00
4.229994810683833650e-01
-5.076212580627813553e-01
1.374731273587376457e+00
-9.774687973060863788e-01
1.465403729194086901e+00
1.627172091984386837e+00
1.711845860249541884e+00
7.816178342873945084e-01
2.800326267294213703e-02
8.178519276217076361e-02
-2.616018838390735679e-01
2.304868175363595562e+00
-2.539655305103767802e+00
-1.462299528932375470e+00
-1.394013020098721523e+00
1.832603471834185760e-01
3.262655867417874056e-01
1.687749323247769606e+00
-3.044780670658590593e-01
-1.105241929880940444e-01
-9.302749144979176599e-01
3.568645720113559072e-01
2.889441369996489928e-01
9.205269466683754231e-01
-8.326512926325249087e-01
-4.709750550181747153e-01
-2.048404686732668623e+00
-3.672092489730589548e-01
2.719732621906418846e-01
5.370013112352717277e-01
9.827429239422458274e-01
-4.384075839902672467e-01
6.387449645443777912e-01
-2.589065330190985503e-01
5.587760448909740996e-01
2.972475098790495762e-01
-8.624624059616234906e-01
5.610898150023870823e-01
-8.876047716059713988e-01
-5.221108474535837152e-01
2.045157357075809423e-01
-1.206441521953566021e+00
-1.804119006674938630e+00
1.089866993411955587e+00
-5.672200431740829218e-01
9.101582828792558200e-01
-3.383349377529992763e-01
-9.986960287512757217e-01
-4.730791289298731384e-01
9.720178035677676798e-01
5.624354049732765981e-02
7.618938652570035330e-01
3.454921009204865445e-01
-2.782773155073968718e-01
-4.805351255053958437e-01
7.114708243817474687e-01
5.836816207821927671e-01
5.317289162981867490e-01
2.750737607105185889e-01
-8.574728598241125599e-02
2.801231155308193110e-01
5.291715664233610783e-02
1.821464110111689072e+00
5.487259655522536139e-01
-3.431979789956520754e-01
-3.651227572233726182e+00
-2.193004014233094490e-01
-1.142592874371632705e+00
8.010620209947728609e-01
-1.455216622265199877e+00
-5.753767846797269714e-01
7.361394980807116628e-01
-2.281059432834615652e+00
-1.916237203462157090e+00
1.141909034336349826e+00
3.181761055460655130e-01
2.566701286628755851e-01
3.108573876350382292e-01
-7.535577974106564270e-01
-2.952276946704601168e-01
-7.856401515538745661e-01
-1.973488651894428791e+00
4.128589687322316570e-01
-7.452819006096369492e-01
5.401130253814411253e-01
5.352355190348190295e-01
-1.216819813662677330e+00
1.147640025726026192e+00
-2.307264302517720855e-01
-1.097458254479321438e+00
-1.066623091308276816e+00
-2.992530667263838540e-01
-9.223815353264895878e-01
-9.642568391793640559e-02
3.378427939677141612e-01
-1.597892762772573638e-01
-6.258780549190303688e-01
9.859986166458563073e-01
7.352099759791992650e-02
1.350826946796348738e+00
1.602379418839985803e+00
-4.065812171201058645e-01
-1.548352567133079782e+00
-6.558745333022654167e-01
1.036789983480489896e+00
1.906866226566641953e-02
-3.745272012778126047e+00
-3.492416351583471634e-01
-1.070085228739829697e+00
-3.680366995947153552e-01
-1.788537799901631919e-01
-1.298340539269379756e-01
-5.769262939622658848e-02
-3.902300725452261809e-01
-9.320479910497525555e-01
1.445225987894726449e+00
9.617199386947016260e-01
-9.435578063343359745e-02
5.988468449815226302e-01
-3.003936123673247097e-02
2.319801911307619147e+00
-6.839287211334622585e-01
-1.131846558683041737e+00
-3.350643800068802136e-01
1.015835658015011633e+00
-9.550977439080705622e-01
1.854374414117480496e+00
-9.920280288401441826e-01
1.754098928593817164e-01
3.918657820709726264e-02
-4.879710043696166566e-01
-1.995860812399968376e+00
4.731994210425375935e-01
1.042000686296731260e+00
1.865026664894805286e+00
3.212021896804242993e-01
-1.086174235920003700e-01
5.043500190040366427e-01
-9.536223892877521147e-01
8.075295178396073581e-01
-1.519195630632393934e-01
6.823613830535966152e-01
5.667773819254590117e-01
-5.603033749451041823e-01
4.043328680675341569e-01
1.359824932146813659e-01
-2.463279680359611312e-01
4.841665609067560272e-01
3.580846321249584463e-01
4.797005628614593037e-02
-1.799323595795339070e+00
5.885742357766691191e-01
6.594426064008197530e-01
8.914345720870829881e-01
4.761055540018836740e-02
-5.839383892371046159e-01
1.295830742956187054e+00
2.882118015275283440e-01
7.131398463733978899e-01
-1.823593548899096750e-01
-1.748541181572510927e+00
-1.735069246856115965e+00
-6.868401879645347208e-02
3.332437440447177379e-01
3.444002640000627408e-03
2.155207516918514976e+00
1.805821745013751478e-01
-1.636648275879982739e+00
1.501788064328321681e+00
-1.118031116626678756e+00
5.332474061623402317e-01
-1.510010833491467197e-01
4.824559164772852099e-02
-1.611028016349351111e+00
-4.172121109175617737e-01
1.322084160125282626e+00
-8.045156725952651300e-02
-1.050601274206608426e+00
-5.556878245889430579e-01
1.499584566815102549e-01
-3.346112472648974379e-01
8.828106961303546774e-01
-3.036095234642090523e-01
-1.091143161539856604e-01
-9.340218967465474531e-01
-8.738719462830703000e-01
1.417149980718313662e+00
8.190047439670364859e-01
7.341918379123318905e-01
-1.270334867389940836e+00
-6.528781835322207128e-01
2.003503888524571230e-01
-6.766510136593044678e-01
1.609033008349434746e-01
3.383942431013081120e-01
3.212595480728921982e-01
-1.234249466649819105e-01
1.968441180925780687e+00
1.397039676093753402e-01
-9.518087403848342065e-01
3.396477915502529310e-01
8.369078901662083680e-01
2.476066347553414371e+00
-3.426620423642007252e-01
-8.180402486645386995e-02
2.595495307496117343e-01
-8.372030596526021107e-01
-1.319188911918210971e+00
-1.286950831220797786e+00
1.001014131984957062e-01
-1.144356334879277348e+00
1.256041225996051003e-01
8.563135657524612032e-01
1.200265759697451085e+00
8.408509285715758397e-01
-4.968154425097098259e-01
-6.182273949115415501e-01
-7.461188199088440998e-01
-1.277006389363404937e+00
-9.760244305515711760e-01
7.459758786280936693e-01
-2.920579300769918230e-01
1.378146904199250289e-01
-2.573109125968730537e-01
3.771966660574008201e-01
-1.839707165253572640e-01
1.964556643530193547e+00
2.617586355892699834e-01
1.836214637786208526e+00
-4.081118027648955593e-01
-2.247491460749752701e+00
-9.346157340879380770e-01
-1.361678202772813373e+00
-4.030659174135471923e-01
1.285114671839238554e+00
-2.483387025247968394e-01
1.377439442037216126e-02
4.380978574791480895e-01
1.430382853512567554e+00
-4.662386191449719580e-02
2.412427024547040944e+00
3.168363972484127076e-03
-5.871963865328487520e-02
-3.423713466894393598e-01
8.957843428400047436e-01
-1.528516147188916097e-01
-1.782432489366044537e-01
1.102314976949760050e-01
3.718510679884499681e-01
-8.564393013320401593e-01
-3.834137074667964273e-01
-1.126046752911248783e+00
-5.924948125139385402e-01
1.124370894541355970e+00
6.856814539943669740e-01
5.985595126111446784e-02
-4.724335298004746914e-02
-1.060452548624328584e+00
6.461430166098829364e-01
-6.668265175449620275e-01
6.571072793019813174e-01
-1.455267800046964322e+00
-1.051977917950126296e+00
-1.208932400753849057e-01
4.887563787960513828e-01
1.346650989283767696e+00
-8.335048256781034670e-01
-1.313320935054860805e-01
1.811096084948780494e+00
7.333639699137370904e-01
2.696139060632655182e-01
1.529155442853420976e-01
-1.129225627122073305e+00
-4.733237074382225518e-01
5.871286698568390916e-01
-4.672081876760925123e-01
8.963929344770632524e-02
1.337600396125147029e+00
-7.241742685995430362e-01
1.748361965718502997e+00
-2.000422422352213514e-01
-2.592246862296472276e+00
7.944494646543813765e-01
8.562637336803569088e-01
-5.208145979525449082e-02
1.257894304928567131e+00
9.923559991027295357e-01
-3.598389691548634861e+00
-1.040056580964423757e-02
4.176337737488063362e-01
6.591774772748105748e-01
2.257339797985785101e-01
4.484297008368982596e-01
4.615863085436629487e-01
3.898347324416537862e-01
-2.083299775832000655e+00
5.055093159588389673e-01
1.096054013053291282e-01
3.867306818821139025e-01
-1.059161623470394609e-01
2.652762136997585118e-01
1.472766296036692735e+00
-2.500099748728020210e-01
-3.457584289788984688e-01
-1.260486952526765014e+00
6.700775747550673511e-01
4.108423406232526442e-01
6.771428366526774933e-01
4.451653733979670791e-01
-4.050510769191195681e-02
-3.032465053109197339e-01
-9.834364088942436632e-01
-4.019019752002390700e-01
-2.015834654705119244e-01
7.537693672064263994e-01
2.176700258361535800e-01
8.501108625640250993e-02
-1.162637564079208152e+00
-1.273226828356801565e+00
4.926615325825686731e-01
-1.540205347220370280e+00
2.671191099922889944e-01
-2.071325673476466900e+00
3.064386001298241013e-01
-3.828810818139289918e-01
-8.459914722217817262e-01
-2.396906999285900730e-01
-2.390364533073196629e+00
-1.193025802827701876e+00
-3.814216522431552181e-01
2.317360806919208371e-01
-1.433611129612111901e+00
1.101107152736278127e-01
2.461502985357572892e-01
-1.841472410638066437e+00
-1.342638626190147511e+00
9.398300252522759912e-01
1.041106290358910849e-02
1.621784407392865002e-01
5.680305319874651149e-01
9.405387887589029550e-01
-1.566073307504154688e-01
1.726469479540092999e+00
-4.611349215145905261e-02
2.278629810320881022e-01
8.321549599170597888e-01
6.515570064666317829e-02
-1.608932626187543069e-01
-7.865145449516126874e-02
1.212913789220907423e+00
1.077839329960287029e-01
1.907515141286356908e+00
-1.549246277811318961e+00
-9.785029615563465288e-01
1.509839010648046154e+00
1.089171493281895775e-01
-1.835699000582189655e-01
4.352710693470526748e-01
-7.439139424170845283e-01
3.280107034673545585e-01
-6.960263330076928989e-01
-7.720016268635971901e-01
-2.982195692145201416e-01
