1.151499698079149070e+01
1.177569297643211499e+01
1.155914987156273988e+01
1.193422557907720005e+01
1.185689042083162192e+01
1.175517271362846117e+01
1.164924058997100254e+01
1.199789731566063899e+01
1.166377667760508352e+01
1.171721682734365011e+01
1.153602197364450177e+01
1.177569297643211499e+01
1.165449771139486579e+01
1.184249549048768024e+01
1.182462293627761341e+01
1.181570325374579689e+01
1.181360391230753137e+01
1.143415654729357556e+01
1.201538750659866750e+01
1.172425947770940802e+01
1.168880608286748846e+01
1.143415654729357556e+01
1.185407856509160140e+01
1.149623070236817490e+01
1.182618075144075576e+01
1.180857968046717588e+01
1.198774133424915078e+01
1.156870449152881797e+01
1.179922773197760932e+01
1.155914987156273988e+01
1.169446090526268911e+01
1.200551223301197368e+01
1.175517271362846117e+01
1.159183437883827850e+01
1.158912590368420048e+01
1.153602197364450177e+01
1.201538750659866750e+01
1.182967437846824055e+01
1.182637991688327084e+01
1.170001062277972004e+01
1.169936305762176509e+01
1.173498772610647478e+01
1.172425947770940802e+01
1.155914987156273988e+01
1.182223759393868079e+01
1.155916283515625054e+01
1.182967437846824055e+01
1.200551223301197368e+01
1.168949047445388700e+01
1.198774133424915078e+01
1.175517271362846117e+01
1.173498772610647478e+01
1.151951102383059578e+01
1.157777334324845242e+01
1.168949047445388700e+01
1.164924058997100254e+01
1.150544320122835096e+01
1.173461934294816622e+01
1.182618075144075576e+01
1.186362518037902625e+01
1.180994144447671168e+01
1.193074494596031876e+01
1.182532661746365221e+01
1.176675520927367558e+01
1.170068877415942943e+01
1.151531847481504300e+01
1.186474240783193324e+01
1.161586977831303003e+01
1.204621748333761388e+01
1.166377667760508352e+01
1.171721682734365011e+01
1.174486299969316683e+01
1.187595984342350164e+01
1.158737083881230490e+01
1.160034383517316670e+01
1.163312133738661203e+01
1.183922899843431686e+01
1.198785552127296405e+01
1.170068877415942943e+01
1.172006655645122386e+01
1.182618075144075576e+01
1.175114357961457223e+01
1.153875553047760505e+01
1.161264826523237659e+01
1.164960721208904282e+01
1.185689042083162192e+01
1.156870449152881797e+01
1.162248844187705998e+01
1.187017873736145468e+01
1.194224139217774905e+01
1.157777334324845242e+01
1.151737487816713035e+01
1.163016566063003765e+01
1.147237417264464021e+01
1.162595409233177257e+01
1.183471848155025619e+01
1.171721682734365011e+01
1.175517271362846117e+01
1.165652231800476102e+01
1.200618524288600319e+01
1.173498772610647478e+01
1.177464085771496372e+01
1.165157552290825471e+01
1.179759358936948743e+01
1.161081990987995027e+01
1.153491336725097050e+01
1.201538750659866750e+01
1.162924096816418995e+01
1.154614845155399117e+01
1.175517271362846117e+01
1.159183437883827850e+01
1.194910166172450694e+01
1.172577522724629873e+01
1.158771108173966624e+01
1.173498772610647478e+01
1.182303007553692176e+01
1.152562818875033734e+01
1.166377667760508352e+01
1.167260663418438149e+01
1.159616069189195287e+01
1.151963675672073251e+01
1.181962450305124968e+01
1.148767230246552629e+01
1.182307705833509104e+01
1.179992611420226822e+01
1.191383064770158740e+01
1.149022922689074910e+01
1.172430962901287188e+01
1.173498772610647478e+01
1.182967437846824055e+01
1.195350408382735452e+01
1.196801539244760981e+01
1.177919555754838399e+01
1.175517271362846117e+01
1.195933058977298913e+01
1.164699198232074373e+01
1.175517271362846117e+01
1.182618075144075576e+01
1.171066856597699335e+01
1.174486299969316683e+01
1.176373447452812115e+01
1.190496575053538564e+01
1.145343505204373180e+01
1.152882301836288370e+01
1.184274776265963958e+01
1.182637991688327084e+01
1.156419397464475551e+01
1.180550577928817013e+01
1.165641875545136230e+01
1.193430118451058419e+01
1.172028799196659499e+01
1.203609100542812627e+01
1.161176977983359038e+01
1.186501619767180493e+01
1.163800990057365503e+01
1.146116266055617672e+01
1.147586187420748871e+01
1.181946501175279352e+01
1.164398041229268088e+01
1.200551223301197368e+01
1.202569722053396184e+01
1.170927661967648525e+01
1.154563834114281207e+01
1.153602197364450177e+01
1.203609100542812627e+01
1.183609856786582348e+01
1.186227866896004102e+01
1.192013171899454349e+01
1.194224139217774905e+01
1.195079979208039767e+01
1.149724209043295531e+01
1.156238930476427740e+01
1.200551223301197368e+01
1.199629973415179940e+01
1.194979063472202796e+01
1.149724209043295531e+01
1.187113842129901009e+01
1.159037316655553340e+01
1.183609856786582348e+01
1.182637991688327084e+01
1.158355405818610073e+01
1.168424091947255583e+01
1.185121449199169241e+01
1.153602197364450177e+01
1.180654648055000244e+01
1.167759172960149705e+01
1.170967277155705943e+01
1.177464085771496372e+01
1.186235888574377917e+01
1.196563166106594522e+01
1.150888951199859633e+01
1.172577522724629873e+01
1.188048082727602228e+01
1.152562818875033734e+01
1.146556262928232073e+01
1.181264475915016376e+01
1.173906898392105980e+01
1.156419397464475551e+01
1.172006655645122386e+01
1.172577522724629873e+01
1.176188092974381050e+01
1.180543787415646939e+01
1.156345785486244893e+01
1.151486151243943290e+01
1.168351369995963474e+01
1.184059316291822839e+01
1.175819680937102696e+01
1.172577522724629873e+01
1.182618075144075576e+01
1.175517271362846117e+01
1.192354429286340789e+01
1.176556649852262559e+01
1.186418386951055837e+01
1.143415654729357556e+01
1.156238930476427740e+01
1.174638638111298938e+01
1.201538750659866750e+01
1.189117304771221306e+01
1.155250556863142286e+01
1.181045033171373859e+01
1.194224139217774905e+01
1.153675483056209572e+01
1.170188662844089045e+01
1.175807289326009375e+01
1.172577522724629873e+01
1.163763307521655399e+01
1.201538750659866750e+01
1.169446090526268911e+01
1.153602197364450177e+01
1.202569722053396184e+01
1.166377667760508352e+01
1.168297957692185562e+01
1.199629973415179940e+01
1.199629973415179940e+01
1.173046569169414610e+01
1.168497374640027608e+01
1.154137903510081742e+01
1.175517271362846117e+01
1.155565624453525508e+01
1.169936305762176509e+01
1.165601026870062640e+01
1.181667295845949006e+01
1.192013171899454349e+01
1.170086313841511583e+01
1.149022922689074910e+01
1.203609100542812627e+01
1.182303007553692176e+01
1.173498772610647478e+01
1.176556649852262559e+01
1.156917846994925370e+01
1.175517271362846117e+01
1.179855464896751549e+01
1.192013171899454349e+01
1.166377667760508352e+01
1.186762269775171497e+01
1.178135796895120890e+01
1.162698741294331306e+01
1.158355405818610073e+01
1.163298676922095964e+01
1.162891456137204216e+01
1.159183437883827850e+01
1.205572527631887958e+01
1.176556649852262559e+01
1.180455720570487621e+01
1.190800414175595279e+01
1.174190707191104011e+01
1.182637991688327084e+01
1.184532828820043981e+01
1.154696194872796511e+01
1.181264475915016376e+01
1.166825271218719351e+01
1.172577522724629873e+01
1.186235888574377917e+01
1.179946674320351718e+01
1.194224139217774905e+01
1.200931095246110658e+01
1.148767230246552629e+01
1.155392266598519058e+01
1.175517271362846117e+01
1.184829785015395309e+01
1.167261149628083494e+01
1.171066856597699335e+01
1.179037649297280055e+01
1.153954938817518183e+01
1.172395955894923070e+01
1.148767230246552629e+01
1.174638638111298938e+01
1.182618075144075576e+01
1.189764641921898303e+01
1.196718796356885584e+01
1.172425947770940802e+01
1.172532680294186136e+01
1.155565624453525508e+01
1.183922899843431686e+01
1.146854447701555912e+01
1.170191869752276403e+01
1.190261629443559599e+01
1.157178094784770828e+01
1.163877103778453659e+01
1.173498772610647478e+01
1.157121441914964954e+01
1.175025660170386210e+01
1.171831032793646976e+01
1.183609856786582348e+01
1.151660608485371107e+01
1.166947381220289337e+01
1.170967277155705943e+01
1.173498772610647478e+01
1.166645656479788862e+01
1.148309630615740673e+01
1.181962450305124968e+01
1.196156704446707408e+01
1.194910166172450694e+01
1.172577522724629873e+01
1.163150916300572213e+01
1.152562818875033734e+01
1.182096465656606910e+01
1.149724209043295531e+01
1.178584298172054368e+01
1.176675520927367558e+01
1.199629973415179940e+01
1.173498772610647478e+01
1.187373065779328485e+01
1.169936305762176509e+01
1.168948778403507305e+01
1.144306210930625767e+01
1.164960721208904282e+01
1.171348264774549541e+01
1.192013171899454349e+01
1.174486299969316683e+01
1.200551223301197368e+01
1.165641875545136230e+01
1.178584298172054368e+01
1.153602197364450177e+01
1.196078806557894225e+01
1.149022922689074910e+01
1.204621748333761388e+01
1.196156704446707408e+01
1.169936305762176509e+01
1.151531847481504300e+01
1.181645053514795585e+01
1.160216016097346703e+01
1.175819680937102696e+01
1.173498772610647478e+01
1.184829785015395309e+01
1.182303007553692176e+01
1.146116266055617672e+01
1.150544320122835096e+01
1.166370107217169938e+01
1.180654648055000244e+01
1.143415654729357556e+01
1.184687149025254449e+01
1.187522970803394884e+01
1.169510715416044455e+01
1.188474596184746446e+01
1.168297957692185562e+01
1.188246395131928423e+01
1.183609856786582348e+01
1.192694326235686120e+01
1.170191869752276403e+01
1.160938081175209824e+01
1.174638638111298938e+01
1.171721682734365011e+01
1.158068998508619174e+01
1.170468105419907623e+01
1.193639167964919601e+01
1.164833103922351221e+01
1.174289867955013911e+01
1.187017873736145468e+01
1.178872019645350377e+01
1.145926155798936463e+01
1.181667295845949006e+01
1.173498772610647478e+01
1.152562818875033734e+01
1.163123396875296400e+01
1.187108424627193592e+01
1.188356671048105007e+01
1.176556649852262559e+01
1.162891456137204216e+01
1.155914987156273988e+01
1.183870507369265468e+01
1.175517271362846117e+01
1.176776659733845420e+01
1.158980775442813993e+01
1.148767230246552629e+01
1.155565624453525508e+01
1.154614845155399117e+01
1.168297957692185562e+01
1.174486299969316683e+01
1.154563834114281207e+01
1.141959855033727322e+01
1.168872324899619031e+01
1.148767230246552629e+01
1.175517271362846117e+01
1.173670261834448247e+01
1.193074494596031876e+01
1.184532828820043981e+01
1.172577522724629873e+01
1.201139252046348815e+01
1.155914987156273988e+01
1.166131469310256996e+01
1.184532828820043981e+01
1.176556649852262559e+01
1.200306393729570509e+01
1.186235888574377917e+01
1.197980112658198593e+01
1.187990531865759891e+01
1.168948778403507305e+01
1.162176231758557599e+01
1.156557406096032103e+01
1.181667295845949006e+01
1.154614845155399117e+01
1.154466802206238540e+01
1.181215120761034498e+01
1.203609100542812627e+01
1.158068998508619174e+01
1.182849310894252426e+01
1.153491336725097050e+01
1.202569722053396184e+01
1.183471848155025619e+01
1.175903664230054879e+01
1.174289867955013911e+01
1.181962450305124968e+01
1.145373497080390734e+01
1.185121449199169241e+01
1.156238930476427740e+01
1.206426300642838001e+01
1.197138764532061650e+01
1.185407856509160140e+01
1.162377458235548744e+01
1.185521967177619374e+01
1.178789938507263102e+01
1.170967277155705943e+01
1.153602197364450177e+01
1.185945580553286760e+01
1.167996045688179940e+01
