-1.819690612198535118e-01
-2.537544042787331366e-01
4.956244866116433778e-01
7.857250034190516041e-01
-1.355618621838128535e+00
-1.218989777533646013e+00
9.927150296357970527e-01
2.578874575560299309e-01
-3.234763041897761315e-01
5.521506023066696800e-01
1.605040092389601103e+00
-3.198624426574729340e-01
-2.569199892594090873e+00
-4.216153775070140552e-01
3.555658982867703766e-01
4.115726065013017854e-01
3.299692570248705659e-01
-5.733237586594559093e-02
5.283176877785446257e-02
5.071320846072706612e-01
1.370360537027272230e+00
-1.256744378021179553e-01
1.081529651667745506e+00
2.297883262350933764e-01
1.167027239024258201e+00
-1.756629307362065490e-02
-6.127813450368716497e-01
5.924849395439694133e-01
3.648087693228342920e-01
6.677666385240961233e-01
-3.536032407153178458e-01
3.558078271997210801e-02
1.224120219880548310e+00
5.486965735748027262e-01
1.990775867338004934e-01
6.407141763407692148e-01
-1.191032425535287764e+00
9.224232784895459725e-01
7.492460457275041952e-01
-3.422224297766178480e-02
-5.179964158951911868e-01
-3.120788316711529675e-01
5.636638018116328919e-01
3.082806431401510228e-01
5.142276557747288424e-01
-5.716721897228112248e-02
6.521543578272821495e-01
1.734343175011205940e-01
-8.182312188272921061e-01
6.588327825414518335e-01
-1.683850867569394172e+00
-1.166155810882012478e+00
7.170579070868526861e-01
-3.629763024312655517e+00
-5.231121087832750760e-01
-1.784845992432430251e+00
8.737349959738502925e-01
2.853870984127400701e-01
-3.587569543616177525e-01
-5.516911556149677320e-01
4.738376152878856495e-01
2.068372556840034182e+00
-2.768384770496960523e-01
-6.098056283532795468e-02
2.146870534596831082e+00
1.266783532859373063e+00
3.268799499882991122e-01
1.930313937141375502e-01
-9.034480225183826041e-02
1.030783371724832698e+00
-5.505513137799399326e-01
-5.467617735599098472e-01
-6.498635807910195517e-02
-2.577099388564844107e-01
-2.090658722078795051e-01
8.191082285000744756e-01
-3.732130424215704956e-01
1.165653700695740147e+00
8.407401300880573691e-01
5.241421821522250779e-01
2.489469061880083059e-02
1.044095640192488572e+00
4.421294335972077993e-01
-6.849284168837127540e-01
-1.186082181895666277e-01
-9.147124120919767343e-01
-1.991895981622677780e+00
1.512607487701058462e+00
-1.400661763706362528e+00
7.431123751002471911e-01
1.492294943910353888e-01
2.778885218118938849e-01
-1.676883456027725705e-01
-3.025900117910783060e-01
-1.028125273310755095e+00
-4.734136928024977320e-01
1.383488950858302313e-01
-7.954329304443691351e-01
3.777214514745552143e-01
2.052188514603857095e-01
-2.487620736149663558e-01
3.791128005877020812e-01
7.147737779793437163e-01
9.308053845645553048e-01
9.598174548736433387e-01
2.433773936939448157e-01
-9.157522379857129247e-01
-2.014852013459546010e-01
-5.227804613461500827e-01
4.586471253236632517e-01
1.149850446687716854e+00
-4.462542789895906359e-01
-3.391194186612829786e-01
-2.605986713036399505e-01
-2.367646355839345684e-01
-1.057953333257975137e+00
5.715392488497672563e-01
1.400039295392464744e+00
-9.804409551165902403e-01
-1.274924995788184745e+00
-6.021655636091214348e-01
1.699685965905112672e+00
1.123340251317742622e+00
3.768024404459321269e-02
3.738716612662657535e-01
1.029159649504748364e+00
6.726831638082761966e-01
-1.343108415657265686e+00
-5.407030198964619672e-01
3.572290959928967058e-01
4.792915837373220023e-01
3.455045504578908577e-01
-2.402707496023056832e-01
4.900361712993422381e-01
5.112603591576380113e-01
-1.940231372064279425e+00
-3.217861304608308215e-01
2.858502269886603053e-01
-1.090933424433803589e+00
3.175623111316313030e-01
4.888054878102370271e-01
9.016776637812087825e-02
-6.883393885445063809e-01
-8.676128772992388605e-01
6.414302121447273963e-01
-1.244468477944580487e+00
5.493759539792872904e-01
4.970856831937926490e-01
-1.138285448840185010e+00
-6.632929720321857625e-02
-8.443290386341014697e-01
-2.107900725274967524e+00
9.523692723237039970e-02
1.141276976930877041e+00
-1.821870947946380159e-01
2.981076098378714068e-02
2.128080391712129649e-01
-1.707664266830535155e-02
-1.399653128418399506e+00
-3.044154216184013495e-01
-2.772255384189444838e-01
-1.027566283843974748e+00
-1.006375402042516409e+00
-4.549128805983890245e-01
-9.291405861131798449e-01
1.246624260588867772e+00
1.521781784895570810e+00
-5.774333724494815634e-01
-2.597355156872823700e-01
-1.792333118174595508e-01
-3.547516582983566424e-01
1.304188596642739784e+00
-3.052995465323790070e-01
-2.618003176655571695e-01
-1.118872043286110729e-01
-3.488070200005595201e-01
4.167607976742657705e-01
-5.311090258503790157e-02
-1.276507283997723396e+00
-1.379338191427946114e+00
-1.081316563736463454e+00
3.950293593781413759e-01
-9.160718745463966028e-01
-2.558216697907996773e-01
1.273800552451465340e-01
-1.377172159609815649e+00
-6.313942780884088668e-01
5.110915684799116621e-01
5.330842928779888634e-01
-1.453995668400553110e-01
-5.900968700885250717e-01
3.263988511037654305e-01
-8.349783490954042486e-01
-5.262544798119385137e-01
2.112213580669203061e+00
7.629186643452162686e-01
-2.435213173911453810e-01
9.300785834998682722e-01
-1.226957027617127549e+00
2.715239746902231022e-01
-6.859052074684798828e-02
-4.791037971340658674e-01
4.806038478543440129e-01
-8.551569510617483549e-02
3.295985090136558382e-01
-5.255644039605145146e-01
-8.516792558500807520e-01
-1.189189833258717383e-01
-6.689218628394499877e-02
6.039679074369422862e-01
5.301812401146026588e-01
-9.653181889339547128e-01
6.126835895047050284e-02
3.683596373283122283e-01
8.558133303849211337e-01
-3.213234027431043915e-01
4.543529833787452454e-01
2.880583746720400962e-01
2.040505860183627340e-01
-6.637085820642575629e-02
-3.575747313845929060e-02
2.021643784943992495e-01
4.575347571882876219e-01
1.604610605888636243e+00
-2.529182535698016321e-01
-4.436918289314357722e-01
2.187367633383630605e-01
-4.333261845851356653e-01
-2.385536180104587678e-01
1.580262037955470378e+00
3.475657584431726677e-01
4.223521081715795877e-01
5.505320664172526079e-01
-1.318901901767245439e-03
-8.446411839103532548e-01
-1.490598323894309074e-01
-7.423098151204658990e-01
-8.803324834970227553e-01
1.066696385767078870e-01
7.099402982757436753e-01
-9.840223847320790362e-01
4.803192439544796133e-01
5.697608616409577387e-01
5.529611629299197029e-01
-5.080987646856677253e-01
-1.447279845184731295e-01
1.822013470176675254e+00
7.277287321603659320e-01
9.309021428915148499e-01
6.067909224154209857e-01
-6.290075365920344552e-01
3.596207314581339465e-01
6.083831551904747004e-01
1.351902169430424794e-01
2.387978595406486937e-01
-8.398561393379252449e-01
-1.809314838885637711e+00
-1.144502828987765231e+00
-6.167063123641076949e-02
2.329321240312673402e-01
7.485445607237670718e-01
2.246725413089986981e-02
-6.501018780332317171e-01
-5.473764465854964456e-01
4.230060543854717303e-01
-9.036061246182743867e-01
3.843505327502125812e-01
-6.244250697182948118e-01
-1.071806154315983362e+00
1.232473520056292182e+00
-7.192731047170918268e-01
-2.295619550730521319e-01
-5.465823477746065695e-01
5.689724231011207278e-01
3.450022428113343476e-01
-4.349255700110116196e-01
1.415686550486360495e+00
5.220047516476259419e-01
-3.808698096629037355e-01
1.569965226936779479e-01
1.041778439944610612e+00
-1.108243720936606502e+00
-3.447395593202994823e-01
-7.582130855094415534e-01
2.986216928658600445e-01
-9.753943416233887276e-02
8.627585935695429864e-01
-8.028556132392036249e-01
-1.043900911458264913e+00
2.669231148236943518e-01
-3.738941532197018747e-01
2.027524794822186116e-01
1.134115907337295975e-01
3.422364579374967963e-01
7.260309201801845580e-01
-2.726107048789690457e-01
-3.046152624896825145e-01
5.134464386541249814e-01
1.472394366399851773e+00
-1.021119366364145575e+00
5.003931947183198892e-01
2.220316590608844842e-01
-5.031159527990879399e-01
4.016222954860782512e-01
-3.669144925508632804e-01
-1.170484392570538962e-01
-1.170968532138939311e-01
-3.025171581055219328e-01
1.005626809999196625e-02
8.249384264171062686e-02
1.254916555734738870e-01
7.939160541712813046e-01
1.138374421767212485e+00
-1.037546876789768868e-01
-4.579100136429237744e-01
8.462592938121422659e-01
-5.698263699595537690e-02
1.454604427079716489e-01
6.530347875713440331e-01
1.612699952611297505e+00
1.444543067220600552e-01
2.444145762006328937e-01
-1.034137560521382060e+00
-2.324930264710948213e-01
5.570286678500442346e-01
-2.369631197932537403e-01
4.642433821916002734e-01
-9.636276968047107205e-01
-2.563436762100885780e-01
-8.175970137369649171e-01
-2.020358106496006112e+00
-8.477343016817351362e-01
5.479776354687688755e-01
9.202423799854616560e-01
3.131202967342114896e-01
2.274671059274967766e-01
-1.715350410127422398e+00
-1.203805565686408979e-02
-4.243872731396503561e-01
4.754137303804182868e-01
5.023046400187324290e-01
6.038801527847573181e-02
-8.060611996241395794e-01
-5.395749896875200458e-01
-6.745926719907953117e-01
-4.033070049269676383e-01
3.395797525519212434e-01
7.680728550338014049e-01
-3.008985548759948170e-01
7.300058838508812764e-01
8.322699220178066959e-01
5.029849555773533432e-01
3.605993326485031347e-01
1.260054489825418678e+00
-3.594210442655262128e+00
4.060884834063042681e-01
4.543122972195550724e-01
5.765699973603589656e-01
-4.637161723746898723e-01
-1.829755549858527452e-01
-3.744909423671978210e+00
1.586352174676486593e+00
6.955867235567521067e-01
4.041399383819040958e-01
6.114342664979037778e-01
-1.072291893716022626e+00
-1.036836824947967362e+00
1.781561643910609449e+00
2.774678157774389531e-01
-9.084389970061756969e-01
9.814697589388313714e-01
-4.660511476542134046e-01
-1.401549337613909318e-01
-1.297759748355452603e-01
-6.450021496850778524e-01
1.232932517373354298e+00
-7.927540321938025825e-02
-1.111997389595909436e+00
3.495072833462599116e-01
1.268920511637010140e+00
-3.867643696552333643e-01
4.483745932807809420e-01
-8.404879731338388282e-01
3.549289939519548187e-01
7.110303369935129236e-01
7.117127154151587920e-01
3.792347601699701531e-01
1.730059603785795985e-01
-3.691057329680687560e-01
1.271801675217361760e+00
4.382821294002482437e-01
3.376352414511061273e-01
-1.348580426886520633e-01
-6.378475965487777344e-02
5.679076413197192696e-01
1.093716055910884055e+00
8.957980759815635796e-01
-1.329682064373525763e-01
-6.555841717741681673e-01
3.312836033020296611e-01
3.895639231356312626e-01
2.319028530328445525e-01
-5.317041275174811954e-01
-8.084222816545447721e-01
1.678738127329036489e+00
-4.930026798935570609e-01
-3.049615940308114670e-01
-1.733363467430159843e-01
-7.572805035630104653e-01
-2.634232090807149540e-02
7.067401408904347981e-01
6.813722442569480897e-01
-2.702925600113597615e-01
1.490677670015097878e+00
-1.625619181839460303e+00
3.228101334371679676e-01
-6.564637112243026928e-01
6.477554915387087053e-01
4.161541009104736122e-01
1.667994321271531188e-01
1.495467565715626924e-02
-1.608402656203425374e-01
1.410382534355441031e-01
4.079224635245167763e-01
9.519975352314248296e-01
9.345974617342652779e-01
-1.087951448324192327e+00
5.009022321273648437e-01
-2.108744108094746661e-01
1.977332165030482591e-01
-3.844591209806828558e-01
1.143680963809194824e-02
5.275468054059230250e-01
5.016391271669629059e-01
-5.639240186621307105e-01
-1.311274856140411949e-01
