1.127959472528296558e+01
1.107123123767146389e+01
1.158322116233274102e+01
1.043454349607702802e+01
1.151743756862938639e+01
1.099256903456226198e+01
1.165458754451200818e+01
1.179703115060477359e+01
1.180567060032347371e+01
1.084413023532147236e+01
1.065969615180553909e+01
1.107123123767146389e+01
1.167905520954612975e+01
1.132827259948713916e+01
1.125854164315658856e+01
1.122338516476166070e+01
1.121506288368138371e+01
1.024053759116697293e+01
1.077375887515833419e+01
1.008700604576518245e+01
1.072804539850266181e+01
1.024053759116697293e+01
1.150572702906066347e+01
1.050511672688294951e+01
1.055541643542802177e+01
1.119505519733442256e+01
1.066526273163870187e+01
1.162285901323793880e+01
1.115739102282465467e+01
1.158322116233274102e+01
9.810505555290005120e+00
1.073526671689423395e+01
1.099256903456226198e+01
1.171910076086665420e+01
1.170780668278033687e+01
1.065969615180553909e+01
1.077375887515833419e+01
1.140435365864997053e+01
1.139069990483585215e+01
1.186878991171720621e+01
1.194591681333402811e+01
1.091413422057700444e+01
1.008700604576518245e+01
1.158322116233274102e+01
1.124916881019668402e+01
1.145725032023366197e+01
1.140435365864997053e+01
1.073526671689423395e+01
1.182684385935036886e+01
1.066526273163870187e+01
1.099256903456226198e+01
1.091413422057700444e+01
1.129850162980320860e+01
1.166054107942964180e+01
1.182684385935036886e+01
1.165458754451200818e+01
1.054126081198418063e+01
1.200394769441576059e+01
1.055541643542802177e+01
1.140970731798973503e+01
1.120049162249092589e+01
1.152583696956010684e+01
1.126130308754914999e+01
1.032624922320018079e+01
1.004106255120428237e+01
1.057975297024828087e+01
1.141397857807459282e+01
1.145598367266857309e+01
1.089236373398869517e+01
1.180567060032347371e+01
1.084413023532147236e+01
1.095262637884110468e+01
1.145661130604916877e+01
1.156660910402859699e+01
1.161618970376447635e+01
1.173584529485060202e+01
1.144399150955516831e+01
1.175796005157745938e+01
1.004106255120428237e+01
1.202585999489128632e+01
1.055541643542802177e+01
1.206739527843867066e+01
1.137671999124184552e+01
1.143090205556786998e+01
1.174780253619761261e+01
1.151743756862938639e+01
1.162285901323793880e+01
1.162784961264413575e+01
1.157288426433842687e+01
1.165855316613162529e+01
1.166054107942964180e+01
1.081894922202022791e+01
1.172611751842515204e+01
1.040969216412664622e+01
1.171138213440994491e+01
1.058721025954127448e+01
1.084413023532147236e+01
1.099256903456226198e+01
1.168823329583206672e+01
1.182910068501961298e+01
1.091413422057700444e+01
1.052774016732367635e+01
1.166557755137765717e+01
1.115074017527881267e+01
1.165573967059196114e+01
1.148291517844642229e+01
1.077375887515833419e+01
1.154787313412121286e+01
1.069835782907864008e+01
1.099256903456226198e+01
1.171910076086665420e+01
1.160365376967260964e+01
1.087799013547577331e+01
1.156791611607260073e+01
1.091413422057700444e+01
1.137682325473441303e+01
1.061969562596943817e+01
1.180567060032347371e+01
1.065642235293766049e+01
1.160026373630758556e+01
1.129902436202855043e+01
1.136272231162697466e+01
1.047125682672864855e+01
1.125246954212897954e+01
1.116022634420166071e+01
1.154246832931281475e+01
1.058763161399977371e+01
1.196400503869460330e+01
1.091413422057700444e+01
1.140435365864997053e+01
1.052412360514707146e+01
1.167992956228209955e+01
1.107369142159591036e+01
1.099256903456226198e+01
1.054917789481989132e+01
1.164379372217346997e+01
1.099256903456226198e+01
1.055541643542802177e+01
1.191076998552223287e+01
1.095262637884110468e+01
1.211510630356206342e+01
1.155449092630134089e+01
1.033011770023701814e+01
1.133674516104048635e+01
1.132925140551590459e+01
1.139069990483585215e+01
1.076607776322404497e+01
1.118274245597846850e+01
1.177585600721239345e+01
1.162680309664070322e+01
1.194835704502218476e+01
1.085370205671559241e+01
1.165929614904319322e+01
1.155132119960701509e+01
1.159807922169575001e+01
1.033264564551023668e+01
1.046273846687583031e+01
1.123824915144559533e+01
1.162897046458558492e+01
1.073526671689423395e+01
1.081370153087949149e+01
1.081238016583055028e+01
1.152726318247762372e+01
1.065969615180553909e+01
1.085370205671559241e+01
1.143099806429095366e+01
1.140455422489914383e+01
1.156893503251484390e+01
1.165855316613162529e+01
1.169241306628592802e+01
1.064790411725999419e+01
1.159665341657821358e+01
1.073526671689423395e+01
1.069912263179300460e+01
1.160648370288555498e+01
1.064790411725999419e+01
1.143834815645099212e+01
1.157813088374983757e+01
1.143099806429095366e+01
1.139069990483585215e+01
1.168459453274343218e+01
1.180564897132596691e+01
1.149380616367271735e+01
1.065969615180553909e+01
1.048082864812276860e+01
1.067917487840269075e+01
1.198585946905518540e+01
1.052774016732367635e+01
1.154023325718388371e+01
1.057564459802192047e+01
1.125350486624494195e+01
1.087799013547577331e+01
1.147363377661264394e+01
1.061969562596943817e+01
1.038163869311186538e+01
1.133384195951937912e+01
1.021942967329824548e+01
1.076607776322404497e+01
1.202585999489128632e+01
1.087799013547577331e+01
1.210812851386910438e+01
1.130404767476365180e+01
1.147402319307567353e+01
1.127902281341626001e+01
1.180269575956628003e+01
1.132088690028746214e+01
1.029238932304587806e+01
1.087799013547577331e+01
1.055541643542802177e+01
1.099256903456226198e+01
1.149340728681003476e+01
1.103256956039836290e+01
1.141184373937793950e+01
1.024053759116697293e+01
1.159665341657821358e+01
1.028387096319306160e+01
1.077375887515833419e+01
1.151332186251704037e+01
1.155569075841718352e+01
1.120252050613364503e+01
1.165855316613162529e+01
1.136872127908968011e+01
9.880863139873799383e+00
1.209373851579475456e+01
1.087799013547577331e+01
1.159605143325311083e+01
1.077375887515833419e+01
9.810505555290005120e+00
1.065969615180553909e+01
1.081370153087949149e+01
1.180567060032347371e+01
1.070299110882984195e+01
1.069912263179300460e+01
1.069912263179300460e+01
1.198788547146753913e+01
1.180862049172375272e+01
1.138717408933672459e+01
1.099256903456226198e+01
1.073428393911079048e+01
1.194591681333402811e+01
1.168592351610328528e+01
1.051949032539587137e+01
1.156893503251484390e+01
1.187216421927647758e+01
1.058763161399977371e+01
1.085370205671559241e+01
1.137682325473441303e+01
1.091413422057700444e+01
1.103256956039836290e+01
1.149629542679163308e+01
1.099256903456226198e+01
1.115465447157686540e+01
1.156893503251484390e+01
1.180567060032347371e+01
1.156220440308563546e+01
1.058478509457190420e+01
1.153379606301299454e+01
1.168459453274343218e+01
1.173542432946364578e+01
1.154586717592214384e+01
1.171910076086665420e+01
1.092828984402084558e+01
1.103256956039836290e+01
1.117893052874476467e+01
1.151741403963999488e+01
1.203202509090029793e+01
1.139069990483585215e+01
1.146932786856445219e+01
1.140930609195456213e+01
1.133384195951937912e+01
1.173942405835616043e+01
1.087799013547577331e+01
1.154023325718388371e+01
1.115836183354669231e+01
1.165855316613162529e+01
1.184115167289960091e+01
1.047125682672864855e+01
1.143671915518391913e+01
1.099256903456226198e+01
1.148167357574687131e+01
1.175779207309714103e+01
1.191076998552223287e+01
1.112105121402225905e+01
1.137988733210198333e+01
1.015125019655424765e+01
1.047125682672864855e+01
1.028387096319306160e+01
1.055541643542802177e+01
1.151979874291626160e+01
1.167664139149220048e+01
1.008700604576518245e+01
1.196795689362922488e+01
1.073428393911079048e+01
1.144399150955516831e+01
1.039829717698101597e+01
1.078256557271947003e+01
1.149359780921284369e+01
1.163563514908954666e+01
1.160214439238159834e+01
1.091413422057700444e+01
1.150420377889576251e+01
1.026063925355495599e+01
1.194064825788711026e+01
1.143099806429095366e+01
1.128636700124197390e+01
1.174459882657715504e+01
1.198585946905518540e+01
1.091413422057700444e+01
1.173176740115364680e+01
1.052587983821023521e+01
1.136272231162697466e+01
1.165420518470877198e+01
1.160365376967260964e+01
1.087799013547577331e+01
1.171886291695242299e+01
1.061969562596943817e+01
1.124415894129467830e+01
1.064790411725999419e+01
1.040088546656551038e+01
1.032624922320018079e+01
1.069912263179300460e+01
1.091413422057700444e+01
1.144818005582225595e+01
1.194591681333402811e+01
1.190742465506992787e+01
1.028354894434483668e+01
1.174780253619761261e+01
1.192179071450068939e+01
1.156893503251484390e+01
1.095262637884110468e+01
1.073526671689423395e+01
1.177585600721239345e+01
1.040088546656551038e+01
1.065969615180553909e+01
1.165108091845200278e+01
1.058763161399977371e+01
1.089236373398869517e+01
1.165420518470877198e+01
1.194591681333402811e+01
1.057975297024828087e+01
1.122634270583821348e+01
1.176222968376683120e+01
1.029238932304587806e+01
1.091413422057700444e+01
1.148167357574687131e+01
1.137682325473441303e+01
1.033264564551023668e+01
1.054126081198418063e+01
1.061341099975979674e+01
1.048082864812276860e+01
1.024053759116697293e+01
1.134523023310790890e+01
1.145385232442531276e+01
1.075451210170468919e+01
1.148957943842812846e+01
1.070299110882984195e+01
1.148106327463712972e+01
1.143099806429095366e+01
1.159698850352962296e+01
1.078256557271947003e+01
1.179246572514760416e+01
1.028387096319306160e+01
1.084413023532147236e+01
1.167267366735548784e+01
1.006167008748420422e+01
1.155037511302063358e+01
1.165024769391332171e+01
1.023082466044387573e+01
1.157288426433842687e+01
1.111415357374263202e+01
1.035517198990983800e+01
1.051949032539587137e+01
1.091413422057700444e+01
1.061969562596943817e+01
1.155988938584069992e+01
1.143814238381526671e+01
1.148518332093855854e+01
1.103256956039836290e+01
1.154586717592214384e+01
1.158322116233274102e+01
1.131354821836924884e+01
1.099256903456226198e+01
1.046903661357722370e+01
1.157596304216127336e+01
1.047125682672864855e+01
1.073428393911079048e+01
1.069835782907864008e+01
1.070299110882984195e+01
1.095262637884110468e+01
1.152726318247762372e+01
1.015960775588080978e+01
1.182375882568404890e+01
1.047125682672864855e+01
1.099256903456226198e+01
1.201198786497147708e+01
1.152583696956010684e+01
1.146932786856445219e+01
1.087799013547577331e+01
1.184916295181624690e+01
1.158322116233274102e+01
1.170951305719533053e+01
1.146932786856445219e+01
1.103256956039836290e+01
1.181704233498186696e+01
1.154023325718388371e+01
1.063351266214777979e+01
1.161359822146483367e+01
1.190742465506992787e+01
1.149899266699331157e+01
1.160986556797372238e+01
1.051949032539587137e+01
1.069835782907864008e+01
1.140022991800362995e+01
1.120929157739182180e+01
1.085370205671559241e+01
1.167267366735548784e+01
1.127371072285219888e+01
1.148291517844642229e+01
1.081370153087949149e+01
1.058721025954127448e+01
1.209738682585270197e+01
1.023082466044387573e+01
1.136272231162697466e+01
1.026587354944795116e+01
1.149380616367271735e+01
1.159665341657821358e+01
1.096008366813409829e+01
1.169329671559370709e+01
1.150572702906066347e+01
1.170355823936517226e+01
1.137745217657665009e+01
1.064008171833745919e+01
1.198585946905518540e+01
1.065969615180553909e+01
1.139373327868540287e+01
1.178819822793938421e+01
