1.591433041202545695e+00
1.074392385666163463e+00
1.511514030967167285e-02
-4.024965925059401650e-01
-1.750677355775566379e+00
-1.146830490248018863e+00
-7.859309912505438311e-02
1.249320636298964837e+00
-3.361975078848449816e-01
1.269216228939478719e-01
2.182407862007927080e-01
1.701110179303820358e+00
-3.624818522245285557e-01
1.301087120538664543e-01
-4.935250604755613835e-01
9.674350548276700046e-01
3.954495686373947216e-01
1.272555281861303955e+00
-1.009111043870847046e+00
-2.672904551317346611e-01
-8.046341319718335328e-01
-7.913521716037111853e-01
8.600385750476813307e-01
-2.186298175199669069e-01
4.089860692413548882e-01
-1.432580761563395422e+00
2.220966663502957350e-01
1.191764203701731306e+00
5.860905908134101949e-01
-3.152813087627598376e-01
-6.371476453071779344e-01
-4.783893642277609742e-02
1.024996085071588015e+00
-4.306394248424316173e-01
-6.994352382162456472e-01
5.675262884586778078e-01
-2.165208149377271241e-01
-1.819614647610738600e-02
-1.296737064581811927e+00
2.171022967152898886e+00
8.388332164019664250e-02
6.721472860105626168e-01
-2.679003441798966545e+00
-5.936654899633238003e-01
-4.573302419287773868e-02
1.206596409333277720e+00
4.620582064583568793e-01
1.022044884710003210e+00
7.715621447461636084e-02
-1.172958747219259024e-01
-1.627256290160543850e+00
7.251323771104464244e-01
5.264051632581729923e-01
-1.767954076464722801e+00
1.129884166722774086e-01
-1.463343421299703406e+00
9.083014546205433470e-01
-6.275906650487664273e-02
1.113767852051924079e+00
-1.319674256899795450e+00
-2.568059691950126400e-01
2.200726582952545751e+00
2.982865560429181606e+00
-2.454976694243685142e-01
9.933855567401260744e-01
1.029214021151845238e+00
2.433622444488389436e-01
-1.152348329746587297e+00
1.116396709095278557e-02
1.267749914162581204e+00
-6.970885421452815978e-01
-1.151790729352521581e+00
-1.666247574719632141e+00
2.261864223181081768e-01
-1.915322078830047792e+00
9.449909668304242727e-01
2.706121578588552845e-01
-1.034912571788120905e+00
2.932651197297614920e-01
8.519739262375053412e-02
7.170953711463005087e-01
1.157631502441374138e+00
-5.556727923965788518e-01
-3.749497050678742005e-02
9.688466672422390014e-01
-8.505413295666842954e-02
-1.211760912861130857e+00
-1.232426446464990111e+00
-3.280129502746099934e+00
-2.675825484096055473e-01
-6.476058325456875674e-03
2.659179959259085901e-01
-6.998851088361258688e-01
-1.161336473876128650e-01
-8.137203505704919682e-01
2.062257343098062856e-01
1.864894451998738711e-01
1.132248281547605595e+00
4.710461163226474790e-01
-6.275130780280593346e-01
3.407285707687122689e-01
-6.690442837751146010e-01
-7.805519812341400743e-02
7.358656585535890970e-01
2.207196147146982756e+00
-8.308319316708734359e-01
-5.823047190758828817e-01
-2.220517886653235878e-02
4.552134384016615631e-01
-1.190130770655515535e+00
3.336885571045176690e-01
-6.980765279470402263e-01
-3.689057201827052324e-01
1.216237448797983456e+00
-1.064880627534464885e+00
8.890422585148909373e-01
6.418397087544149837e-01
-6.614608556491026192e-01
1.907445341198714894e+00
-4.845260339029489743e-02
-8.105163343311930779e-01
3.150374024504749015e-01
3.775675481376647435e-01
-8.693540946425668547e-01
1.959138392338696799e-01
3.195509926463144801e-01
6.667589961798823239e-01
-4.786577166986030751e-01
7.911840551391963183e-02
-8.299480733209771977e-01
2.454990682291904758e+00
1.332447813292401140e+00
3.789839684262170105e-01
-4.466826337258373303e-01
5.090932488132409173e-01
-2.735451562564646388e-01
1.009697311281826382e+00
9.184748156585512691e-01
-1.306287297073772891e+00
6.061763436930849291e-01
4.628945870784914596e-01
1.000509588598017974e+00
-7.951606122924242959e-01
-5.962513192956299113e-01
1.499778248161300342e-01
-1.643080495839952304e+00
1.227811199741082993e+00
1.318893129931583141e+00
-3.098301919667141857e-01
-1.743094253069286670e-01
-8.430971825497468597e-01
4.580743294480948968e-01
-1.510563751100909125e+00
-8.463965705696692432e-02
-8.823400091617769059e-01
-8.146013775376461652e-01
-1.604219044226451729e-01
-3.514544282709075596e-01
7.430635223206285556e-01
-2.911009784201925132e+00
2.415902379783226306e-01
2.284290207688186025e-01
-1.274403156146603155e+00
4.208376557630588016e-02
3.995051297879027852e-02
1.751144112570838379e-02
-1.205133850491574954e+00
-4.849165491559436769e-01
-2.146981933957770039e+00
1.155106106368392477e-01
3.353446605720856732e-01
5.422454693914480206e-01
1.849717195048997231e+00
4.003963106697762120e-01
-4.282508916969743895e-01
-1.239000542130042071e+00
-6.035961673532281857e-01
-2.742722624436887413e-01
-3.159671943908855862e+00
-6.964146768731629966e-02
1.648577897929041913e-01
4.831700830241691391e-01
-3.020421800278872415e-01
1.990153266826605316e-01
3.133285111018671021e-01
-8.338086410725370490e-01
-1.106750946409422509e+00
2.242888974486596521e-01
3.467000903786850996e-01
1.482601724263432341e-01
3.965451312041969045e-02
6.745318069104720982e-01
4.894139440667066854e-01
1.142108956924315466e+00
1.332612949597366869e+00
-1.413231860741026802e+00
-1.549791282262772962e-01
-6.855613360993642602e-02
2.358203777811075652e-01
5.161863584668086036e-01
-4.789285916029036860e-01
-3.230258838465266624e+00
-1.256380310571402870e+00
-2.501384548059835122e+00
-2.541802439657258605e-01
4.847945480103215132e-01
-2.186968183586039394e-01
1.777462741833057080e+00
9.701148792375896557e-01
8.265608580618862833e-01
3.477458410343968187e-01
-6.987657329923059601e-02
-2.938482696866867028e-01
1.276548956784690825e+00
-5.381633541480004279e-01
6.373820705843850076e-01
-3.046487401055449906e-01
4.265308124090428921e-01
-3.834524347764819430e-01
-2.504449292907736435e+00
1.485802495166477569e-02
4.049162354438735623e-01
-5.121670112980298839e-01
-1.125760577858015754e+00
-5.668117679783324370e-01
-1.794620951522052810e+00
7.593608075538805791e-01
2.708897634218329631e-01
6.341848734997936887e-01
-1.366894860685622937e-01
-4.488818693304360008e-01
4.027433217776514307e-01
6.472506628658480921e-01
1.168528187639738203e+00
-1.103880161003798266e+00
-7.113474449236810715e-01
-1.660580833577040560e-01
3.347475361948884509e-01
5.558378844706395316e-01
-9.865334153177701682e-02
2.206694788631017090e+00
1.266761205073791086e+00
-3.697673162079906928e-01
1.079728589935869953e+00
1.034639749777419848e-01
1.438599536821985270e+00
-5.848908972624653479e-01
-5.779881901130633493e-01
2.657873934998510546e+00
2.839937100047583707e-01
-2.650320354404793743e+00
6.885251261939168144e-01
-3.227797122637283134e-01
2.035661464622523231e-01
-4.945560232869372630e-01
6.759589434628988647e-01
-2.719436155901342467e-01
-1.407973231145057458e+00
-1.766101993024819183e+00
4.252044382294426494e-01
-6.421178484832780198e-01
1.332381293408393841e+00
-4.006328153601126929e-02
-2.787549111331639184e-01
-2.007426303400260820e-02
-5.130891156657486629e-01
-2.000591069733224092e-01
-3.370577267338050742e+00
1.214634713934649834e+00
1.005964365368272606e+00
1.326959380336470984e+00
2.272140215837023872e-02
-1.053018521230186133e+00
1.696353712591520679e+00
1.838762607009433170e+00
1.111550066517359436e+00
8.693224572485130919e-02
-9.724421425579162781e-01
9.103954602135273522e-01
-1.904240995173766549e-01
-2.493895125573402094e-01
-1.363403950907434048e+00
2.394497180958204741e+00
-3.866552133905921118e-01
1.110985109561341222e+00
1.011614096822181397e+00
-1.996830728544938260e-01
4.089860692413548882e-01
-2.587548696645585178e-01
1.200382500972023703e+00
2.740082195810036522e-02
-6.530620375384413867e-01
-2.887738276511169211e-01
-3.941964634918146970e-01
-3.595810465459466920e-01
-1.429597200355140971e-02
-3.323961537961325763e-01
1.252554931713548259e+00
3.435489368929341425e-01
-9.923195474827252449e-02
3.404085326621809210e-02
1.623978727088906115e-01
-8.293697658570872155e-01
7.478378595665263751e-01
-1.748438726459304315e-01
-1.059166083153177812e-01
7.661985064042455829e-01
9.987466284736017386e-01
-2.167916375643663407e-01
7.866193434907758908e-02
-6.722311004770649134e-01
6.808675846119719433e-01
5.097452393459999120e-01
1.622503162570921420e+00
-4.607515242724999904e-01
7.875264454081293275e-01
-1.506107856576316406e+00
1.564207508564146698e+00
-4.963783783072530688e-03
-1.961347093503732708e+00
1.092553007544996957e+00
1.536108408894691468e+00
1.159751073347608630e+00
1.476000758433388960e-01
3.380332343188163086e-02
5.944155333019273124e-01
9.610931509067621725e-01
9.611296980968251358e-01
4.225891609727723264e-01
7.576926520621753980e-01
-5.678322984933282802e-01
-9.477780128212270894e-01
5.414967473039570267e-01
1.098765042885328835e+00
-1.176710466098004337e+00
3.884400148729398317e-01
8.069457093797079983e-01
1.088489782243887927e+00
5.646688763951673851e-01
-7.793018349483006590e-02
1.150269992763787608e+00
-9.280694206133688340e-02
-9.221373937462017112e-02
5.362264081974480456e-01
3.295138072497314635e-02
-9.142878343976026390e-01
-2.794917516800455304e-01
-1.007079456341019169e-01
-1.753988815147506042e+00
6.230817554022212157e-01
4.964388788488636184e-01
-6.410391791672420680e-01
2.897506950202415776e+00
1.477399607761781919e+00
-2.849817166093454812e+00
9.510522658410524022e-01
1.257245854107820415e+00
2.325261177122876777e-01
-1.953987355591635666e-01
-6.375808094307520157e-01
-1.879954544222242507e+00
5.936817334157862280e-01
1.760137207815765326e+00
-7.363284632204930569e-01
2.603319781766280094e-01
-1.600843591255418363e-01
-1.306412386859693076e+00
7.312626763182008549e-01
6.273803007292823031e-01
-9.033824580175587871e-01
2.459753956361293847e-01
1.567816947428367358e-01
1.512934903678626375e+00
7.598860422052032826e-01
1.289471383997268239e+00
-3.608562330832907894e-01
2.215003718027212798e-02
-7.732622481647091761e-02
2.165922863604251292e-01
4.490466731841894488e-01
7.426335698359464166e-01
2.306768947185479313e+00
5.883211539170870585e-01
5.496351700584215516e-01
5.789473654652733670e-01
-4.904151187544817381e-01
3.463562137232736315e-01
2.437684421359528120e+00
7.273430569037903082e-01
8.568618012289224151e-01
1.702742515287431271e-02
-2.098537618824877424e-02
5.556072664245726989e-01
5.753852606022492183e-02
3.077058614171843676e-01
1.809901485574720581e-02
-8.804147485756201874e-01
-1.189902969620037165e+00
-4.079076460344347455e-01
-4.404660913179948012e-01
-2.241871009082216037e+00
-4.109174453240886371e-01
1.480230379735454793e+00
-7.353566407973625985e-02
-7.236215840950489531e-01
8.466493614370508292e-01
-4.666362055528882280e+00
-2.916005078829286279e-01
-4.865331159200165789e-01
-5.924122365986106420e-01
9.202375512429163129e-02
5.333287752542476001e-01
-1.111640073913424898e+00
1.307990353833265562e+00
1.142779300413725718e-01
2.243719802879096115e-01
-9.429920426744506923e-01
1.382210069727049184e+00
1.924526265627441557e+00
6.443874164712855013e-01
1.494941253327944697e+00
6.110338028466727467e-01
-1.587666246798176140e+00
-7.651830516763659107e-01
4.216825981409107194e-02
-2.145215178158648595e+00
-1.269608808432946212e+00
2.919922147258716461e+00
-4.574782321195864476e+00
6.661765880915238025e-01
-8.519594133332257790e-01
-1.038057051340854686e+00
1.066070902905828177e+00
8.037520778185076598e-01
1.619343739525448633e+00
-2.864820332514614876e-01
