9.689433430515045131e+00
1.026056910226794372e+01
1.181813844280507908e+01
9.692111569419992634e+00
1.180394422407919741e+01
1.011761073914785136e+01
1.019991644059373215e+01
1.065516320530207750e+01
9.920754346188811468e+00
9.890695673761811690e+00
9.650963436113803695e+00
1.026056910226794372e+01
1.021960647456896965e+01
1.005478951628580830e+01
9.947416951277604724e+00
9.896049973770470132e+00
9.884200536933148484e+00
9.108111062821755866e+00
1.010074507802709221e+01
9.247836410291261799e+00
9.743527724321822348e+00
9.108111062821755866e+00
1.181101928438037518e+01
9.403248661013837051e+00
9.849396037415029781e+00
9.856254502252181027e+00
9.938607441833971379e+00
1.179783766389631339e+01
9.805975897096589122e+00
1.181813844280507908e+01
9.195876127175429460e+00
1.004121787227573748e+01
1.011761073914785136e+01
1.174175801273443298e+01
1.174891575864439019e+01
9.650963436113803695e+00
1.010074507802709221e+01
1.186605021087723699e+01
1.187272405448783275e+01
1.044504154905059323e+01
1.012650027103363293e+01
9.993306104203579565e+00
9.247836410291261799e+00
1.181813844280507908e+01
9.933526876798248750e+00
9.929336382554982521e+00
1.186605021087723699e+01
1.004121787227573748e+01
1.038673971101594873e+01
9.938607441833971379e+00
1.011761073914785136e+01
9.993306104203579565e+00
9.711271102323250304e+00
1.177713037166949839e+01
1.038673971101594873e+01
1.019991644059373215e+01
9.457217365677502485e+00
1.065312037491907304e+01
9.849396037415029781e+00
1.019424956923645276e+01
9.863769225748015401e+00
1.029099002960352038e+01
9.951534691738947558e+00
9.451160429085994963e+00
9.144506097217654172e+00
9.516744571428855437e+00
1.020223998117667819e+01
1.012929736199844655e+01
1.030848087034010163e+01
9.920754346188811468e+00
9.890695673761811690e+00
1.005283330995493252e+01
1.028772310849361205e+01
1.010651751675233534e+01
1.019969910680243785e+01
1.056636053835301503e+01
1.184574943196847308e+01
1.059400074644557321e+01
9.144506097217654172e+00
1.026071913571858119e+01
9.849396037415029781e+00
1.076622057283805489e+01
9.812201851141669096e+00
1.012600905033515630e+01
9.847463913227976207e+00
1.180394422407919741e+01
1.179783766389631339e+01
9.731775057396760076e+00
1.176795613693450449e+01
1.001227440291267179e+01
1.177713037166949839e+01
9.426769443814496441e+00
1.050693925978910670e+01
9.272130253299573965e+00
1.044424883181486940e+01
9.929298406825898482e+00
9.890695673761811690e+00
1.011761073914785136e+01
1.022768356370801612e+01
1.070777611674066421e+01
9.993306104203579565e+00
9.419118919667544887e+00
1.020842259473277380e+01
9.797450840471634947e+00
1.028533169285144666e+01
1.186383678381838180e+01
1.010074507802709221e+01
1.014617032777920613e+01
9.724480363741866640e+00
1.011761073914785136e+01
1.174175801273443298e+01
1.037735445570402248e+01
9.939337399539914131e+00
1.010883219703120339e+01
9.993306104203579565e+00
1.187935037589532428e+01
9.581522000621774282e+00
9.920754346188811468e+00
9.674701494341411134e+00
1.016841981372633619e+01
9.711890928181244220e+00
1.188592858658554974e+01
9.354606935235734611e+00
9.938402970698716032e+00
9.809644424852272948e+00
9.865106453472680670e+00
9.316510563471981143e+00
1.058834294572615420e+01
9.993306104203579565e+00
1.186605021087723699e+01
9.765029534656292753e+00
1.047874990207328949e+01
9.708237166583023381e+00
1.011761073914785136e+01
9.791439492393980260e+00
1.019211091639389011e+01
1.011761073914785136e+01
9.849396037415029781e+00
1.050657023397047851e+01
1.005283330995493252e+01
1.086524211172493537e+01
1.081451134429664940e+01
9.181029028058055985e+00
9.758692333340610148e+00
1.005635508181287108e+01
1.187272405448783275e+01
9.881386638753740570e+00
9.839464288289155647e+00
9.881885952904351456e+00
9.968666114260971156e+00
1.056386972298527027e+01
1.023496394271204046e+01
1.029376732689730289e+01
1.178247157486349295e+01
1.016516015329924372e+01
9.219691242300511291e+00
9.265173865141340670e+00
9.917519189949755898e+00
1.018229037787328650e+01
1.004121787227573748e+01
1.016552250722000927e+01
9.847087385110111057e+00
1.184454632997218937e+01
9.650963436113803695e+00
1.023496394271204046e+01
1.185256231110339442e+01
1.018472288543292592e+01
9.895375681300134119e+00
1.001227440291267179e+01
1.006091612869077245e+01
9.343594757915655080e+00
1.181141766550554451e+01
1.004121787227573748e+01
9.987249167612072043e+00
1.038086027278730938e+01
9.343594757915655080e+00
1.024967856587879567e+01
1.012715234129334263e+01
1.185256231110339442e+01
1.187272405448783275e+01
1.176310751630821549e+01
1.035872598413917345e+01
1.181805211910591424e+01
9.650963436113803695e+00
9.698875204185963383e+00
9.694273537177050315e+00
1.019127770022655177e+01
9.419118919667544887e+00
1.178966978080659267e+01
9.821708720221433708e+00
9.661298736263580267e+00
9.939337399539914131e+00
1.032568908866918811e+01
9.581522000621774282e+00
9.237708213623198716e+00
1.189893832175755506e+01
9.289456675750793480e+00
9.881386638753740570e+00
1.026071913571858119e+01
9.939337399539914131e+00
1.084965035586541404e+01
1.191174855189053972e+01
9.954975587094326173e+00
9.688791073590810043e+00
1.035490892230331994e+01
1.004304032588123263e+01
9.402518703307894299e+00
9.939337399539914131e+00
9.849396037415029781e+00
1.011761073914785136e+01
1.026178962183064058e+01
1.018705217463988077e+01
1.019823532806883648e+01
9.108111062821755866e+00
1.181141766550554451e+01
9.313085633213500358e+00
1.010074507802709221e+01
1.042883352059334001e+01
1.183143860782316459e+01
9.866589105839526752e+00
1.001227440291267179e+01
9.801210259589856477e+00
9.204176733948655098e+00
1.081884055442672832e+01
9.939337399539914131e+00
1.016418989378054860e+01
1.010074507802709221e+01
9.195876127175429460e+00
9.650963436113803695e+00
1.016552250722000927e+01
9.920754346188811468e+00
9.717117766584133065e+00
9.987249167612072043e+00
9.987249167612072043e+00
1.062661676569287650e+01
1.036258868367814401e+01
9.826764073357612261e+00
1.011761073914785136e+01
9.801484269342871869e+00
1.012650027103363293e+01
1.022561638279172058e+01
9.772392131814024552e+00
9.895375681300134119e+00
1.044987864642133601e+01
9.316510563471981143e+00
1.023496394271204046e+01
1.187935037589532428e+01
9.993306104203579565e+00
1.018705217463988077e+01
9.989663272736011734e+00
1.011761073914785136e+01
9.802454428043263945e+00
9.895375681300134119e+00
9.920754346188811468e+00
1.177523349740140901e+01
9.446947739371204023e+00
1.014247967161800901e+01
1.176310751630821549e+01
1.056310125072116257e+01
1.014560715644054767e+01
1.174175801273443298e+01
1.038548477594110686e+01
1.018705217463988077e+01
9.834333209147629873e+00
9.838696495734993164e+00
1.070127467569479052e+01
1.187272405448783275e+01
1.183198875777344128e+01
9.858278444981605659e+00
1.189893832175755506e+01
1.027903736009304225e+01
9.939337399539914131e+00
1.178966978080659267e+01
9.807229724636462365e+00
1.001227440291267179e+01
1.072828199322528064e+01
9.354606935235734611e+00
9.898478079313127509e+00
1.011761073914785136e+01
1.182504213974165630e+01
1.029980313047816409e+01
1.050657023397047851e+01
9.760865109632323566e+00
9.816590797931759482e+00
9.228940796130215674e+00
9.354606935235734611e+00
9.313085633213500358e+00
9.849396037415029781e+00
1.093850434932933702e+01
1.047411707760519306e+01
9.247836410291261799e+00
1.059459403570833302e+01
9.801484269342871869e+00
1.184574943196847308e+01
9.241544907678633791e+00
9.808218991825651045e+00
9.815852266327908637e+00
1.179097961661494232e+01
1.016716126458861069e+01
9.993306104203579565e+00
1.000219328984998057e+01
9.358910414656193666e+00
1.055196003312581965e+01
1.185256231110339442e+01
9.697122769962748023e+00
1.028477307071505820e+01
1.019127770022655177e+01
9.993306104203579565e+00
1.027072250556235389e+01
9.290266341476499434e+00
1.188592858658554974e+01
1.044308023038539801e+01
1.037735445570402248e+01
9.939337399539914131e+00
1.083141341916135048e+01
9.581522000621774282e+00
9.926158743360296910e+00
9.343594757915655080e+00
9.564656339501015125e+00
9.451160429085994963e+00
9.987249167612072043e+00
9.993306104203579565e+00
1.026985444375929646e+01
1.012650027103363293e+01
1.006697306528227998e+01
9.138612755815334054e+00
9.847463913227976207e+00
1.052317078951844564e+01
9.895375681300134119e+00
1.005283330995493252e+01
1.004121787227573748e+01
9.881885952904351456e+00
9.564656339501015125e+00
9.650963436113803695e+00
1.043884186171815642e+01
9.316510563471981143e+00
1.030848087034010163e+01
1.044308023038539801e+01
1.012650027103363293e+01
9.516744571428855437e+00
9.900291161030128961e+00
1.171272831390478686e+01
9.402518703307894299e+00
9.993306104203579565e+00
1.182504213974165630e+01
1.187935037589532428e+01
9.219691242300511291e+00
9.457217365677502485e+00
9.644199801347832945e+00
9.698875204185963383e+00
9.108111062821755866e+00
1.008221745657356649e+01
1.028181412121637450e+01
9.773796952149275796e+00
1.036412332282078275e+01
9.717117766584133065e+00
1.034320039366512667e+01
1.185256231110339442e+01
9.929797720976509368e+00
9.808218991825651045e+00
1.169055386722980572e+01
9.313085633213500358e+00
9.890695673761811690e+00
1.177014035103375633e+01
9.156022830893915554e+00
1.031593847099786743e+01
1.019671221011340734e+01
9.320042021371731877e+00
1.176795613693450449e+01
9.752735234139574771e+00
9.207438985795745268e+00
9.772392131814024552e+00
9.993306104203579565e+00
9.581522000621774282e+00
1.014982761132064937e+01
1.024926330957492304e+01
1.035320092610513676e+01
1.018705217463988077e+01
1.014560715644054767e+01
1.181813844280507908e+01
1.003147180418701900e+01
1.011761073914785136e+01
9.391506525987814769e+00
1.012322915192394923e+01
9.354606935235734611e+00
9.801484269342871869e+00
9.724480363741866640e+00
9.717117766584133065e+00
1.005283330995493252e+01
1.184454632997218937e+01
9.073458078288924256e+00
1.038259702088133096e+01
9.354606935235734611e+00
1.011761073914785136e+01
1.066665437396676808e+01
1.029099002960352038e+01
1.183198875777344128e+01
9.939337399539914131e+00
1.074217498843699303e+01
1.181813844280507908e+01
1.024778269154378307e+01
1.183198875777344128e+01
1.018705217463988077e+01
1.068768470419549743e+01
1.178966978080659267e+01
9.894999153182270746e+00
1.173846563530196363e+01
1.006697306528227998e+01
1.013550111280662946e+01
1.180465054303123651e+01
9.772392131814024552e+00
9.724480363741866640e+00
9.845246546111892982e+00
9.876058999929510307e+00
1.023496394271204046e+01
1.177014035103375633e+01
9.970173469963297563e+00
1.186383678381838180e+01
1.016552250722000927e+01
9.929298406825898482e+00
1.082649481971594341e+01
9.320042021371731877e+00
1.188592858658554974e+01
9.199924642219102111e+00
1.181805211910591424e+01
1.181141766550554451e+01
1.046538714535197556e+01
1.049779041449349393e+01
1.181101928438037518e+01
1.041674463426091712e+01
1.013642425196223229e+01
9.474681211886656129e+00
1.019127770022655177e+01
9.650963436113803695e+00
1.016509424065800893e+01
1.033649790470924401e+01
