3.416858344743657905e-01
-9.570124408591914600e-01
-2.271680830578147736e-01
1.239387175412034053e-01
5.215828834609651521e-01
-1.186718978340423947e+00
-1.118591668523047700e+00
4.530460598011389339e-01
3.172637110050643416e-01
-1.348523363892169646e+00
1.506580742518951688e+00
-8.965309302257769009e-01
1.869167475863947603e-01
2.468049991304205604e-01
-4.437541331743957707e-01
3.153257814972464934e-01
-3.779188235103286830e-01
1.662853494013769806e+00
-5.692877978809913753e-01
-3.653972218228523916e-01
-2.355859328981280143e-01
-7.167802806073649835e-01
9.002355990702045618e-01
5.405370022366071669e-01
-3.526757586787381826e-01
-5.813449498666004578e-01
-1.251232573103553403e-01
-1.290974151125576119e+00
1.752528813378263772e-01
-1.075716784819346072e-01
-6.462223524687745746e-01
-1.387582289294145621e+00
-9.025024619865475162e-02
-6.897925542253424691e-02
-5.719285809478526217e-02
-7.406371504007754902e-01
1.148187008740821247e+00
-7.022355024213289276e-01
-9.719585750524707413e-01
-1.953207483891110374e-01
-9.132117224261275812e-01
-6.544818887818314446e-01
-6.897080945057025847e-01
-9.216871657012572217e-02
-6.723951917025265679e-02
2.004870363911915310e-01
1.667205437469964080e-01
-4.235381654371678795e-01
-3.989009558014772194e-02
-1.073982865971249812e+00
-2.768514195232915642e-02
2.753452814816300873e-02
1.001611134809814008e+00
1.271080865545704264e-01
1.047449003227432840e+00
4.135338735663943721e-01
1.950688789447155402e+00
-6.730765309635713400e-01
4.135291926042401478e-01
-6.744292464574419554e-01
3.129608187724611801e-01
-4.064858470725894457e-01
-1.880463294092126758e-01
-1.274608464318988554e+00
1.675873572038611536e+00
-1.888871453644491272e+00
-5.904270199657207785e-01
8.041434144428483144e-01
-1.165819281557090914e+00
2.199231996548387524e-01
8.718898439067411799e-01
3.622495486939399933e-01
-1.009941400038682158e+00
-1.066730011785722854e-01
7.560315788188348707e-01
1.782046201643422145e-01
-1.723912008826630871e+00
1.727554852778079297e+00
-1.690815039640309436e+00
1.266654247866368488e+00
1.020832035749563715e+00
-1.057374468995468497e+00
-8.038355471463016766e-01
-3.204401747980842319e-01
1.430817606395708985e-01
1.401865470152734217e+00
-4.487951776805557819e-02
-3.418815011865824482e-01
3.803884545974947073e-01
3.640676337884670044e+00
3.060869962020228152e-02
-7.104619018751213710e-01
1.954776538930436680e-01
1.158557730788658091e+00
7.628025015842355705e-01
1.399113027204387516e-01
1.332946311559541686e+00
-4.876104067005148091e-01
5.785431187261905750e-01
-1.789955771067966550e+00
3.795251998366502150e-02
3.902157980837678980e-02
-2.065777129939056628e-02
2.264132179040782678e+00
3.679153779089070486e-01
5.715893681399816240e-01
-9.276968610174078922e-01
-3.789163498535139118e-01
1.953103961298494617e-01
-6.912105527014774653e-01
7.009938177755236088e-01
-5.747296293218322472e-01
-1.154596035570969736e-01
3.849446204098564417e-01
2.157860543035949041e-01
-1.076781659957224829e-01
-1.638788119010938571e+00
9.373258043301286868e-01
8.268134914274535285e-01
-6.712369155847971447e-01
6.918041022153275099e-01
2.511463417191140413e-01
1.361333219883903434e+00
1.131700294951197838e+00
4.312395082351133668e-01
-6.743433622820964590e-01
1.039056803915239691e+00
1.358763941575618639e-01
-1.514070699885633031e+00
-6.221594756887373068e-01
-5.082227535225952719e-01
1.861623523361874977e-01
6.506341306086349530e-01
2.454048601417978814e-01
6.998083530895403692e-01
1.438575372976869660e-01
9.637604635674237308e-01
5.297250417508861942e-01
-7.454461425781777617e-01
-6.679745826407488263e-01
-1.948731655896643600e-01
1.119823845910877802e+00
-4.409169271483248109e-01
-1.013356566255366603e-01
-2.174648448380548660e-01
4.868307838638725182e-01
-3.148656634345310401e-01
1.369969481270137068e+00
7.342882642943637794e-02
1.171852489711159961e+00
-1.717281933578577446e-01
2.237931997831562325e-01
-1.369794991659673000e-01
1.352237240242010863e+00
-1.004268805632479555e+00
-9.762459707440880596e-02
4.784741429948032865e-01
-7.990948989083936915e-01
1.294695451311767664e+00
-7.130104583001257712e-01
1.094995671417273275e+00
4.271019558616013234e-01
3.698193878940959856e+00
1.151511757076486786e+00
-4.656598384895492826e-01
1.316822784693472803e+00
3.371558441601842787e-02
-4.789432254435948555e-01
5.904268388757601127e-02
-1.393451613008743983e+00
-2.088313266212837860e+00
-2.208732474139502688e+00
1.005767356518056488e+00
-4.715898710968282614e-01
-8.706092832834319215e-03
-1.542516128370424511e+00
-9.682366131871661397e-01
1.181398617590529332e+00
3.376398439397242934e-01
1.471720062729658496e+00
-7.386344669706246258e-01
2.458330922182872247e-01
-6.098008851640813743e-01
1.528895980350256645e+00
-1.879014069101135664e+00
1.260288333809874484e+00
-1.337958866885275988e+00
3.986235969737128571e-01
2.053129668063958524e-01
-6.699799470761081954e-01
1.128706755786145877e+00
2.226966348923546946e-01
6.014388070461819391e-02
3.959249549904995114e-01
6.921580390236529989e-02
-1.492938647632754412e+00
-3.316481442029117072e-02
-1.468631954874005663e+00
-9.815138402978886845e-01
6.137705227568761579e-01
9.338758390709749058e-02
2.033962047344167468e-01
1.207868785606188572e-01
-8.743273698343637657e-01
3.965226577723759416e-01
1.804538017127486516e+00
1.536461144061949113e+00
4.174269477546970197e-01
1.033375317953832279e-01
-4.004942430496757910e-01
2.079483723980286136e+00
-3.913803526950074829e-01
-1.118506760433164993e-01
8.460395720344392467e-01
-1.164894897563370391e+00
4.231139073961587838e-01
-4.774494932165635475e-01
8.452124383700478083e-02
3.896021719917673320e-01
6.670973918122391488e-01
2.201681865750519940e+00
-5.516307104199602573e-02
2.516124306340831396e+00
-2.895599346768777393e-01
9.841998998934475829e-01
9.117906893169022142e-01
-1.235613950706327513e+00
8.212509776571366160e-01
1.188324224670219253e+00
4.676060605486417332e-01
-2.078877939337755998e-01
4.764219137686421246e-01
1.583500615953470081e-01
-6.943739963256569947e-01
7.742132326014344867e-01
1.939288367714715466e+00
1.059986418197826769e-01
5.698212421330721700e-01
1.295687880064313457e+00
7.785901350015447253e-01
-3.533348728056126542e-01
5.658295071979328739e-02
-1.188430811088562633e+00
1.610839918866799669e+00
-1.818436974022262120e+00
1.793829642830043619e-02
-4.793351827059175729e-01
4.316330280277481946e-02
-5.044237430097838759e-01
-1.286795118121993431e+00
-8.074000058891604992e-01
7.959042175763950677e-01
5.969848538415843953e-01
-1.612252290993913650e+00
-1.112430310149883139e+00
-6.430352170860510475e-01
-3.351119596462347472e-01
3.739342130495301397e+00
9.991649207440351371e-04
2.227856220349417882e+00
-1.129698253770881067e+00
-7.914964654327693028e-01
9.444165157782721254e-01
-5.070692284643978365e-01
-2.106105864580855302e-01
6.752808551839805107e-01
7.287864314892050777e-01
2.436961050472416790e-01
7.650482681178406574e-01
8.558131117616482042e-01
1.674425378275990584e+00
1.125215252594074844e+00
2.619272592581450287e-01
3.947251187335011902e-01
4.550119179252613000e-01
2.121152673904443398e-01
-8.901989433493753268e-01
-3.861923380921109539e-01
3.619041323202480953e-01
9.062559885988709096e-01
-1.542312079845926442e+00
7.570609103462063727e-01
-9.536775359241675964e-01
-9.286674068070221999e-01
-3.016692096446711435e-01
-1.327790566087275081e+00
5.991194798405422572e-01
-1.934371941031985065e+00
-1.154116350357299592e-01
-3.088262725610964599e-01
1.146844055429803388e+00
-4.110014320910210794e-01
-1.224390092131654173e-01
-1.148059603893373026e+00
1.119957062619147736e+00
1.067999510564595633e-01
2.316700714471378875e-01
1.117898642788125008e+00
-5.438527539553988932e-01
-6.494338273588518007e-01
2.027336042058311416e-01
9.195213527326941971e-01
-8.262345003826918610e-01
-6.806276482093939206e-01
-1.136153411889555542e+00
-3.092543060761649976e-01
-7.577892846524206250e-02
4.837527661449049499e-02
5.243359626523547146e-01
-2.351916065549363929e-02
-2.247246322574879551e-01
2.103568466770832757e+00
-1.865995611321202285e-01
4.068596491684489114e-01
7.866944415563978943e-01
2.314904683772714966e-01
-8.232091797254681431e-01
-6.581097892020165707e-01
-2.073203789384900908e-01
1.284323814931928487e+00
2.729856693724584282e+00
1.005604740364338112e-01
-8.111999175595174805e-01
-8.924993065702678807e-01
-6.600541317493802129e-01
-3.123533101944763191e-01
2.452135671717509957e-01
9.584610466090029979e-01
-1.269118471359524936e+00
2.337662553692934964e+00
-3.569669639251251136e-01
-2.246472882249221481e+00
7.488587028676640944e-02
1.767824573247545938e+00
-6.750139121004729015e-01
-4.448322361657037760e-01
5.419409956721411570e-01
-1.211751012239885988e-01
1.002044677879132317e+00
1.063128899114036630e+00
2.006580228820329381e-01
6.314886019343879386e-02
6.704228060232533259e-01
2.578284888400222963e-01
6.427643111346608151e-01
2.166147169919918347e-01
-1.232849595474516669e+00
-1.358332969979133553e-01
-9.106432189865301119e-01
-1.571532421392037193e+00
1.190438191912658983e+00
5.790786413251414189e-01
1.097137253563494452e+00
1.639270889573547219e-01
-1.546219006989572708e+00
1.517528878815162408e+00
6.130931011287402699e-01
4.362718603536334672e-01
-7.088532608657125422e-01
1.804673529978937818e+00
1.708522378149170684e-01
-7.757412600294182337e-01
3.665439428760297047e-01
1.400106910304774743e-01
7.218597177573293777e-01
7.712653854163460387e-01
1.758818611772573259e+00
1.832086169254181884e+00
-6.378790375516234512e-01
1.767949357599983007e-01
5.082804194908642215e-01
-1.853925935040331430e-01
-1.009762510497221877e+00
3.386308802299323184e-01
1.427058844334124776e+00
-1.914868142415458552e+00
7.121014407666139689e-01
-6.372676802179905176e-01
-1.341819154070180153e-01
6.624013947161232485e-01
-5.686579312615425152e-02
-3.593778965865874198e-01
-1.167565457552856234e+00
-5.310655179494916389e-01
1.310114357557379261e+00
5.679364808268482223e-01
1.166130555585990630e-01
-1.606704344721485711e-01
-3.931150287513490715e-01
-3.712452198823747440e-01
-5.175659707646564911e-01
-1.495451890734180500e+00
-7.267808161782952636e-01
-2.028041178107800935e+00
-6.494285000316466494e-01
-8.542231706345739806e-01
1.682708113839189501e+00
-1.295313359639980622e+00
-2.629628274273785871e-01
1.018235410565092813e+00
-1.004022353087848707e+00
-5.094281804999903907e-01
-8.013119965901492614e-02
-8.461043780416905857e-01
-4.340226404397643512e-01
8.303960052466375918e-01
1.260763091496315935e+00
-2.232342290238382265e+00
-5.256989377660418183e-01
5.629174068564761768e-01
-6.286508817586266007e-01
-1.678641185831168114e-01
-9.141902745848496936e-01
4.010511385211004698e-01
4.956843556376557269e-01
-2.334254737207743513e-01
1.021205357357635624e+00
1.081086404142388435e+00
3.929444184517107419e-01
-2.214184890091863256e+00
1.299377252835024754e-01
-7.176004933728724611e-01
-9.438211262014972736e-01
-1.209518233140151056e+00
1.596076410056222195e-01
-6.539169233460867536e-01
-1.076978097689571090e+00
1.193580260970944495e+00
1.224104210194554287e+00
9.912792612784262491e-01
-9.767022876341254767e-01
1.588166822976109671e+00
-1.886356623795857335e-01
-1.016014835782401704e+00
7.492278455800297499e-01
6.302164265452158132e-01
