7.071497399115871385e-01
7.516290134704818326e-01
1.933939271091925205e+00
8.755348042338113868e-02
-1.333070005671713965e+00
-2.381951206783409006e-02
3.364039036150859308e-01
1.045599784832192736e+00
6.919233846999442994e-01
-1.763628087608088091e+00
2.099516996668006286e+00
6.554120010073707370e-01
-2.308560028479416104e+00
1.892403500293533269e-01
-2.230213164816633176e-01
3.559041905643406389e-01
1.721327377684264692e-01
-3.225689008404801772e-01
-4.966545473640919528e-02
-1.451233861928294511e+00
1.956396440477696785e-01
-1.291011910431350829e-01
6.742151947103032228e-01
-9.844654308271819088e-02
2.121189190829213089e+00
-2.559658593843462948e-01
-9.394264354299894926e-01
3.381816040362701226e-01
-5.861857523683531440e-02
-4.425609786650019917e-01
-1.497624892538684804e+00
-8.412856130652829334e-02
1.076733301377013952e+00
-5.915901584121330270e-01
2.194379572408717005e-01
4.734710287326562850e-01
3.842738415040116706e-01
8.781143334838058534e-01
-8.909020216964933514e-01
-3.719514050904902391e-01
1.197016347282768706e-01
-1.524653197824594741e-01
1.672099423357593428e+00
3.560342485634994669e-01
-1.245068263003857423e+00
-4.831334955760568928e-01
1.429680437987341346e+00
2.896556822859983060e-01
-6.966465645872300660e-01
-2.511603594117915450e-01
-9.171307126784303612e-03
2.280371339244332551e-01
1.513763939783879797e+00
-2.032864197601925937e+00
3.838530380542872211e-01
-1.791861525988669879e+00
1.526375433012577609e+00
2.684628578484862804e-01
3.841687470444989927e-01
4.900600926030212467e-01
-7.981241422782084927e-01
8.933570707364856256e-01
-6.559141668709267403e-01
-1.025684380303972354e+00
1.980848154773278580e+00
5.494986931203338365e-01
2.834577648982665732e-01
-6.948841716989638817e-01
-8.512450690425357180e-01
3.433314142839667404e-01
3.642612673170044224e-01
5.270444770678752722e-01
-9.645546565754494761e-01
-9.858149986403993426e-01
-1.030391106751333163e+00
5.586249836689523018e-01
-1.166785763097514472e+00
6.824398465660350133e-02
8.493483058218341819e-01
-5.613402260250474063e-01
-1.536020777447700270e-01
8.470299092711254252e-01
3.052083145041199486e-01
-1.814631636050523245e-01
4.712477258920694245e-01
-4.672899799958091238e-01
-1.561637403695200987e+00
-1.755413766295070566e-01
-1.365321428356483846e+00
-2.915721029006775877e-01
-3.561204245627081488e-01
-3.978406103909083447e-01
-1.085806274129226923e+00
-3.239943350064137251e-01
-2.372453163339514892e-01
-1.158919317113088931e+00
6.773553151291773489e-01
-2.269860179859503873e-04
1.076409499524380697e+00
-1.659663141234529460e-01
3.172802142094399702e-02
8.374137862332906579e-01
8.321700204125049849e-01
6.619133154881419456e-02
8.892002335394180168e-01
-7.320644651469068176e-01
6.737496245522657246e-01
5.338690379744833736e-01
-1.615916940123198531e+00
5.752735213634966316e-01
-3.005139331906962474e-01
1.647786712392877162e-01
7.756393936464753280e-02
6.851217784819564616e-02
-2.188955319475157923e-01
1.909529328219019551e-01
1.824897477723649297e+00
7.803895363977519928e-01
-1.029866073107919000e-01
-1.186764458558842827e+00
-3.902678508189378337e-01
1.332947186502345671e+00
-7.032889690050732057e-01
-4.958425844892732082e-01
-3.067084678975429690e-01
-1.641787708753588981e-01
6.780372843879218792e-01
-8.146744980245865797e-01
8.433479688370562610e-02
-3.302245196210885914e-02
1.315514168870098588e-01
-1.874868168874976593e-01
-8.378234594533278123e-01
1.088959500930867380e-01
3.169921504948464697e-01
-1.554444557376997604e+00
5.801263394502890192e-01
-1.833659760768946989e-01
-1.389996601460984138e+00
5.699717245967739210e-01
4.829556866671975701e-01
6.607417716055783430e-01
-1.655650551645626134e+00
-1.452179144886512674e+00
1.027689876533505409e+00
-1.194207906478620629e+00
5.893457989271848607e-01
2.761841014996728183e-01
-2.817570990330204306e-01
5.474082601625963607e-01
6.783117312315408709e-01
-7.501889240190631747e-02
-6.714478872724274350e-01
1.411468750428653829e+00
-2.333557217711026144e-01
4.352070107460571657e-01
1.399429961379646148e+00
-6.652537567701024557e-01
4.178306099092015669e-01
6.464564053239701957e-01
-1.906680063394668861e-02
4.047277622672598163e-01
7.498235834369629815e-01
6.208512425041313315e-02
4.966394228794818178e-01
1.543575870274323858e+00
-1.746072386880232266e-02
2.674665750998544422e-01
-2.521499718401844503e-01
-1.319321981814503886e+00
3.326498452998906119e-01
-1.715496757110360204e-01
3.762626046267325552e-01
-4.243170785302333159e-02
3.400212078750325926e-04
-9.106460737167740849e-01
-1.151665990843493345e-02
-1.825554113070327056e-01
-1.209429795075849023e+00
9.819036511941174952e-03
2.636196064629568458e-01
4.423756697115975856e-01
1.554010070953312089e-02
-3.893535393913392928e-02
9.029922451617513612e-01
-2.692198640499727791e-01
-3.721262527784854890e-01
9.595827839734218101e-02
1.280651258240210311e+00
4.452680033841895924e-01
-7.479710236374319532e-01
5.232020610340055722e-01
-1.628373459337632001e-01
-7.548064423573094261e-01
3.024464695383403345e+00
-1.349071367858818427e+00
-1.275014289572017123e+00
2.116353409365753502e-01
-1.603502520413387478e+00
3.964463089074968805e-01
-9.628671542895435309e-02
9.601135251323456021e-02
-5.348195414075065379e-01
1.556807558522138868e-01
-9.941332776320835340e-02
2.566444812974078005e-01
9.087420159976709044e-01
6.858976429694009225e-01
-2.884057900000061569e-01
4.599536166157440764e-01
1.824942774506003451e-01
2.378430523381711570e-01
4.569552055219913700e-01
2.926912503250262976e-01
5.655678320201086295e-01
-7.078602536928346733e-01
6.175620804603304537e-01
-7.461440033938229743e-02
-6.578780929015098922e-01
-1.051942666372105872e+00
7.053241293848341309e-01
7.704650789052672755e-01
-3.712974735310334840e-01
-6.034670809838784677e-01
7.432617314946136922e-02
6.736318229798556878e-01
1.261992036553312713e-01
-3.583241669015447273e-01
-9.408059107160127166e-01
5.699178432262062000e-01
9.186767674126300465e-01
5.073559576488090306e-01
1.820818726984561042e-01
3.289159308653165636e-01
1.091196741083603761e-01
-8.997519030922617178e-01
-1.221088350156484426e+00
5.173455667781365896e-01
-2.848440293177035842e-01
-4.631565532039755850e-01
-7.797710536052839814e-01
8.257243116755373924e-01
6.775224699524213801e-01
-3.756678580637642373e-01
7.651893412176710707e-02
5.354545365232779019e-01
1.847488848188841182e+00
2.561362091813436659e-01
6.666498056559027052e-01
-6.528263005003174246e-01
3.826005562341033839e-02
-5.081668710429964042e-01
-1.981996545167473145e-01
1.803507172846610385e-01
5.642626009095623729e-01
-1.262301809289061438e+00
-7.906530869306387377e-01
5.776690666057245904e-01
-8.274291026628184387e-01
-1.200133350347792227e+00
4.312232004799553264e-01
4.016568473249487736e-01
1.164478102164851064e-01
2.311798989373902227e-02
-1.084232659426035694e-01
-8.511487659220485780e-01
-7.026560549100634434e-01
-8.450380511888198887e-02
-1.598002257571815354e+00
8.622331449697506756e-01
1.220612613904369786e-01
-1.639046409213566202e-01
-2.093199805038272299e+00
5.081721484406475087e-01
5.289168943099179510e-01
8.894890184089681018e-01
-1.696527411446054900e-01
-7.728043076910886544e-01
-9.290423231895961198e-02
-2.615953503040074901e-01
-7.201065971936168042e-01
-9.181495522465246140e-01
-1.138642202308667722e-01
-9.715295317340624792e-02
1.802252581828898137e+00
3.052072122197667034e-02
6.286837581426464316e-01
-1.512515676695911138e+00
-3.177960347455582868e-02
-1.067419544295801881e+00
3.007276739428608181e-01
-4.962991757215470257e-01
-1.768121341691497372e+00
6.941463571487658246e-01
9.859985516731797905e-02
6.466771548996984587e-01
-1.986719157759347654e-01
-4.793066130197830566e-01
-7.043599321097526733e-01
1.530738375732499934e-01
4.136696116244701904e-01
1.102740465275931614e+00
9.159002394778795741e-01
1.504826623338140434e+00
6.898545138167383461e-02
2.238878262821908383e-01
-2.662780877345377051e-01
2.536745729216572376e-01
2.952454471802952105e-02
7.377632177867846641e-01
4.335246976798329266e-01
9.655195042978395037e-01
4.775075431912770285e-01
3.255991264768787197e-01
-9.565286517900105645e-01
-9.513672983372818415e-01
-8.037721215092453741e-01
-9.601552454135093839e-01
-1.802525352826798155e+00
8.708850826608276474e-01
-2.747169057438512974e-02
4.338418071169348189e-01
7.271164827554600363e-01
3.836204131733069733e-01
-9.970877425080839629e-01
8.037058776934613569e-01
-3.273607569235450002e-03
-9.763321706244028064e-01
-4.914190165211582140e-01
3.073103195057177439e-01
-2.520035518476799324e-02
-1.435875876719078903e+00
2.306217222815004630e-02
-1.922557297574281343e-01
1.029982561179840994e+00
-5.482981158968319724e-01
1.875559299214265563e-01
-4.642982072788235937e-01
-1.104221848596831368e-01
4.443443700107343325e-02
9.101899983692517404e-01
-4.680588646472179648e-01
-8.433649547645925004e-01
3.879997155533371767e-01
-1.322551937109383013e+00
-1.914101271788459790e+00
1.681410754143958242e+00
1.755091280243657792e+00
3.797831045655417626e-01
1.910178958554768158e+00
1.498458803957389007e-01
-2.721626576823609200e-01
6.621163573458743734e-01
2.207821962528109527e-01
-1.411643808282069479e+00
5.377574247974624688e-01
2.099250634085465805e-01
2.687521460736544965e-01
-3.871412849696682645e-01
2.591264004696123280e-01
-2.178253462627484538e+00
1.274477901099646093e+00
3.501171526927551736e-01
-2.958801245506331723e-01
-4.266655899759274062e-01
3.821910139801892314e-01
-6.595213191536919428e-01
1.718447923023697754e+00
1.348934990057505612e+00
-4.381776528135891691e-01
6.088064814709440720e-01
9.555187200685697491e-01
3.720387903586498402e-01
2.615549786749792105e+00
-2.260636653341823177e-01
-2.311727176201423262e-01
-3.455190704677001956e-01
-2.688154114275808845e-02
2.170880120967590088e+00
-1.514847534435652121e-01
3.594085363353383689e-01
3.646397096318986786e-01
-1.028226978495281552e+00
-1.197763820590582243e-02
5.671777302784012376e-01
-5.639962624108116884e-01
3.471003586724835110e-01
2.617947217921821612e-01
4.381592853393665443e-01
-2.401296852849520991e-01
8.153184404608764257e-01
-8.151047765645553778e-01
-1.683153497270618359e+00
-3.333447482268746320e+00
-5.354315852889199867e-01
8.301360513173308142e-01
1.354963778471118818e-01
2.257822648135454913e-01
1.063797559081751443e+00
-7.975722444494823954e-03
-8.658587734180154261e-01
-2.760329327956480006e-01
-1.512749243166166546e-01
-6.383215512923874346e-01
1.668390314939028674e+00
4.417457418491977372e-01
5.697335771599433205e-03
-2.858721636580691672e-01
-9.741638265614321890e-01
7.633160514845737099e-01
1.645338336590057793e+00
1.495474400993728858e+00
5.604056671985333526e-01
6.868494404054235059e-01
8.879216766207054939e-03
-1.382852954042102400e+00
-2.957355586393380920e-01
-3.125583619760523568e-01
5.489935298472582437e-01
1.437538884068207956e-01
-2.325910642380885074e-01
5.350308115396227304e-01
9.406071841502555708e-01
1.097216836075171342e-01
5.303591013418712530e-01
9.285340249098703591e-01
2.169893468592167252e-01
-1.714756089712315967e-01
1.246764952984206060e-01
4.386100056043130135e-01
-6.782019942238270982e-01
-3.100101979790474416e-01
-8.710234067034069994e-02
1.209160853804498031e-01
-2.522745149646945031e-02
-1.262310502376284560e-01
