5.936354151141953750e+00
5.295979831515862379e+00
6.267284876824323447e+00
4.855461749771855295e+00
5.932929853855752889e+00
5.270026261560790459e+00
5.627022249591890457e+00
5.386342735523257375e+00
5.622026572238389086e+00
5.228147629849519973e+00
6.182949455690014418e+00
5.295979831515862379e+00
5.631758172964936193e+00
5.675822553221070876e+00
5.656080636711480203e+00
5.646489752230699821e+00
5.644258510444374544e+00
6.076545885262144786e+00
4.937439158123312133e+00
5.055886194259984201e+00
5.199265666775183092e+00
6.076545885262144786e+00
5.934455591557775023e+00
6.137588220494733626e+00
5.889494460076694082e+00
5.638962188811657228e+00
4.907371744471904051e+00
6.262797823719669310e+00
5.629281708196887557e+00
6.267284876824323447e+00
5.030807330174328129e+00
4.926511358126791862e+00
5.270026261560790459e+00
6.250642435836437194e+00
6.252176032185706056e+00
6.182949455690014418e+00
4.937439158123312133e+00
5.946508991446707526e+00
5.947995403056400399e+00
5.677148466145159666e+00
5.660406490174641370e+00
5.247287243504407783e+00
5.055886194259984201e+00
6.267284876824323447e+00
5.653498937096985699e+00
5.982376080810432484e+00
5.946508991446707526e+00
4.926511358126791862e+00
5.666080419435266968e+00
4.907371744471904051e+00
5.270026261560790459e+00
5.247287243504407783e+00
5.940797344467196872e+00
6.258270724126371753e+00
5.666080419435266968e+00
5.627022249591890457e+00
6.147595493617081353e+00
5.715475627388295621e+00
5.889494460076694082e+00
5.701179605302620246e+00
5.640391452446237963e+00
5.316276880089366053e+00
5.656844491683063580e+00
5.816812335117118593e+00
5.752356686433893529e+00
6.158523293613600735e+00
5.702629305542778582e+00
5.598273638882690584e+00
4.975203946138247346e+00
5.622026572238389086e+00
5.228147629849519973e+00
5.258215043500927166e+00
5.718141524163753431e+00
6.014728717971460803e+00
6.031636738543308951e+00
6.098693291559015961e+00
5.942021938342054277e+00
5.375141751833734993e+00
5.752356686433893529e+00
5.684832652251055052e+00
5.889494460076694082e+00
5.736012027955544212e+00
5.960472553432326848e+00
5.595145987206449512e+00
5.607640687043331518e+00
5.932929853855752889e+00
6.262797823719669310e+00
5.582166364442504580e+00
5.925243226041725819e+00
5.309563191145618255e+00
6.258270724126371753e+00
5.455784112854158430e+00
6.087715347840960689e+00
6.112595611298083931e+00
6.076192303090249602e+00
5.904040317754999379e+00
5.228147629849519973e+00
5.270026261560790459e+00
5.633614983182012814e+00
5.395926389470856677e+00
5.247287243504407783e+00
5.116489022373706952e+00
5.629110368719667967e+00
5.627615937165685089e+00
6.047188022179945222e+00
6.277586791045196790e+00
4.937439158123312133e+00
5.609970945777920548e+00
6.196288081628535949e+00
5.270026261560790459e+00
6.250642435836437194e+00
5.334143521476524263e+00
5.237279970382060057e+00
6.015148948425768083e+00
5.247287243504407783e+00
5.949477044880103094e+00
6.170334511673464029e+00
5.622026572238389086e+00
5.184091265898910450e+00
6.025961709869251060e+00
5.940922133718760101e+00
5.950953836873782876e+00
6.128455879962193542e+00
5.654406148802660681e+00
5.629996052238970705e+00
5.280681228071282263e+00
5.418818769538375157e+00
5.703664409328432328e+00
5.247287243504407783e+00
5.946508991446707526e+00
4.872905658682380015e+00
5.353696542631873001e+00
5.609479612744548760e+00
5.270026261560790459e+00
4.878489781397568059e+00
5.625034406476022930e+00
5.270026261560790459e+00
5.889494460076694082e+00
5.688625182006302516e+00
5.258215043500927166e+00
5.753986552336626481e+00
5.815427319508589932e+00
6.093989794172668617e+00
5.950180021719601697e+00
5.676108343962464886e+00
5.947995403056400399e+00
6.224816203132614412e+00
5.635753706941671659e+00
5.614478807859124565e+00
5.301250686860773165e+00
5.699182895236138080e+00
4.961865320199725815e+00
6.048722023769430578e+00
5.928329144851982591e+00
5.617304630575898017e+00
5.384363743603604924e+00
5.401000210670681589e+00
5.650513316840333644e+00
5.622406776884397495e+00
4.926511358126791862e+00
4.949250376183174538e+00
5.219835125564674883e+00
6.273201584371021156e+00
6.182949455690014418e+00
4.961865320199725815e+00
5.943522179045501730e+00
5.699451052570940313e+00
5.286864801665715596e+00
5.309563191145618255e+00
5.318695531678159227e+00
5.427998048255153307e+00
6.265793775472680238e+00
4.926511358126791862e+00
4.916504085004445024e+00
5.334837399699964067e+00
5.427998048255153307e+00
5.711236044661659683e+00
6.018474214761152297e+00
5.943522179045501730e+00
5.947995403056400399e+00
6.255231476935390944e+00
5.660667590141846617e+00
5.935977279870121137e+00
6.182949455690014418e+00
5.862173570312399384e+00
5.188641775881941420e+00
5.672217708234504663e+00
5.116489022373706952e+00
5.929866550458822161e+00
4.884673354992001393e+00
5.930463488836453578e+00
5.237279970382060057e+00
5.725038779247649146e+00
6.170334511673464029e+00
6.105757490482290883e+00
5.953892551194934768e+00
5.071723673255990938e+00
6.224816203132614412e+00
5.684832652251055052e+00
5.237279970382060057e+00
5.751153962663313912e+00
5.956810905667581757e+00
5.987095989854603673e+00
5.936221948439272644e+00
5.659924036868963171e+00
5.673676398672808041e+00
5.807679994584577621e+00
5.237279970382060057e+00
5.889494460076694082e+00
5.270026261560790459e+00
5.309638352314226317e+00
5.282641205577340848e+00
5.701902750944030984e+00
6.076545885262144786e+00
6.265793775472680238e+00
5.080224325293066556e+00
4.937439158123312133e+00
5.743828094342109836e+00
6.270252930257719015e+00
5.640926775264841098e+00
5.309563191145618255e+00
5.958377751040766057e+00
5.036079249315146278e+00
5.745559936516517752e+00
5.237279970382060057e+00
5.616986731932685828e+00
4.937439158123312133e+00
5.030807330174328129e+00
6.182949455690014418e+00
4.949250376183174538e+00
5.622026572238389086e+00
5.193681544059995048e+00
4.916504085004445024e+00
4.916504085004445024e+00
5.710650210583603226e+00
5.661418460235731587e+00
5.963234930174082571e+00
5.270026261560790459e+00
6.210270345454309115e+00
5.660406490174641370e+00
5.633143662140186692e+00
5.875512196250920915e+00
5.286864801665715596e+00
5.678057242890950818e+00
5.418818769538375157e+00
4.961865320199725815e+00
5.949477044880103094e+00
5.247287243504407783e+00
5.282641205577340848e+00
5.993453099505100745e+00
5.270026261560790459e+00
5.628594620036743379e+00
5.286864801665715596e+00
5.622026572238389086e+00
5.926788010031605936e+00
5.125774148592348034e+00
5.608082894213286096e+00
6.255231476935390944e+00
6.098089594561439952e+00
5.609698226804507470e+00
6.250642435836437194e+00
4.989186209964020513e+00
5.282641205577340848e+00
5.634768717965732421e+00
5.275097105356094218e+00
5.724226459594493832e+00
5.947995403056400399e+00
5.939008188149646372e+00
5.969168946689510591e+00
5.953892551194934768e+00
5.644715032602688254e+00
5.237279970382060057e+00
5.929866550458822161e+00
5.629526018951630739e+00
5.309563191145618255e+00
5.399653754968441355e+00
6.128455879962193542e+00
5.976665886914102721e+00
5.270026261560790459e+00
5.937494838748756720e+00
5.648977313544115475e+00
5.688625182006302516e+00
5.620359988681421726e+00
5.961306605984766804e+00
5.773213908795053584e+00
6.128455879962193542e+00
5.080224325293066556e+00
5.889494460076694082e+00
5.839179912491747615e+00
5.352821110299409213e+00
5.055886194259984201e+00
5.704807082211378777e+00
6.210270345454309115e+00
5.942021938342054277e+00
5.392499558633605972e+00
5.212287361185410361e+00
5.270057337178040591e+00
6.261293133406373279e+00
5.617948053276384357e+00
5.247287243504407783e+00
5.995743051174694749e+00
5.799367490299732530e+00
5.696996765270169405e+00
5.943522179045501730e+00
5.937929618959389089e+00
5.645902028168287679e+00
5.672217708234504663e+00
5.247287243504407783e+00
5.642979360329376526e+00
5.409796385657911877e+00
5.950953836873782876e+00
5.346919552726364877e+00
5.334143521476524263e+00
5.237279970382060057e+00
6.148559329626722914e+00
6.170334511673464029e+00
5.652126127384037524e+00
5.427998048255153307e+00
5.837747408235985702e+00
5.816812335117118593e+00
4.916504085004445024e+00
5.247287243504407783e+00
5.714897597906535509e+00
5.660406490174641370e+00
5.649478690178121987e+00
6.084399516011584019e+00
5.607640687043331518e+00
5.691694939807386611e+00
5.286864801665715596e+00
5.258215043500927166e+00
4.926511358126791862e+00
5.614478807859124565e+00
5.837747408235985702e+00
6.182949455690014418e+00
5.346108164596138579e+00
5.418818769538375157e+00
4.975203946138247346e+00
5.346919552726364877e+00
5.660406490174641370e+00
6.158523293613600735e+00
5.647286476680841716e+00
6.244470758303995339e+00
5.807679994584577621e+00
5.247287243504407783e+00
5.937494838748756720e+00
5.949477044880103094e+00
5.384363743603604924e+00
6.147595493617081353e+00
5.176237635149471217e+00
5.862173570312399384e+00
6.076545885262144786e+00
5.680824045144479584e+00
5.717068656653962577e+00
5.205449240369617314e+00
5.732030002743831787e+00
5.193681544059995048e+00
5.728222833976370332e+00
5.943522179045501730e+00
5.293702922481509532e+00
5.212287361185410361e+00
6.239805084645499988e+00
5.080224325293066556e+00
5.228147629849519973e+00
6.256753165247737059e+00
5.755769999884528865e+00
5.321636649428645782e+00
5.626215464898509211e+00
5.791819725920468898e+00
5.925243226041725819e+00
5.618719287326106482e+00
6.099573916887856662e+00
5.875512196250920915e+00
5.247287243504407783e+00
6.170334511673464029e+00
5.611633254634794454e+00
5.711160693895246609e+00
5.730042145856272029e+00
5.282641205577340848e+00
5.609698226804507470e+00
6.267284876824323447e+00
5.671560689170092928e+00
5.270026261560790459e+00
5.107222162877537386e+00
6.017762221613327966e+00
6.128455879962193542e+00
6.210270345454309115e+00
6.196288081628535949e+00
5.193681544059995048e+00
5.258215043500927166e+00
6.273201584371021156e+00
6.064285483050606551e+00
5.665284491392180044e+00
6.128455879962193542e+00
5.270026261560790459e+00
5.717936879524181393e+00
5.316276880089366053e+00
5.939008188149646372e+00
5.237279970382060057e+00
5.402177384124029480e+00
6.267284876824323447e+00
5.638081170971866563e+00
5.939008188149646372e+00
5.282641205577340848e+00
5.392270638913061021e+00
5.929866550458822161e+00
4.899059240187058961e+00
5.919029199267884955e+00
5.649478690178121987e+00
5.603615273298641952e+00
6.264298064423116763e+00
5.875512196250920915e+00
6.196288081628535949e+00
5.966721868106581894e+00
5.642720705587629837e+00
4.961865320199725815e+00
6.256753165247737059e+00
5.660294077222969733e+00
6.277586791045196790e+00
4.949250376183174538e+00
5.904040317754999379e+00
5.746949348793150669e+00
5.791819725920468898e+00
5.950953836873782876e+00
5.376662079637599234e+00
5.935977279870121137e+00
6.265793775472680238e+00
5.003732067642325809e+00
5.357281357513335784e+00
5.934455591557775023e+00
6.071153454658601234e+00
5.690683076392659245e+00
5.135008227476543397e+00
5.672217708234504663e+00
6.182949455690014418e+00
5.695888865428075043e+00
5.656314094447625784e+00
