7.601701626010639146e+00
7.952904223317533550e+00
9.593721703098809783e+00
7.397225970227346181e+00
9.406104829066691764e+00
7.824029268675939619e+00
7.897116135577159746e+00
8.186148329551672376e+00
8.604486222590047362e+00
7.630738467027805783e+00
7.799376915907536123e+00
7.952904223317533550e+00
7.910898048156819407e+00
7.823522537637598973e+00
7.731993868482131660e+00
7.688790699043680732e+00
7.678887983712101573e+00
7.353364476284164120e+00
7.725490820163702921e+00
7.945522017162656603e+00
7.511295076478239352e+00
7.353364476284164120e+00
9.421928581853537210e+00
7.585208246965227552e+00
7.897265899003108380e+00
7.655644237960219201e+00
7.588328989721185636e+00
9.544618611056625568e+00
7.614300511582683839e+00
9.593721703098809783e+00
7.809952888634363433e+00
7.674703107454385886e+00
7.824029268675939619e+00
9.417097973828848723e+00
9.432767660619678196e+00
7.799376915907536123e+00
7.725490820163702921e+00
9.551312225792189636e+00
9.567836605046053933e+00
8.090851375386950650e+00
8.777766515830444760e+00
7.717112584761007810e+00
7.945522017162656603e+00
9.593721703098809783e+00
7.720270853947280187e+00
7.799669519650667127e+00
9.551312225792189636e+00
7.674703107454385886e+00
8.042417972652083691e+00
7.588328989721185636e+00
7.824029268675939619e+00
7.717112584761007810e+00
7.618973341969740076e+00
9.496217478115084987e+00
8.042417972652083691e+00
7.897116135577159746e+00
7.630841613511205601e+00
8.268415689477201624e+00
7.897265899003108380e+00
7.946717579311346924e+00
7.661878188115357702e+00
7.885737330766549924e+00
7.735474444817979744e+00
7.542798769658607405e+00
7.304272418060274497e+00
7.681629326220520859e+00
7.953988563979448756e+00
7.869382028947216945e+00
7.910494746010911626e+00
8.604486222590047362e+00
7.630738467027805783e+00
7.767900297470323068e+00
8.033502266909762213e+00
7.953267380905849393e+00
8.038193972300383905e+00
8.416209699348407014e+00
9.502209133750005421e+00
8.133774009549313178e+00
7.304272418060274497e+00
8.895514105517460024e+00
7.897265899003108380e+00
8.369702107027469751e+00
7.701253529713925516e+00
7.870550770178588174e+00
8.545034854284676129e+00
9.406104829066691764e+00
9.544618611056625568e+00
8.458373592476005953e+00
9.328139709222551090e+00
8.598195208081307328e+00
9.496217478115084987e+00
8.265194692276731203e+00
8.349208831885027493e+00
7.476582531602177006e+00
8.281199842056373939e+00
7.976241881729921879e+00
7.630738467027805783e+00
7.824029268675939619e+00
7.916750278769835170e+00
8.231918596729659754e+00
7.717112584761007810e+00
8.168069882660804026e+00
7.902973844624361810e+00
7.607363945682898532e+00
8.119652747513233848e+00
9.711047882821993937e+00
7.725490820163702921e+00
7.867974356621908250e+00
7.866633252067731341e+00
7.824029268675939619e+00
9.417097973828848723e+00
7.953281841751874914e+00
7.671479218215029761e+00
7.955335329455071047e+00
7.717112584761007810e+00
9.584439572037156907e+00
7.737758297426137410e+00
8.604486222590047362e+00
7.459838973331859080e+00
8.009285077067504588e+00
7.619467189124197404e+00
9.601121274835904273e+00
7.544467495778003574e+00
7.724383018143562651e+00
7.617292795311866982e+00
8.478751817531739121e+00
8.150893043394297877e+00
8.212286718271585073e+00
7.717112584761007810e+00
9.551312225792189636e+00
7.448553020237005384e+00
8.036577022268655668e+00
7.536737559539586684e+00
7.824029268675939619e+00
7.468885599171617429e+00
7.891900377385415943e+00
7.824029268675939619e+00
7.897265899003108380e+00
8.142641244174786408e+00
7.767900297470323068e+00
8.462763975466426558e+00
8.620847411739301691e+00
7.404691526293823323e+00
7.657222086914632797e+00
7.824872481076338815e+00
9.567836605046053933e+00
8.018651359036542914e+00
7.641763206389260432e+00
8.572719721212100907e+00
8.562076745283427215e+00
8.191339063256284803e+00
7.843238409850716408e+00
8.127873650893558732e+00
9.359095620623801182e+00
7.875721021665456512e+00
8.021566001402948842e+00
8.087550378543939544e+00
7.706796499407790435e+00
7.885612455535418341e+00
7.674703107454385886e+00
7.781619791369319472e+00
7.594620004229925669e+00
9.660291338819314788e+00
7.799376915907536123e+00
7.843238409850716408e+00
9.518498638214566654e+00
7.938082304114614018e+00
8.502625376978055982e+00
8.598195208081307328e+00
8.638935959268531306e+00
8.181225409964676842e+00
9.577275763511783779e+00
7.674703107454385886e+00
7.629069740908409614e+00
7.956108714528194348e+00
8.181225409964676842e+00
7.997710681448774395e+00
7.971773404319074885e+00
9.518498638214566654e+00
9.567836605046053933e+00
9.464338059160159133e+00
8.019441589760072375e+00
9.437829589743994774e+00
7.799376915907536123e+00
7.756967438600914200e+00
7.473900572151302768e+00
8.833895487036061311e+00
8.168069882660804026e+00
9.374688496522228576e+00
7.492759158617934290e+00
7.579890763386265107e+00
7.671479218215029761e+00
8.069912304154154725e+00
7.737758297426137410e+00
7.448897664674752228e+00
9.634721480137933725e+00
8.012409261953990836e+00
8.018651359036542914e+00
8.895514105517460024e+00
7.671479218215029761e+00
8.447803813150626340e+00
9.668638405515372014e+00
7.821473307783207929e+00
7.601197643130388926e+00
8.016329002572213369e+00
7.813410093506984566e+00
7.502058018471383427e+00
7.671479218215029761e+00
7.897265899003108380e+00
7.824029268675939619e+00
7.864401186159088120e+00
7.885647887157338332e+00
7.950341223937321899e+00
7.353364476284164120e+00
9.577275763511783779e+00
8.045140901237319397e+00
7.725490820163702921e+00
8.172655990596767950e+00
9.626849049343778830e+00
7.664220668670566283e+00
8.598195208081307328e+00
7.692148785397046495e+00
7.843721176888828417e+00
8.418589036439469098e+00
7.671479218215029761e+00
7.875218718596005196e+00
7.725490820163702921e+00
7.809952888634363433e+00
7.799376915907536123e+00
7.781619791369319472e+00
8.604486222590047362e+00
7.490962497543625531e+00
7.629069740908409614e+00
7.629069740908409614e+00
8.245313635264428953e+00
8.022596074600311766e+00
7.713357168197495284e+00
7.824029268675939619e+00
7.939675376309730304e+00
8.777766515830444760e+00
7.915243297525866417e+00
7.824223774761109418e+00
8.502625376978055982e+00
8.094900581938423656e+00
8.150893043394297877e+00
7.843238409850716408e+00
9.584439572037156907e+00
7.717112584761007810e+00
7.885647887157338332e+00
7.851126293539152812e+00
7.824029268675939619e+00
7.611432267814292274e+00
8.502625376978055982e+00
8.604486222590047362e+00
9.343579407547379034e+00
8.196106086597596985e+00
7.867288505695751333e+00
9.464338059160159133e+00
8.412467042178439769e+00
7.867843677438501437e+00
9.417097973828848723e+00
7.983536870252910589e+00
7.885647887157338332e+00
7.637535127579452521e+00
8.458419238597127077e+00
8.310963499261244891e+00
9.567836605046053933e+00
9.469863963117356676e+00
7.739694756198330694e+00
9.634721480137933725e+00
7.955681497279500469e+00
7.671479218215029761e+00
9.374688496522228576e+00
7.615322729712277194e+00
8.598195208081307328e+00
8.249986609947477234e+00
7.544467495778003574e+00
7.773535539871378575e+00
7.824029268675939619e+00
9.453808000808464840e+00
7.972005101483511602e+00
8.142641244174786408e+00
7.577904620130532010e+00
7.704896687188007576e+00
7.362282048987203176e+00
7.544467495778003574e+00
8.045140901237319397e+00
7.897265899003108380e+00
8.793930777359495465e+00
8.032715410522447641e+00
7.945522017162656603e+00
8.217656801271221667e+00
7.939675376309730304e+00
9.502209133750005421e+00
8.054818739260612759e+00
7.562853502851979215e+00
8.441357313204804314e+00
9.528407102047689037e+00
7.876781035749464088e+00
7.717112584761007810e+00
7.861896267605601452e+00
7.465939555673503314e+00
8.181182768952940165e+00
9.518498638214566654e+00
7.607753498576229845e+00
7.960164280264804937e+00
8.833895487036061311e+00
7.717112584761007810e+00
7.949222220522496052e+00
8.119621589754608237e+00
9.601121274835904273e+00
8.006963230737730086e+00
7.953281841751874914e+00
7.671479218215029761e+00
8.751518258239594061e+00
7.737758297426137410e+00
7.714063840146845763e+00
8.181225409964676842e+00
7.639219848913900712e+00
7.542798769658607405e+00
7.629069740908409614e+00
7.717112584761007810e+00
8.016607873425506625e+00
8.777766515830444760e+00
8.726978803121129502e+00
7.373568002082056871e+00
8.545034854284676129e+00
8.156707796897899598e+00
8.502625376978055982e+00
7.767900297470323068e+00
7.674703107454385886e+00
8.572719721212100907e+00
7.639219848913900712e+00
7.799376915907536123e+00
8.003463832907527831e+00
8.150893043394297877e+00
7.910494746010911626e+00
8.006963230737730086e+00
8.777766515830444760e+00
7.681629326220520859e+00
7.692341376454463031e+00
9.355185854885535335e+00
7.502058018471383427e+00
7.717112584761007810e+00
9.453808000808464840e+00
9.584439572037156907e+00
8.021566001402948842e+00
7.630841613511205601e+00
7.439635447533966328e+00
7.756967438600914200e+00
7.353364476284164120e+00
7.847264366269609326e+00
8.027898720893372086e+00
7.535168635924554437e+00
8.107518969282283550e+00
7.490962497543625531e+00
8.086950682112590272e+00
9.518498638214566654e+00
8.530310243905480760e+00
7.562853502851979215e+00
9.309552579337772471e+00
8.045140901237319397e+00
7.630738467027805783e+00
9.480239067050614921e+00
7.310954998977543973e+00
7.904729209047917315e+00
7.894954690486593485e+00
7.434173054295556859e+00
9.328139709222551090e+00
7.571437931816790368e+00
7.425024105228437143e+00
7.824223774761109418e+00
7.717112584761007810e+00
7.737758297426137410e+00
7.869011934834269972e+00
7.997323689440378303e+00
8.096752740057373998e+00
7.885647887157338332e+00
7.867843677438501437e+00
9.593721703098809783e+00
7.803483206120299442e+00
7.824029268675939619e+00
8.138815932658056695e+00
7.968242531456475319e+00
7.544467495778003574e+00
7.939675376309730304e+00
7.866633252067731341e+00
7.490962497543625531e+00
7.767900297470323068e+00
9.660291338819314788e+00
7.337066956908867787e+00
8.039006425031187675e+00
7.544467495778003574e+00
7.824029268675939619e+00
8.280295503138521696e+00
7.885737330766549924e+00
9.469863963117356676e+00
7.671479218215029761e+00
8.262309149080534709e+00
9.593721703098809783e+00
7.931683531446059199e+00
9.469863963117356676e+00
7.885647887157338332e+00
8.214345984400289069e+00
9.374688496522228576e+00
7.552210526923305522e+00
9.267143102031152324e+00
8.726978803121129502e+00
7.867423708969723428e+00
9.560908115521188577e+00
7.824223774761109418e+00
7.866633252067731341e+00
7.728781172328623938e+00
7.672099639124082771e+00
7.843238409850716408e+00
9.480239067050614921e+00
7.751257591703643257e+00
9.711047882821993937e+00
7.781619791369319472e+00
7.976241881729921879e+00
8.425804907303209745e+00
7.434173054295556859e+00
9.601121274835904273e+00
7.987931494469277638e+00
9.437829589743994774e+00
9.577275763511783779e+00
8.062512852979724087e+00
8.052491104631803509e+00
9.421928581853537210e+00
8.252172503742228216e+00
7.894838264340691580e+00
8.222785214970109280e+00
8.833895487036061311e+00
7.799376915907536123e+00
7.920402561768609573e+00
8.001385069974736197e+00
