-7.880371591538307685e-01
-1.173868153704545197e-01
-6.945352636398345325e-01
-1.127618377080644496e+00
-5.431918731757167107e-01
-6.333793254169325371e-01
-3.738067220436614435e-01
2.188634200706760069e+00
-8.833309136640465908e-01
-1.543846783723061833e+00
6.827415160441763220e-02
-2.811999476652646268e-01
-8.458324325502768193e-02
-9.791211454513749635e-01
2.107347100134923767e+00
-1.328560988090504436e-01
-2.341013358015068060e-02
3.181363882322354453e+00
-2.339942393999614012e+00
-1.512440767583739520e-01
-1.746345751045217831e+00
6.946103328647876829e-01
1.463319738272856441e+00
1.362700553048936003e+00
-2.977437478069972290e-02
-7.968427448830281978e-01
2.511558828064660021e-01
9.071039244646624811e-01
-1.265031110799264447e+00
1.206782563571265010e+00
2.367654874346828697e-01
-1.241210298611836071e+00
4.563718237589266535e-01
1.310447609572439331e+00
1.261261814980267348e-01
7.529443777909943236e-01
1.040597656903498036e-01
-6.981036879809254803e-01
-9.175587814821412058e-01
3.506713224866263579e-01
-1.512253868674229063e+00
4.653409063188436966e-03
-1.216975534809061177e+00
3.165808093962757530e-02
1.579871951112709727e+00
5.686387548981012285e-01
4.808996282826686897e-01
4.013323504285713494e-01
-3.923207593898471734e-01
-2.294520603668342984e-01
-8.330866799786077470e-01
1.375099437323710205e+00
-4.935695352068970865e-02
6.287603032881826870e+00
2.574784821556290182e-01
-9.679513396971340944e-01
-1.737886532356400782e-01
1.718505500119790752e-01
-2.172335812638007901e+00
-1.394647226589959876e+00
2.017706143349407011e+00
4.176831338770445434e+00
1.265540001752753385e+00
-5.475929792427569609e-01
7.756473232155607356e-01
1.249510547264948146e+00
4.174777475865987936e-02
-1.383259076830907312e-02
-1.142768406317823171e+00
-1.970691019476691064e-01
-8.063946361765129689e-01
-1.501850241381012863e+00
-2.883159929006468558e-01
-7.908343837635786189e-01
-7.105531709823504904e-01
4.122700350706943184e-01
4.194072271479000469e-02
1.729873141564528538e-01
-1.336773240844066013e+00
-1.627100963560883740e+00
-1.082017136709285010e+00
-1.639322408707015732e+00
1.189441982899569261e+00
-1.510175552456011649e+00
1.086468761822761309e+00
-1.802767031974533918e+00
-1.947946817335066694e-01
-4.835261708549724036e-01
-8.233221630039799788e-01
-7.942875709572502219e-01
-6.941599340257841311e-01
-1.345386218093175490e+00
-1.211896221389582751e+00
2.397197209862736433e-01
-5.553510789835134354e-01
-2.792619827388655551e+00
3.176366435460645787e-01
-1.471189223738708085e+00
-1.164752093377768999e-01
-4.101088591370852576e+00
1.502851633577169943e-01
-8.190200067974856557e-01
-2.253351375409097912e+00
1.077603616847998547e+00
-5.209972536835251189e-01
7.599926345877561218e-01
2.244933872032658151e+00
-1.847228809051952858e-01
-1.568169906865920060e+00
-1.578258020464309963e+00
-1.297994772125354856e-01
-1.877412433012569104e-01
-1.282766915305088240e+00
-7.229374579164316028e-01
-1.397851953049180196e+00
-2.024918177102341676e+00
2.107926760006971989e+00
-5.951445692964978385e-01
-1.713817187853637014e+00
2.358814723499795818e+00
1.757469888931879054e-01
2.838664856003675907e-01
-1.386369343646612629e-01
3.095338515733379925e+00
-4.841549927850694393e-03
-6.799577273849111148e-01
-1.563002669380675336e+00
1.333742854546339229e+00
1.555151635919889364e+00
-3.975826736991370236e-01
1.657838202438551567e-01
2.733251083904399081e+00
2.231447032179678658e-01
-1.237987855251217795e+00
2.807594696828867864e-01
-7.823134644462860499e-02
1.515039055252576317e+00
-6.350486035954342467e-01
-2.090008791742274941e+00
-5.623083674644426821e-01
7.708579547153325551e-02
-9.501915898246269254e-01
-8.491871185347570350e-01
-8.529158779269184754e-01
-2.831921844985091363e-02
-6.381164456895620507e-01
-2.075731462126334304e+00
-3.258935243448630725e-01
-9.699573747830843029e-01
-6.662443762109376832e-01
3.490400931239246773e+00
3.164953501738869135e-01
-1.382407626513778798e+00
-7.888360245278659422e-01
-9.262135986803156085e-01
1.181124854047180150e+00
-7.978892119049010301e-01
-4.421606108439254945e-01
-6.345603425435838441e-01
-1.539219887238664874e+00
-4.062927122302150140e-01
-4.436205961063103276e-01
1.753991515281968727e+00
7.149036669481725337e-01
-7.146241726018194296e-01
-8.823937883661311377e-01
1.347579136519913234e+00
3.133532243288076335e-01
-4.460783166226745533e-01
9.416790196906850152e-01
-8.556483301723953883e-01
6.353152355752460512e-01
6.421544891220761775e-01
-1.028797398067420543e+00
1.150468872399024178e-01
-1.050039496845952103e+00
-1.733568681332894046e-01
5.949297547944157882e-01
-9.350487538321565761e-01
-3.975715314392769817e-01
-3.497702356260419254e-01
1.441679925908516235e+00
-5.268197551827508152e-01
-5.166364593085503998e-01
-8.071367971037989308e-01
-5.547437661683292109e-01
-7.851333116173822568e-02
-1.078088624791811556e+00
5.845646742838430665e-01
-9.048160820298803975e-01
-7.086753913149519413e-01
-7.376285329892137144e-01
2.352001471835366342e+00
4.081622866325551602e-02
-1.321381395383035118e+00
-2.439565627447368244e-03
1.179550276061622105e+00
2.256137821559001111e+00
5.662553156714869029e-01
-6.676575929331606263e-01
3.705371690192111878e+00
3.433235021664310382e-01
-5.339601112373378866e-01
-5.446296682307374404e-01
-4.741341837320793839e-01
1.719263299179828897e+00
6.871685660579333887e-02
5.220859667734595311e-01
-1.230016840118090871e+00
-5.209196411034944241e-01
1.244376198190525473e+00
-4.674506367325814149e-01
1.871263662355620583e-01
4.520219304635891833e-01
-5.159370111864163277e-01
-9.324485075298120096e-01
-7.362069624512885824e-01
1.963784387334704062e+00
4.090422169534196906e-01
2.264576440650941103e-01
-5.294889030517306860e-01
2.444342578769400087e-01
4.544363187320670655e-02
-5.283325110504145661e-01
5.529771731646360156e-01
1.001923108884383407e+00
-1.076469895703339175e-01
4.702360393353424151e-01
-1.667691419939850261e+00
2.219812103046703011e-01
-1.711073065466387766e-01
1.465233768522769653e+00
-8.275877961183639719e-01
-1.137132421728575427e+00
1.485138859829841396e+00
-3.536520591080465903e-01
-5.461722409730120908e-01
7.686034996131313468e-01
-5.601157312233999708e-01
-1.526570009992957722e-01
1.947674345773234006e-01
-5.822275244206113198e-01
5.247681758897615456e-01
1.832689791792118106e+00
-9.006010041314480019e-02
-4.718791293366371153e-01
-7.774087383679858521e-01
-1.515820873841126293e+00
1.933057692566367003e-01
2.394118948167408001e-01
5.661265752001812257e-02
-2.508804299244101754e-01
1.525284120211850114e+00
-1.233374395618170416e+00
-5.128456219634375257e-01
5.134048529403515415e-01
3.916422224151353548e-01
1.869001575560444328e+00
-7.674110023597479069e-01
-2.462311852079314800e+00
-4.219245135198758101e-01
2.092238228733778183e-01
-1.772977264755502436e+00
-4.156225140775069438e-01
-2.876451937109298918e-01
1.868473482490697446e+00
-4.492723956648133621e-01
4.599893760001377285e-01
1.128405978353556494e+00
1.338426069225370885e+00
-3.660112807572811211e-01
3.805175701836678859e-01
1.181010172713459871e+00
5.554211103911596004e-01
1.686232559924641272e+00
1.056161147979261417e+00
-1.283759835859049070e-01
3.257475173075257691e-01
-7.158510343010305865e-01
1.245693980218558705e+00
-2.684556967926621684e+00
-7.511026385070657119e-01
-2.105157478409071525e-01
-1.864811167353974328e-02
1.017412322356247678e+00
-1.675440251533515612e+00
-1.370266772178109216e-01
-1.323048335382140950e+00
-2.198863969375541405e+00
6.898370796747884705e-03
1.045194242182573507e+00
1.941193738550928582e+00
-2.075945553921390019e+00
-6.059495210370129392e-01
-6.751796391110012063e-01
3.908455351210212564e-02
4.168360842365333441e-01
2.112111859667403502e-01
7.056229842161204635e-01
-4.382902217478872320e-01
-1.888181963007999231e+00
1.086925187263406034e+00
2.994451843545413272e+00
-2.024362152538592419e-01
1.898543572950659231e+00
4.595683425157848223e-01
-6.450432096628878620e-01
7.236244175413562019e-01
8.785855160767559457e-01
-4.923662984260032682e-01
-3.521895090425543051e-01
3.995231811709392122e-01
6.608702075916516039e-01
1.447312426967715338e+00
-1.246534074891989752e+00
5.069054538169142088e-01
-1.166536738624336156e+00
-8.693991411970134475e-01
-1.770361984950354350e-01
1.813210218170909549e+00
-2.945660729447549531e-01
-6.210908044695420127e-01
-1.180071027520442684e+00
1.120541479038663357e-01
-7.585877179973703477e-01
1.337773836609450706e+00
6.940874719626308753e-01
5.277764807868540409e+00
-1.552110181692973878e+00
-3.665356163509640997e-01
7.603834998153212732e-01
-1.080979247734241033e+00
-9.322160104892720511e-01
-1.954015947512842910e+00
4.082871526822413166e+00
-2.063779228940914034e-01
1.029113836046797292e+00
5.770783055094204084e-01
-9.075647345692356982e-01
-2.862774203226676750e-01
2.005033375168437659e-01
-6.113848178500550512e-01
-7.307070673513358372e-01
4.320892531501340783e-01
-1.074896367966873045e+00
1.057901828314183890e+00
6.414709451028151044e-01
-5.100755720141575411e-01
9.150747418073300610e-01
-4.792509703237160523e-01
-1.121045919414433989e+00
2.355920203630837775e-02
4.528413457995175695e-01
-6.896483675161785287e-01
6.261122296716287172e-01
1.586453041752023951e+00
-7.085889675148904221e-01
3.937836739314766743e-01
8.537875932637052356e-01
4.882341441521362291e-01
6.397161501602517397e+00
-5.289913772053072005e-01
6.374021058067574907e-01
-1.672834181940023202e+00
-3.953342953249565639e-01
2.333848429490279930e+00
-1.172824330536203608e+00
-3.483769213360783379e-01
-9.070962442568263062e-02
-2.844447427461160305e-01
-3.945227828027676464e-01
2.206181983076609843e+00
-1.010547048208028098e+00
-4.447267874252537334e-01
3.436450234661250214e+00
1.044774522367000469e-01
-1.034315665877707069e+00
-6.872043211512377514e-01
3.527715386962933852e+00
-2.334645232137098625e-01
2.246129408857225340e-01
3.511459579240329698e-01
-1.037667912096904566e+00
1.076425210541994915e+00
-6.690656893056434740e-01
-1.370408199582951791e+00
-9.604765125375154186e-03
-8.741685042240883163e-01
-6.741855877631467431e-01
5.726727425475340860e-01
-8.301360861016849890e-01
-5.591113568587074978e-01
-4.386940365750636728e-01
-2.427670812906186804e+00
7.833129368275351112e-01
-1.244067056032017726e+00
-5.583574903712514859e-01
8.789568190056006036e-02
5.315987369125902973e-01
-9.047924089609573617e-01
-6.363846764763492203e-02
-7.947132179389939655e-01
7.058303203310292706e-02
1.351259746114401361e+00
-6.543003939687098702e-01
-8.478440624878387233e-01
9.361415259514105358e-01
1.509135968905701564e-01
-2.447386724774002487e-01
6.484033733398387733e-01
6.737341601607681474e-01
1.142690269778396175e-02
-9.869524052264180281e-01
3.082693644706616456e-02
8.924451265117669396e-02
2.152258327571172192e+00
4.991295721475147995e-01
1.040145764346213086e-01
2.419154529486626348e+00
-6.274456920181032960e-01
-7.909198744942400605e-01
-4.638196005368961927e-01
1.280436761533617074e-01
-1.606517500962133749e+00
1.147524336176616311e+00
-4.128213471388825218e-01
-8.807304245651115249e-01
-6.870654815836392260e-01
8.452939147475045933e-01
6.652765954110853586e-02
9.494892365373263088e-01
7.256019001026832171e-01
8.751294899962520635e-01
1.164807018791601090e+00
3.295112581070059665e+00
6.801782288967692103e-02
