1.419513759435029421e+01
1.545704119413133526e+01
1.794720247057579243e+01
1.472721051084213606e+01
1.781266944966731103e+01
1.529836287303715636e+01
1.446906151254499306e+01
1.489534488344562213e+01
1.582672675909410387e+01
1.504699022620834725e+01
1.472623838564225807e+01
1.545704119413133526e+01
1.449283517462501081e+01
1.451572243808967322e+01
1.439700468844189807e+01
1.433986033237619040e+01
1.432663404327357348e+01
1.411280474536968121e+01
1.519228583360733431e+01
1.476637610669803102e+01
1.488028874506454002e+01
1.411280474536968121e+01
1.782379757269122678e+01
1.445224150079890180e+01
1.485989438293866982e+01
1.429536391638802328e+01
1.501241629510087705e+01
1.791393704130109299e+01
1.423877774196531831e+01
1.794720247057579243e+01
1.454413618642939632e+01
1.512651722071953664e+01
1.529836287303715636e+01
1.782497519278862441e+01
1.783611114903871098e+01
1.472623838564225807e+01
1.519228583360733431e+01
1.791262853946832223e+01
1.792370239516660391e+01
1.475021862017818464e+01
1.605549665695528461e+01
1.516109115182700862e+01
1.476637610669803102e+01
1.794720247057579243e+01
1.438158057191600925e+01
1.446464216416406856e+01
1.791262853946832223e+01
1.512651722071953664e+01
1.468494176156545628e+01
1.501241629510087705e+01
1.529836287303715636e+01
1.516109115182700862e+01
1.422018169852781355e+01
1.788061388691750864e+01
1.468494176156545628e+01
1.446906151254499306e+01
1.451211145524708357e+01
1.498055582075856229e+01
1.485989438293866982e+01
1.467000947278563494e+01
1.430378377193468253e+01
1.448605960434641915e+01
1.440157352283281433e+01
1.441766756969143159e+01
1.406342924546174267e+01
1.457788006813487947e+01
1.467889252818910428e+01
1.437011980459154614e+01
1.542246726302386506e+01
1.582672675909410387e+01
1.504699022620834725e+01
1.522685976471480451e+01
1.477437766860089674e+01
1.466040281250688260e+01
1.476403600583246067e+01
1.518490249597092756e+01
1.787936311019361924e+01
1.482781684361957986e+01
1.406342924546174267e+01
1.620385497446266143e+01
1.485989438293866982e+01
1.510593333744305333e+01
1.433426287257262288e+01
1.436408124545492804e+01
1.574368438998414632e+01
1.781266944966731103e+01
1.791393704130109299e+01
1.560777817164879977e+01
1.775697488782817146e+01
1.584105318734135714e+01
1.788061388691750864e+01
1.521323668745160340e+01
1.511483458751311737e+01
1.430523205127278707e+01
1.504180631661172107e+01
1.495050070588042779e+01
1.504699022620834725e+01
1.529836287303715636e+01
1.450245641584570500e+01
1.495343290530006186e+01
1.516109115182700862e+01
1.509986456983851433e+01
1.447939500455866479e+01
1.422913278460480946e+01
1.486019240750949955e+01
1.802453904896454873e+01
1.519228583360733431e+01
1.439870059960701454e+01
1.480806149755141021e+01
1.529836287303715636e+01
1.782497519278862441e+01
1.458561666895787567e+01
1.510122119737882684e+01
1.466296726846035803e+01
1.516109115182700862e+01
1.793476830017134560e+01
1.464938317645723131e+01
1.582672675909410387e+01
1.479936175698722423e+01
1.472914827759060863e+01
1.422089008510019603e+01
1.794582587028440557e+01
1.439801052962842220e+01
1.438699741252827558e+01
1.424292318235406363e+01
1.567435170619754992e+01
1.504771121280991686e+01
1.490905271243621044e+01
1.516109115182700862e+01
1.791262853946832223e+01
1.481505318724591724e+01
1.469978737427849858e+01
1.412686681390445820e+01
1.529836287303715636e+01
1.484571481395706982e+01
1.445947476770756701e+01
1.529836287303715636e+01
1.485989438293866982e+01
1.481863970400225305e+01
1.522685976471480451e+01
1.521680495963859769e+01
1.539372209564074900e+01
1.420064742177346240e+01
1.427406175351025652e+01
1.451745005048392834e+01
1.792370239516660391e+01
1.498507463698789799e+01
1.427651857896926479e+01
1.578284864009319222e+01
1.579215282798663189e+01
1.488203611773185564e+01
1.534064415111471291e+01
1.486972226800092933e+01
1.777926196511518597e+01
1.442518752608520138e+01
1.485336265886561691e+01
1.495377815484819628e+01
1.436377994694880655e+01
1.444723446778331244e+01
1.512651722071953664e+01
1.526378894192968616e+01
1.499808986685362378e+01
1.799144865241511937e+01
1.472623838564225807e+01
1.534064415111471291e+01
1.789045851278369526e+01
1.465942667599776605e+01
1.570911045887667612e+01
1.584105318734135714e+01
1.589528415851183674e+01
1.509202078634395683e+01
1.793612104838211252e+01
1.512651722071953664e+01
1.506664726627135664e+01
1.458960056410180606e+01
1.509202078634395683e+01
1.473177235451537470e+01
1.468327971510132635e+01
1.789045851278369526e+01
1.792370239516660391e+01
1.785837150379869698e+01
1.465337301010558946e+01
1.783492120280484983e+01
1.472623838564225807e+01
1.469166445453478786e+01
1.482275424614826598e+01
1.612699976527763468e+01
1.509986456983851433e+01
1.779040126168115066e+01
1.488047356663619603e+01
1.416257455354732819e+01
1.510122119737882684e+01
1.481709352856715434e+01
1.464938317645723131e+01
1.426606780116374118e+01
1.796791446904293110e+01
1.486976157226424355e+01
1.498507463698789799e+01
1.620385497446266143e+01
1.510122119737882684e+01
1.519926048420681042e+01
1.798996511785707852e+01
1.449299824827318162e+01
1.419439817334942866e+01
1.464905914413922794e+01
1.450275700552759695e+01
1.436343659852095200e+01
1.510122119737882684e+01
1.485989438293866982e+01
1.529836287303715636e+01
1.445139564262001564e+01
1.537521808222218311e+01
1.467443970069701642e+01
1.411280474536968121e+01
1.793612104838211252e+01
1.491920422374072608e+01
1.519228583360733431e+01
1.493430278423512014e+01
1.796934223127881580e+01
1.430694108587465330e+01
1.584105318734135714e+01
1.432193805863762215e+01
1.460140374894958271e+01
1.516469237883497811e+01
1.510122119737882684e+01
1.442390159336718902e+01
1.519228583360733431e+01
1.454413618642939632e+01
1.472623838564225807e+01
1.526378894192968616e+01
1.582672675909410387e+01
1.484962711835338744e+01
1.506664726627135664e+01
1.506664726627135664e+01
1.495129081023034345e+01
1.465773524824671981e+01
1.435056296724722991e+01
1.529836287303715636e+01
1.489446831404614002e+01
1.605549665695528461e+01
1.450000013328071802e+01
1.477348756644394001e+01
1.570911045887667612e+01
1.475561305982165017e+01
1.504771121280991686e+01
1.534064415111471291e+01
1.793476830017134560e+01
1.516109115182700862e+01
1.537521808222218311e+01
1.453129951096252093e+01
1.529836287303715636e+01
1.423479568023308950e+01
1.570911045887667612e+01
1.582672675909410387e+01
1.776811971243148136e+01
1.514030000903292894e+01
1.439304095777074188e+01
1.785837150379869698e+01
1.518103641626756506e+01
1.439785304260330001e+01
1.782497519278862441e+01
1.550887407951859487e+01
1.537521808222218311e+01
1.427074984726616691e+01
1.564369007948639734e+01
1.503381535638674471e+01
1.792370239516660391e+01
1.785715344750865441e+01
1.438573869707281183e+01
1.796791446904293110e+01
1.456248169278594595e+01
1.510122119737882684e+01
1.779040126168115066e+01
1.424019489904644509e+01
1.584105318734135714e+01
1.497610323631733920e+01
1.439801052962842220e+01
1.443043874072983712e+01
1.529836287303715636e+01
1.784603995581003844e+01
1.458636427333271079e+01
1.481863970400225305e+01
1.418753007421805989e+01
1.433917891099511976e+01
1.416607349066599220e+01
1.439801052962842220e+01
1.491920422374072608e+01
1.485989438293866982e+01
1.555145112384622941e+01
1.469460924282228298e+01
1.476637610669803102e+01
1.491595122908267612e+01
1.489446831404614002e+01
1.787936311019361924e+01
1.490433550337171376e+01
1.495421174785271212e+01
1.561681720728127587e+01
1.790283522481003331e+01
1.442782433146541443e+01
1.516109115182700862e+01
1.454512705092102109e+01
1.431453623916622675e+01
1.486887968228252177e+01
1.789045851278369526e+01
1.420397605928456919e+01
1.456909580535755211e+01
1.612699976527763468e+01
1.516109115182700862e+01
1.455286703744748245e+01
1.500160019681946366e+01
1.794582587028440557e+01
1.465983762513530841e+01
1.458561666895787567e+01
1.510122119737882684e+01
1.550996518124903822e+01
1.464938317645723131e+01
1.437339061357409520e+01
1.509202078634395683e+01
1.454330613702740926e+01
1.441766756969143159e+01
1.506664726627135664e+01
1.516109115182700862e+01
1.475434340348634521e+01
1.605549665695528461e+01
1.598972804406748871e+01
1.415038206040729918e+01
1.574368438998414632e+01
1.483703456126943365e+01
1.570911045887667612e+01
1.522685976471480451e+01
1.512651722071953664e+01
1.578284864009319222e+01
1.454330613702740926e+01
1.472623838564225807e+01
1.465507730822341692e+01
1.504771121280991686e+01
1.542246726302386506e+01
1.465983762513530841e+01
1.605549665695528461e+01
1.457788006813487947e+01
1.434458998029585253e+01
1.778040180661087177e+01
1.436343659852095200e+01
1.516109115182700862e+01
1.784603995581003844e+01
1.793476830017134560e+01
1.485336265886561691e+01
1.451211145524708357e+01
1.476178444194960626e+01
1.469166445453478786e+01
1.411280474536968121e+01
1.454599341995788642e+01
1.476774778223740192e+01
1.491504749774366623e+01
1.486055908026672334e+01
1.484962711835338744e+01
1.483686815739907061e+01
1.789045851278369526e+01
1.574827470898572201e+01
1.495421174785271212e+01
1.774695148528916633e+01
1.491920422374072608e+01
1.504699022620834725e+01
1.786949513391232003e+01
1.407823081426221101e+01
1.451516872467972696e+01
1.446513936354910967e+01
1.427065812016531687e+01
1.775697488782817146e+01
1.417823128385066767e+01
1.423130904848461498e+01
1.477348756644394001e+01
1.516109115182700862e+01
1.464938317645723131e+01
1.440408726062206846e+01
1.473130833692778374e+01
1.484818287420414862e+01
1.537521808222218311e+01
1.439785304260330001e+01
1.794720247057579243e+01
1.448998951389341094e+01
1.529836287303715636e+01
1.505744685523648663e+01
1.467892749723016266e+01
1.439801052962842220e+01
1.489446831404614002e+01
1.480806149755141021e+01
1.484962711835338744e+01
1.522685976471480451e+01
1.799144865241511937e+01
1.406584636749782113e+01
1.468028281457502970e+01
1.439801052962842220e+01
1.529836287303715636e+01
1.499551098886698774e+01
1.448605960434641915e+01
1.785715344750865441e+01
1.510122119737882684e+01
1.499147735173945506e+01
1.794720247057579243e+01
1.452615225916007091e+01
1.785715344750865441e+01
1.537521808222218311e+01
1.493124080557717548e+01
1.779040126168115066e+01
1.496351593574615180e+01
1.771237755418169613e+01
1.598972804406748871e+01
1.438146831875926424e+01
1.792503244389116546e+01
1.477348756644394001e+01
1.480806149755141021e+01
1.437120827662779554e+01
1.431753566371030395e+01
1.534064415111471291e+01
1.786949513391232003e+01
1.442223425628090361e+01
1.802453904896454873e+01
1.526378894192968616e+01
1.495050070588042779e+01
1.517326833899612026e+01
1.427065812016531687e+01
1.794582587028440557e+01
1.480095003780550122e+01
1.783492120280484983e+01
1.793612104838211252e+01
1.559948040246035283e+01
1.472103912871417997e+01
1.782379757269122678e+01
1.501003314751668505e+01
1.460589449834057874e+01
1.517866275634413320e+01
1.612699976527763468e+01
1.472623838564225807e+01
1.463764822976096802e+01
1.462820460392774180e+01
