1.432750794879591727e-01
-6.424436876904062732e-01
-8.374158504079084464e-01
-1.016760871551992240e+00
-2.083692116009746353e+00
-5.598178498489422283e-01
2.326735186358599647e-02
9.177621025225140006e-01
-5.091422937293574869e-01
-4.127475873346475588e-02
-6.919689107213131685e-01
1.358787462391191359e-01
1.533057883629128426e+00
1.914021746564107396e-01
-2.040530425647015533e-01
-5.187287724828800739e-01
-9.917270616648952153e-01
1.828764957300981431e+00
1.939016234619338253e+00
7.180694339211831645e-01
-6.813073984629548496e-01
-1.418304006928389427e+00
3.867037467299525022e-01
6.876397887821524835e-01
1.256416408991396061e+00
-8.307053755764062242e-01
8.443560186388648914e-01
3.687040781979161186e-01
1.063572234551170448e+00
-4.222208097361060952e-01
-1.027679296838656553e+00
1.300577208941464891e+00
1.055991466971005099e+00
-3.641048829552263055e-01
9.758533264939218688e-01
-2.439351757210732607e-01
3.346766409806460896e+00
-2.667687012210146489e-04
-5.427600965845230663e-02
1.255837581302556405e+00
-3.006037139667965263e-01
-2.370081711543260139e-01
-1.240146925869008987e+00
9.230322604821089572e-01
-8.566322279250634941e-02
9.790617591486573401e-01
1.451993990389360834e+00
8.760796733089166732e-01
4.520128691133513676e-01
7.361382075857278995e-01
-1.138089966368325268e+00
1.061979767925596674e+00
1.955551511575763790e-01
-1.991326571192024719e+00
6.180335991992946809e-01
2.403724658102039669e-01
8.702751920577944666e-01
-1.533787852726437473e+00
-9.634316631501032013e-01
-9.463742350030717176e-01
4.267840233795827110e-01
5.193509285840389178e-02
-2.500441990711352314e-01
-3.484781774176355928e-01
4.615480599643981829e-01
-5.482177972561685930e-01
1.446925218467945529e+00
1.491415114840370482e+00
6.940093709412289424e-01
4.776851755661749577e-01
-6.278406323706090530e-01
3.913723801949031689e-01
-1.735087236149783108e+00
3.344820706899115370e-01
-1.032522603664530525e+00
1.241245639554657609e+00
1.052712286182243995e+00
2.254858856675471479e+00
2.901534784390429889e-01
9.784090171738854536e-02
-4.365672760662487328e-01
1.425656428140525511e+00
-1.558056174457605469e-01
8.874259026215937374e-02
4.985397315348980007e-02
-1.142274937647975053e+00
3.992405168693144608e-03
-1.319393963680727921e+00
-3.889721009743640212e-01
1.566214387729384649e-01
2.358627164516309827e-01
4.734832235793320909e-01
7.108339964069656514e-01
-3.994294433580778403e-01
-5.006549201149242956e-01
8.004195551542151454e-01
-4.774296678882710698e-01
-5.460344199565118073e-01
-3.585505587785392523e-01
-1.271871685863383394e+00
3.044647687576214068e-01
-1.075562516115402101e+00
1.207485557304941892e+00
7.612454673963985341e-01
1.729635971403475692e+00
-3.103792444468099765e-01
9.950810804122249831e-01
-1.066622162186677159e+00
4.000961945080301618e-02
6.839915550406826528e-01
-1.576366551719788345e-01
-1.394245410813872432e+00
6.490132825498635682e-01
5.820441404003540153e-01
7.057366821378580068e-01
-7.988395885868619928e-01
2.005689886261067034e+00
-7.197306735895647734e-01
2.044303060211618839e-01
-3.244487463706623442e-01
-4.026279071431113077e-02
6.341025969380571503e-01
7.863260350348570960e-01
-3.517353165569773177e-01
1.208195276827498527e-01
-3.843563354423356060e-01
-4.052979133960352698e-01
-9.293782934360713677e-01
5.186521137117736657e-01
4.840823261627439922e-01
4.321834656953506548e-01
1.655814753813629414e+00
7.447624839068914815e-01
-5.253440638846491595e-01
4.307853863606971312e-01
2.496423619213445078e-01
8.146955517145467729e-01
1.484982885067689828e+00
-3.633004098897188783e+00
1.050064143634381386e+00
8.613828976135375903e-01
-7.926990095122044000e-01
-2.452675793428485296e+00
-2.930294963803586894e-01
-6.971181314293763975e-01
-2.136485425717080666e+00
-2.499937630347865980e+00
5.203656292792783189e-01
-4.437414211674951536e-01
4.966089901750544433e-01
1.222946744896597604e+00
3.724142502326659165e-02
-1.619962328374284777e+00
7.290953446304691832e-02
-6.732953287574541257e-01
4.841082858652744347e-01
-1.015096111739465679e+00
1.281551645797154859e-01
2.120139899990717058e+00
-1.370969971205484805e+00
-9.507915477466820642e-01
-5.713011123847042683e-01
-2.126303528201624882e-01
-5.135574354509847561e-01
2.146535532363300358e-01
2.003843613226058071e-02
1.494568294761666185e-03
-8.381752795691012059e-01
4.046324443212409028e-01
7.804518560390236726e-01
-6.412559911894264442e-01
1.700118136170337413e-01
8.760796733089166732e-01
1.993970313399274552e+00
-7.089177635251870946e-01
-1.752848582258187404e+00
-1.902342069573351724e+00
2.731065067001338664e-01
-4.524401313093737720e-01
-1.816161408950707212e+00
-1.783439720008338225e-01
8.031371186356940639e-02
-1.020109163527324281e+00
-4.149749951013044780e-01
3.427655543035794394e-02
-1.398353398652097401e-01
-6.113821093929351358e-01
3.810037450787708835e-01
1.510109917170242122e+00
7.903463868055160546e-01
-1.298311315366698360e-01
2.280748545866398136e-01
2.798066656661121754e-01
9.890553115014980579e-01
9.788775102646555260e-01
-2.400814931062333069e-01
-7.236899049089640101e-01
-9.516595639475833313e-01
2.277688145991668689e-01
2.989293522680784299e-01
-1.395395317437249094e+00
8.210054046100275782e-01
-4.684176987067417697e-01
-9.718118902820157556e-01
1.438754907677710415e+00
-7.553580368685725022e-01
-7.554765106926212281e-01
2.150166117977395430e+00
1.753543803489239439e+00
-4.354750615582999584e-01
1.939741294989341946e-01
4.252404526388986472e-01
-4.244809513514192223e-01
8.693339336385653704e-01
7.601549127115767579e-01
8.604310511236715753e-01
1.451925123490434455e+00
7.269403728380607367e-03
7.139324059785526755e-01
-9.933903327124141147e-02
-2.042681653500391936e-01
7.435763599548732283e-02
-1.660860331700394765e-01
-1.493674623326480599e+00
-4.005500469379352779e-01
-1.716197014714190283e+00
-1.902658924559554210e+00
5.424241730006181816e-01
-1.229492362784373904e+00
2.642497312179156732e-01
7.351315448309376777e-01
4.066689889964952287e-01
4.596200724722677711e-01
-5.330547528339463215e-01
-1.023312631118523885e+00
-8.697222877739105296e-02
-4.640760765791124287e-01
-5.735931650388825798e-01
-6.197622781221451965e-02
7.703789243474449266e-01
4.199492990806755199e-01
6.821101974204251128e-01
-7.215983160351422399e-01
1.269514526240370866e+00
-1.192616829096658337e+00
9.807565362092137695e-01
-7.473832630659197340e-01
1.091271440776138357e+00
6.055535218222369842e-01
-8.189272241653158257e-01
1.193687348740337349e-02
3.857499895564269199e-01
7.995080559478898730e-01
2.127410847560490259e-01
1.033776084479385515e+00
-7.625752467305645377e-01
-7.300010902430181803e-01
-1.493555915294205172e-01
6.899760144654482064e-01
9.419022670227628069e-01
8.130019082645409956e-01
1.118788335974816028e-01
1.891390765374746097e-01
-1.501327410869139234e+00
-9.331878781218762020e-01
-1.067725566643823676e+00
-2.672470266854221066e-01
8.841539378127009075e-01
-4.561160211217761273e-01
3.181798693443547710e-01
3.778157785012156156e-01
5.181796487845503896e-02
-1.272383968772033080e+00
-2.671288826327718191e-02
1.737242779324126296e+00
2.072553843147888486e+00
3.825714171739197922e-01
6.504674045458433973e-01
-2.337656903066557268e-01
3.165935464558254919e-01
-6.969571385740400693e-01
3.595533790959724030e-01
-1.631254996716957617e-01
-1.205221726917652614e+00
2.537301807616124671e-01
3.734548423591871891e-01
-3.754908784483841355e-01
3.295526200177932297e-01
-1.644950428161438882e+00
1.102475622911026187e+00
-4.830396907702662612e-01
-1.077413797813025376e+00
-1.979865756398113685e+00
9.808827101341096588e-01
-6.085026455327058326e-01
1.287938947546078960e+00
1.077244833175248662e+00
-5.437803612971564560e-01
6.314161481795690922e-02
1.061847942737810385e-01
-4.662941243448452955e-01
-5.057303944664769402e-01
-1.564543947328009832e+00
-3.160669523349445065e+00
-3.653420632829725290e-01
1.254938705574538127e-01
-2.923163865824587870e-01
2.902497204356722094e-01
2.684625620727802420e-01
-8.849009785737936562e-02
-1.082031249556638208e+00
5.591908536955475517e-01
8.159533807243084524e-01
2.686582033279116377e+00
-1.649796075991817046e-01
7.186917792256427573e-01
2.286593583537658569e-01
8.961575710084951352e-01
3.056782757614950885e-01
2.413856950556420244e+00
1.095106439376731799e+00
7.491015738992661266e-01
2.237061346037469770e-02
2.114462819488115708e-01
-1.489306558539541969e+00
4.860402975954831173e-01
8.247271774717578330e-01
-1.879771519610433095e-01
-4.550969185473401346e-01
5.419128149431081676e-01
1.102136114221674124e+00
6.931091249399609078e-01
7.936325196547946437e-01
-3.160693448682980189e-01
-3.273891266776950415e-01
-8.458031491446454941e-01
3.257647420663570270e-01
2.049222252150184609e+00
3.389036089032419763e-02
-1.337767879017524919e+00
8.563872375627009648e-01
2.835109830832517330e-01
-8.138799399263815793e-02
4.756705316406589779e-01
5.508005747625822623e-01
-1.341026782310579035e+00
3.415952091165836424e-01
9.167578616601184116e-01
2.531851614034718589e-01
-2.027141915281166495e-02
5.587840723281667366e-01
-4.458267200080183734e-01
2.957947778469197098e-01
1.199674276321459176e+00
-8.352553365252579631e-01
1.615781804667947963e+00
8.421193156928675760e-01
-4.904713156063691404e-01
7.120329395488393942e-01
9.597035135782877591e-01
-1.927773537147403182e+00
3.213385025773239922e-01
1.374022387851730587e+00
9.702142136107574366e-01
-4.878938150470769064e-01
8.099486756580642766e-01
6.002179112544523409e-01
1.449761260908228211e+00
-3.097201493014435147e+00
-1.350227131903004141e+00
-5.044433367704725946e-01
-5.235285736868211526e-01
4.184737814215920837e-01
5.889651403154901876e-01
7.696160771082899421e-01
-3.688295675146140984e-01
-9.096204518728012722e-01
1.436054963642745541e+00
-6.028686732830565997e-01
-2.157525819528586519e-01
1.101378840128485415e+00
1.604912239838982568e+00
-1.705631256125930972e-01
-3.640910448376908359e-01
-1.232608338704012541e+00
-1.155812312179918200e+00
5.828259371315840098e-02
2.229699865657261970e+00
1.174941247432210956e+00
2.326000467656148818e-01
-1.918419200542475611e+00
-3.427966657773358072e-01
-8.677750404605482082e-01
-8.609971677046349692e-01
1.517081753696344903e-01
-1.997905538041050422e-01
4.305588928200775878e-01
1.120803786002878999e+00
4.049598125372996238e-01
1.696708173826407817e-01
-3.603189607744438305e+00
-6.212352206379853081e-01
-6.593673760666940442e-02
-5.405958141809382722e-01
-6.787404495273737792e-01
1.391377279666582867e+00
-4.721566085941399926e-01
-1.654997096726804839e+00
1.124856681798844349e+00
-3.015350277337424112e-01
4.225092768666519061e-01
-3.773339347578447134e-01
-1.297369329973737218e+00
1.206915521351839410e-01
-1.396466408718212593e+00
7.158510862254753304e-01
-3.365582302970072104e-01
-6.016473993394569897e-01
-7.741982617920799559e-01
6.318259139305070216e-01
6.960018314487700364e-01
9.559290521056368339e-01
8.012644771971207946e-01
-6.513632729962935963e-01
3.268345388183321876e-01
-7.901386294555453604e-01
1.163900372927023363e-01
3.155105004849415362e+00
-5.251339615619401435e-01
3.372901920130800257e-01
1.654787539988375744e-01
-6.133760781615419377e-01
1.500070041393794407e+00
-2.619847176761512797e-01
-3.252439137607675557e-01
2.138396905983714069e-01
