5.513222222167023290e+00
5.317320814502680904e+00
5.840126702383360957e+00
5.236960504773898961e+00
5.856275314587986003e+00
5.304184464201219917e+00
5.249119313622436778e+00
5.382561753469798482e+00
5.336849360036810097e+00
5.275981733373901861e+00
5.076842200931091398e+00
5.317320814502680904e+00
5.259742857023288032e+00
5.610045234639111200e+00
5.597415016412114142e+00
5.589900461511569496e+00
5.587988755913216643e+00
4.960814253382319627e+00
5.339920549787810167e+00
4.980370457105578907e+00
5.242310520891921399e+00
4.960814253382319627e+00
5.859062844512382462e+00
5.049731786364202613e+00
5.132743833789306542e+00
5.583168526339362892e+00
5.318283981606026778e+00
5.831139397631360133e+00
5.573165813504413535e+00
5.840126702383360957e+00
4.919511164404286596e+00
5.333093249144201131e+00
5.304184464201219917e+00
5.808484658506660736e+00
5.811214486195756201e+00
5.076842200931091398e+00
5.339920549787810167e+00
5.882428950615485874e+00
5.885485906616050755e+00
5.319716089682851923e+00
5.366434156143164991e+00
5.290791000912076214e+00
4.980370457105578907e+00
5.840126702383360957e+00
5.595496802491332744e+00
5.558981971970813341e+00
5.882428950615485874e+00
5.333093249144201131e+00
5.309496414340364012e+00
5.318283981606026778e+00
5.304184464201219917e+00
5.290791000912076214e+00
5.519481822099871593e+00
5.822423294595037824e+00
5.309496414340364012e+00
5.249119313622436778e+00
5.056946997752621797e+00
5.344837315750044837e+00
5.132743833789306542e+00
5.623354273100030554e+00
5.584510460206723259e+00
5.312434153847715557e+00
5.597968875324625948e+00
5.092034034596327530e+00
4.993091012109923454e+00
5.063774298396231721e+00
5.624076339395332802e+00
5.151435658543227269e+00
5.359623062734804932e+00
5.336849360036810097e+00
5.275981733373901861e+00
5.297618301555686138e+00
5.631767169089364700e+00
5.577416912652488179e+00
5.585853901909844765e+00
5.622824423261388205e+00
5.873441645863484162e+00
5.375833105393903466e+00
4.993091012109923454e+00
5.379502058678024667e+00
5.132743833789306542e+00
5.355291250654056867e+00
5.541559825969832431e+00
5.140244486389392797e+00
5.319989080809300219e+00
5.856275314587986003e+00
5.831139397631360133e+00
5.273367485737637139e+00
5.842767965564776844e+00
5.387099836193505631e+00
5.822423294595037824e+00
5.030599023576574957e+00
5.615905026496847086e+00
5.025911775577009521e+00
5.609112317874643594e+00
5.140236065084101469e+00
5.275981733373901861e+00
5.304184464201219917e+00
5.263549551614832289e+00
5.387789381656028276e+00
5.290791000912076214e+00
5.055820124328206155e+00
5.253975169386971622e+00
5.571263998611279966e+00
5.593613472394915576e+00
5.862181676290767030e+00
5.339920549787810167e+00
5.196721413187226801e+00
5.083476811343226487e+00
5.304184464201219917e+00
5.808484658506660736e+00
5.339313054920523882e+00
5.283575789523657029e+00
5.577630402579231372e+00
5.290791000912076214e+00
5.888573785313695907e+00
5.070340461041765501e+00
5.336849360036810097e+00
5.214288217875883369e+00
5.583043840745816944e+00
5.519649393807097404e+00
5.891692784001699934e+00
5.042137730214447444e+00
5.596179143153409363e+00
5.573963731932909837e+00
5.353428623711525169e+00
4.994923251309879575e+00
5.338271153104511058e+00
5.290791000912076214e+00
5.882428950615485874e+00
5.275494583965409490e+00
5.359712583603971403e+00
5.545878087124762601e+00
5.304184464201219917e+00
5.284612769124046316e+00
5.244221793588585534e+00
5.304184464201219917e+00
5.132743833789306542e+00
5.328604808348031519e+00
5.297618301555686138e+00
5.364221482614532022e+00
5.692976703762004931e+00
4.999348332573831044e+00
5.531001055966020985e+00
5.610207616286637666e+00
5.885485906616050755e+00
5.097933816851977440e+00
5.580036998442716722e+00
5.328571633323942791e+00
5.379151608268935014e+00
5.335582455980058647e+00
5.352988452322670732e+00
5.594391645388933298e+00
5.848085634227422780e+00
5.222255897941459502e+00
4.950909673586632032e+00
4.974244175159540760e+00
5.593185291444433105e+00
5.237301141739535204e+00
5.333093249144201131e+00
5.346486712433344834e+00
5.268033505449331244e+00
5.852540851741218297e+00
5.076842200931091398e+00
5.352988452322670732e+00
5.876407017532482513e+00
5.622490799244427961e+00
5.362291329041425136e+00
5.387099836193505631e+00
5.394693892343260799e+00
5.004445434244845892e+00
5.837100471786598632e+00
5.333093249144201131e+00
5.325878037755781946e+00
5.340166996851320569e+00
5.004445434244845892e+00
5.628341835655973568e+00
5.579309622272981883e+00
5.876407017532482513e+00
5.885485906616050755e+00
5.816760596280258433e+00
5.303757681753894282e+00
5.861879521494349099e+00
5.076842200931091398e+00
5.119144449163216315e+00
5.223843343732433198e+00
5.373000318788698770e+00
5.055820124328206155e+00
5.850786906738784765e+00
5.293475474453946283e+00
5.503927566031968865e+00
5.283575789523657029e+00
5.635221684160738320e+00
5.070340461041765501e+00
5.017329223062366950e+00
5.898024930521902576e+00
5.005246786661683878e+00
5.097933816851977440e+00
5.379502058678024667e+00
5.283575789523657029e+00
5.362802601851982764e+00
5.904483924522891058e+00
5.562061018984501004e+00
5.513026754210903491e+00
5.302925077629221384e+00
5.608811799849540591e+00
5.084439978446572361e+00
5.283575789523657029e+00
5.132743833789306542e+00
5.304184464201219917e+00
5.299169649233246737e+00
5.310686204090545814e+00
5.623714673563509514e+00
4.960814253382319627e+00
5.837100471786598632e+00
5.016546423391664788e+00
5.339920549787810167e+00
5.644990874173466011e+00
5.846271537081570990e+00
5.585005025686916369e+00
5.387099836193505631e+00
5.539559192764532014e+00
4.936292746171504042e+00
5.360019454272305417e+00
5.283575789523657029e+00
5.221243957362331933e+00
5.339920549787810167e+00
4.919511164404286596e+00
5.076842200931091398e+00
5.346486712433344834e+00
5.336849360036810097e+00
5.233192335733285461e+00
5.325878037755781946e+00
5.325878037755781946e+00
5.342229629846201533e+00
5.304587138928602563e+00
5.544094844112160025e+00
5.304184464201219917e+00
5.090441585557181625e+00
5.366434156143164991e+00
5.262600871282835158e+00
5.125779059575350516e+00
5.362291329041425136e+00
5.320477426531113885e+00
4.994923251309879575e+00
5.352988452322670732e+00
5.888573785313695907e+00
5.290791000912076214e+00
5.310686204090545814e+00
5.565926373535635463e+00
5.304184464201219917e+00
5.572388440391510045e+00
5.362291329041425136e+00
5.336849360036810097e+00
5.845412719600512119e+00
5.064514196853013850e+00
5.189512216756054563e+00
5.816760596280258433e+00
5.622431410549643793e+00
5.195692481325303369e+00
5.808484658506660736e+00
5.366587836948760959e+00
5.310686204090545814e+00
5.579040906439261427e+00
5.344310438552888343e+00
5.349383559111874575e+00
5.885485906616050755e+00
5.867601105804104655e+00
5.549177302426284264e+00
5.898024930521902576e+00
5.282963372440746319e+00
5.283575789523657029e+00
5.850786906738784765e+00
5.573439877137427167e+00
5.387099836193505631e+00
5.389736942245019868e+00
5.042137730214447444e+00
5.554973583428997053e+00
5.304184464201219917e+00
5.864725542827162741e+00
5.289195559596391760e+00
5.328604808348031519e+00
5.562237671232237446e+00
5.542337293339401505e+00
5.041650580805955073e+00
5.042137730214447444e+00
5.016546423391664788e+00
5.132743833789306542e+00
5.714895014707531473e+00
5.358936833154851698e+00
4.980370457105578907e+00
5.338936291251545008e+00
5.090441585557181625e+00
5.873441645863484162e+00
4.962944538429558961e+00
5.259755778736463938e+00
5.334961446552036080e+00
5.828204159486326752e+00
5.224276753226319236e+00
5.290791000912076214e+00
5.567254401368040284e+00
5.076491750522001745e+00
5.334218458590139100e+00
5.876407017532482513e+00
5.515509255090919716e+00
5.284757141428594984e+00
5.373000318788698770e+00
5.290791000912076214e+00
5.280253619654286190e+00
4.984879955533879858e+00
5.891692784001699934e+00
5.353408793601309945e+00
5.339313054920523882e+00
5.283575789523657029e+00
5.661596323885337512e+00
5.070340461041765501e+00
5.594446723808251143e+00
5.004445434244845892e+00
5.106076546628355750e+00
5.092034034596327530e+00
5.325878037755781946e+00
5.290791000912076214e+00
5.630155557892451590e+00
5.366434156143164991e+00
5.359606855499555067e+00
4.980444214716428952e+00
5.319989080809300219e+00
5.330740082516435052e+00
5.362291329041425136e+00
5.297618301555686138e+00
5.333093249144201131e+00
5.328571633323942791e+00
5.106076546628355750e+00
5.076842200931091398e+00
5.352605400253827916e+00
4.994923251309879575e+00
5.359623062734804932e+00
5.353408793601309945e+00
5.366434156143164991e+00
5.063774298396231721e+00
5.590567117536926922e+00
5.797848926594812546e+00
5.084439978446572361e+00
5.290791000912076214e+00
5.864725542827162741e+00
5.888573785313695907e+00
4.950909673586632032e+00
5.056946997752621797e+00
5.194658256541774044e+00
5.119144449163216315e+00
4.960814253382319627e+00
5.612830593304565241e+00
5.631233474271329698e+00
5.251173226221821366e+00
5.638782594405945758e+00
5.233192335733285461e+00
5.636834606874086440e+00
5.876407017532482513e+00
5.370873881556067708e+00
5.259755778736463938e+00
5.790164361235871304e+00
5.016546423391664788e+00
5.275981733373901861e+00
5.819577273262224182e+00
5.003116501614444545e+00
5.321647622501619601e+00
5.247165132610309257e+00
5.068214023809134439e+00
5.842767965564776844e+00
5.560009586240968638e+00
5.008466517732466983e+00
5.125779059575350516e+00
5.290791000912076214e+00
5.070340461041765501e+00
5.202886085719298670e+00
5.628304542742061045e+00
5.637762639310383683e+00
5.310686204090545814e+00
5.195692481325303369e+00
5.840126702383360957e+00
5.607569773487131926e+00
5.304184464201219917e+00
5.046747682476970809e+00
5.578951462048248544e+00
5.042137730214447444e+00
5.090441585557181625e+00
5.083476811343226487e+00
5.233192335733285461e+00
5.297618301555686138e+00
5.852540851741218297e+00
4.920166335852611539e+00
5.308686356998156164e+00
5.042137730214447444e+00
5.304184464201219917e+00
5.346136504163478520e+00
5.312434153847715557e+00
5.867601105804104655e+00
5.283575789523657029e+00
5.391035711876654091e+00
5.840126702383360957e+00
5.271993063893749110e+00
5.867601105804104655e+00
5.310686204090545814e+00
5.385837798658488218e+00
5.850786906738784765e+00
5.310335753681456161e+00
5.832466609467996221e+00
5.359606855499555067e+00
5.171977929539318453e+00
5.834104769300357596e+00
5.125779059575350516e+00
5.083476811343226487e+00
5.547138455352509823e+00
5.586631390025150523e+00
5.352988452322670732e+00
5.819577273262224182e+00
5.600395855674231704e+00
5.862181676290767030e+00
5.346486712433344834e+00
5.140236065084101469e+00
5.360708907657243394e+00
5.068214023809134439e+00
5.891692784001699934e+00
4.938068208873453990e+00
5.861879521494349099e+00
5.837100471786598632e+00
5.374080068243555885e+00
5.362779674763237914e+00
5.859062844512382462e+00
5.606273784303422936e+00
5.618046285117564764e+00
5.072901271808699875e+00
5.373000318788698770e+00
5.076842200931091398e+00
5.620700223701096121e+00
5.298715716310933743e+00
