-1.981548000479984806e+00
9.577662448525092742e-01
-7.159927448047611609e-01
-6.479899497014989240e-01
-6.908908251762927444e-01
-1.645247790695300250e+00
-2.387625010758910982e+00
8.160243156151978372e-01
5.011693837835799054e-02
-1.847312311333998980e-01
1.344328300188927683e+00
-2.479556897328645815e-01
-9.628351597834574616e-01
-5.054232778513342295e-01
3.965332013175084658e-01
-7.582402448105474146e-01
9.709122245278044294e-02
1.953875164171738898e+00
1.237251762990227988e+00
6.765149654685282954e-01
-2.559484727939276283e+00
4.380951217836750455e-01
-9.076682062516490124e-01
-3.068708165370357954e-01
-1.430388599262191862e+00
-2.178080004266522707e-01
-7.431780504245912022e-02
1.873088236379564675e+00
-1.706519801700699945e-01
6.770105025289789857e-01
-6.816995577956785901e-01
1.010298125406399850e+00
3.605000356091665747e-02
7.437447832340431386e-01
-1.114549861279547915e+00
2.836217223483005201e-01
-1.015617342659009929e-02
-4.222533389016648597e-02
6.514254199351998675e-02
9.467775705807307540e-01
9.491175868426099393e-01
2.549050783323545954e-01
-5.858173153831377489e-01
-1.175526830984399140e+00
6.051976368568557918e-01
4.647853912481163530e-01
-1.855780404071382395e-01
8.238223119726855170e-01
-3.687890299334133370e-01
-1.392908299013003282e+00
-1.806612877824539609e+00
1.302787469424558031e+00
7.398109236593676252e-01
-1.127050188935556641e+00
-2.886946364442855018e-01
-5.927960853738797331e-01
6.180818505389767958e-01
8.025517556689818477e-01
-1.394285781407745284e-01
2.126155318066119682e-01
-1.574023840265648566e+00
-4.997026053941703849e-01
2.588976892105717131e-01
1.340766686377694361e+00
8.447818415112537949e-01
-1.975132554565982579e+00
5.675475389323543229e-01
2.500818009197052216e-01
-8.916550911724558937e-01
4.041271726936849218e-01
-1.151531683917196847e-01
5.079626143301949615e-01
1.379175181007626705e+00
-5.597151190206681726e-01
3.308648170111518350e-01
7.742895236222363531e-01
6.943728829587082485e-01
1.239593294937175877e-01
1.316179464862621495e+00
-6.564356397330318310e-03
-7.594567142313886077e-01
-1.135404658534967970e+00
-3.400112508748222018e-01
9.810634432429335972e-01
9.349914749681476067e-01
-1.098238340382996947e+00
-4.568935541554161595e-01
-6.587941656184499450e-01
-1.914900242068354519e+00
-1.016933086418335463e+00
-1.644293443823089840e+00
-4.662266167557552882e-02
-1.503691609597365364e+00
5.139807928721737973e-01
-2.089253706485789952e-01
1.897102126988353454e+00
-7.796982311065980831e-01
-2.374723734592855795e+00
2.152992432903213793e-01
1.534924817407452569e+00
4.871775288339570409e-01
1.571361999725069403e-01
9.572190326069122124e-01
-1.299470265286567727e+00
5.695010511647046192e-01
-8.253988615484075808e-01
1.677113274515733554e+00
-1.255452063948165664e+00
8.642394985085378734e-01
-5.494065284451205011e-01
-1.838859253485301659e+00
9.260715681460214288e-01
1.043168924828514477e-01
-1.184081366445651540e+00
-1.221805990194601010e+00
8.265681999435464666e-01
-8.555099039340208211e-03
-3.809413652144244544e-01
-1.262959456214120202e+00
-1.107207547358952660e+00
2.380167881266457841e-01
8.746391999801427231e-01
1.096529543860368522e-01
-2.132084425018594773e-03
-1.644275642177433217e-01
7.495748236181419555e-02
6.559037390983354365e-01
1.892849171249142703e-01
1.209732720572319176e+00
7.666203867855253540e-01
4.819709231552208872e-01
1.720665940705193409e+00
-3.620429338975960087e-01
-1.151770234533931458e-01
-1.186842075011953046e+00
8.761660515751962253e-01
-7.958333509865531674e-01
-2.751689991518046607e+00
-1.175528240540834046e+00
-2.104008845582898968e-01
-1.569429316794918872e-01
-5.224781999954610789e-01
-6.612364056448810645e-01
-7.808426787209507003e-01
-1.827549078434653404e-02
-7.524970809402383720e-01
5.790570736946513142e-01
5.366267093474454963e-01
-1.163074834848099259e+00
-9.130054208932079918e-02
-7.006926766552380448e-01
-2.857468123114925707e-01
4.315348331802819626e-01
6.930922815352158484e-01
4.167244804675684922e-01
-9.769237803461249259e-01
-1.795683906234627203e-01
4.102589223055679857e-01
-3.251638864969887410e-01
-1.086986216277699147e-01
-8.775986216024410647e-01
7.027512042215827703e-01
-8.383755179603991081e-01
1.973223534626282749e+00
1.235209370760018688e+00
6.333614009764131358e-01
-6.471039476191260409e-01
3.214632387460585744e-02
6.597724535447984096e-01
7.238121618714233874e-01
-7.689289979973304087e-03
-3.849731951436010519e-02
6.086189582446775992e-01
-1.224920410713231211e+00
3.204320637770866620e-01
2.333070949812361961e-01
1.271763511627094445e+00
9.291417283482344969e-02
-1.985846289214131311e+00
4.717173047623238746e-01
7.238158598887152939e-04
3.393474795543292566e-01
-2.158244598209637932e-01
2.997432555905913398e-01
6.913216795790526614e-01
8.769836959592139380e-02
-5.804389008662977911e-01
-2.888839560021067010e-01
-1.188437597020721853e-01
7.209128009028398232e-01
-9.132720300049393947e-01
-1.532435726871882731e-01
9.453425876622172375e-01
1.614917559975017181e+00
-1.056955495434273307e-01
3.135736254498324160e-01
-9.584012601375322404e-01
-1.970408965891384367e+00
-8.537162096140573642e-01
1.186002698499719399e+00
1.007382765877150588e+00
-1.059027623218170566e+00
2.129107982334508264e-01
-1.776144713734423841e-01
-7.751902065678021314e-01
-9.271955458993929033e-01
1.166253058763081496e+00
6.544704937402296974e-01
1.206083795468734898e+00
-1.434489193735411838e+00
-4.126173490472893890e-02
8.700764024352096448e-03
-2.867828079224739035e-01
1.649692526029954864e+00
6.439363270255145377e-02
4.807564811451465192e-01
1.277672207214927136e+00
1.646424769571777968e+00
6.896152443389300668e-01
-1.495139424654484128e-01
5.144265074003929322e-02
-6.952038282683624670e-01
3.671933833855821061e-01
-1.795866412012406377e+00
-6.000781411310621705e-01
-1.724890461275108700e-01
-6.036504175236530045e-01
-9.349562113901417337e-01
-1.802875208923331085e+00
1.653812875434246932e+00
3.648542436685278667e-01
-7.720485821152776873e-02
-3.456102931629617681e-01
-4.234453677558056017e-01
-3.830078641383726779e-01
3.374648659933666139e-01
-2.199746809796827574e+00
-2.133658474593060073e-01
-1.057240148938213241e-02
8.676012812539897479e-02
-2.863886760599721470e-01
8.080650722809457065e-02
9.210733812744149596e-01
1.261636940916950556e+00
-8.248515398489922323e-02
-1.407452289581427873e+00
6.442091706514481153e-01
2.222710087234826826e-01
-4.209629810613272349e-01
-5.696929625016610155e-01
-6.438164142104558785e-01
5.301654081249154160e-01
1.375508490711129683e+00
-1.339318102812069866e-01
-1.909269919727581089e+00
2.628139685893658428e-01
4.591409148543964536e-01
-7.629135907557267338e-01
7.421600796517431597e-02
3.453676076194692190e-01
1.247454773390246213e-01
8.271733619716444830e-01
-3.267237779690735366e-01
-9.151934900177197130e-02
-4.971445505572711920e-01
3.472834083953382778e-01
-2.508901476328529445e-01
-9.812403479345433999e-01
1.098714212582019428e-01
-9.898407357742684543e-01
-1.124326004276638979e+00
6.382044388791213718e-01
1.197412443950132577e+00
5.157315117621593670e-01
-8.943857735637847917e-01
-4.027756014951145436e-01
1.230956675531459821e+00
3.621732523793771974e-02
1.381287039001069250e-01
1.910618516394119615e+00
-8.928153252401300755e-01
4.369736242557006878e-02
7.256174653851987788e-01
-3.942865495052693126e-01
3.805187517840457279e+00
1.977838313798401471e+00
7.501001566493942230e-01
-2.309471757954336402e-01
-2.575772010586470984e+00
6.157980715046519338e-01
-3.235668847568411444e-01
3.391508388630006254e-01
6.608578636380596505e-01
-1.968383997199424362e+00
-2.943357394477840727e-01
3.187979313416069993e-01
-4.070956941367361304e-01
1.328604475526342199e+00
6.511362048246740475e-01
9.179731632545313769e-01
-8.457210340679287286e-02
-5.503054873154884508e-01
-5.852402055108962831e-01
1.676381663023476243e+00
5.726774193059388507e-01
-1.362375543620686358e+00
5.033442601042714681e-01
9.869233921598744574e-01
4.162873228642571116e-02
-1.077062625269305851e+00
1.767472179627592455e-01
1.344872522905629086e+00
1.774834282598386936e+00
-5.426014821533365895e-01
8.169448890632675653e-01
1.369473000708833377e+00
-1.060377751858613493e+00
2.366046133748904157e-01
-3.005578738960425489e-01
6.881686240055312487e-01
-3.742809504058443038e-01
-1.208951182972218819e-01
9.370429067436811810e-01
-1.034685541254284580e+00
1.315731981168611231e+00
-8.201778778909623036e-01
1.013096006208181077e+00
-5.062797325734478410e-03
-9.838537128328557202e-01
-2.912659818995293470e+00
1.526184649811802296e-01
6.157206766607077331e-01
2.048986478668118671e+00
3.964403452155151331e-01
-8.517830887878033996e-01
-2.711951851033531091e-01
3.391051176564551656e-02
-4.444230517366655753e-01
-8.723402476356382218e-01
4.374616294404817807e-02
-2.227170078780221496e-01
-1.592465161849049293e+00
-1.283251026742822098e+00
-5.634567838363878645e-01
-2.181842568935791427e+00
1.117718471853622608e+00
5.924597670048357273e-02
1.308783457302066688e+00
-6.649427038320315786e-01
2.622135542055516466e-01
2.281342672219467682e-01
-1.087743382082996674e-01
4.670599046259995557e-01
4.060542720368495728e-02
-3.205034074093423335e+00
-1.360554798641113949e+00
1.124917319452794384e+00
-1.030159518935054447e-01
-2.435445165868350137e-01
1.107621442252311406e+00
-1.059014864718659910e+00
1.498487109890323632e+00
-9.978279110549580500e-01
9.033125744827198711e-02
-2.051642916472040223e+00
2.907751412395111479e-01
6.151032117115731168e-01
1.434677223579001737e+00
1.747327710169253034e+00
-1.379345699153096128e+00
-3.754967753068996772e-01
1.967714244004287405e+00
-9.786732920674280356e-01
-2.654325040933192437e+00
-9.183927180515931710e-01
7.337383056959135841e-01
6.520705993102643427e-01
-4.168642076014857367e-01
4.331483449662263396e-01
-1.905593534190365812e+00
-8.474028968669246042e-01
1.012582981671356519e+00
-1.630296971466131950e+00
-4.097686408606108222e-01
-1.523319553422512351e+00
-1.241918044599906956e+00
1.825300775425994892e+00
-7.790923325021859025e-01
-2.963856698183772731e-01
-8.383755179603991081e-01
2.344050656082149242e+00
-1.868092783120151867e-01
-1.008101472108374530e+00
1.594811017576020840e+00
8.035683844898503514e-01
6.975192483374548225e-01
7.030411561558628231e-01
-9.187262230507382832e-02
4.317168789655721484e-01
-5.866205419933866461e-01
4.592384683863059425e-01
-1.791796386664289198e+00
-2.079979321252568569e-01
-8.187714355129022126e-01
7.239031427479581948e-01
1.314020227953392350e+00
1.732926352200659381e-01
-1.620252973071797165e+00
4.550600607673914721e-01
-1.167681529789596218e-01
-2.028042306730118316e+00
1.185221169197131941e+00
-1.195273622935183466e+00
1.212381587048612985e+00
-3.021137016184436419e-01
4.991716828089915597e-02
-1.083773427043822901e-01
1.256944593095099760e+00
1.432048166613492102e+00
2.731398178557324363e-01
1.073896606422695792e-02
1.432255126816260327e-01
-8.580386503087416017e-01
2.946098818904301364e-01
-7.729662080753010311e-01
1.331630796337133216e+00
6.069012335955215054e-01
1.418290914370543998e+00
1.172001583223621635e-01
6.404488090895765762e-01
-2.858475804241830676e-01
5.267519458145698830e-02
3.366066587356054685e-01
1.509782672415448168e+00
-5.460512244364705836e-01
-8.822389715455822845e-01
