6.579187028695987038e+00
6.543860432116678894e+00
6.807071074536736432e+00
6.540577785986210202e+00
7.002072498652434973e+00
6.507297598933801552e+00
6.407748948292889324e+00
6.737780372746945190e+00
6.127608652961462177e+00
6.443232827579198130e+00
6.499828112709880479e+00
6.543860432116678894e+00
6.417693373941235180e+00
6.870373398166333523e+00
6.840360939565763410e+00
6.825261587357092985e+00
6.821689478151745867e+00
6.321294741737617962e+00
6.683586030120412858e+00
5.820940820879040523e+00
6.393764418285425855e+00
6.321294741737617962e+00
7.002055243148020303e+00
6.432217154304590956e+00
6.730671492688872881e+00
6.813107901074933359e+00
6.636963425868842137e+00
6.807777222900788239e+00
6.796990766108720550e+00
6.807071074536736432e+00
5.724956469936691050e+00
6.667027739441078182e+00
6.507297598933801552e+00
6.808286133515871974e+00
6.808328981955649617e+00
6.499828112709880479e+00
6.683586030120412858e+00
7.000801672826380440e+00
7.000501877566597919e+00
6.497976063788074796e+00
6.187838711723419927e+00
6.473297141151435063e+00
5.820940820879040523e+00
6.807071074536736432e+00
6.836334447138042059e+00
6.655154499386322975e+00
7.000801672826380440e+00
6.667027739441078182e+00
6.479989537045540260e+00
6.636963425868842137e+00
6.507297598933801552e+00
6.473297141151435063e+00
6.587187142893832004e+00
6.808198636599199993e+00
6.479989537045540260e+00
6.407748948292889324e+00
6.447744695192486830e+00
6.556341085451474981e+00
6.730671492688872881e+00
6.906942810326084370e+00
6.815438641166031708e+00
6.622009568386937772e+00
6.841547293555733766e+00
6.625947752594234963e+00
6.507016497750638173e+00
6.464302985871820617e+00
6.908962678159261017e+00
6.335762647898583566e+00
6.737591030406322012e+00
6.127608652961462177e+00
6.443232827579198130e+00
6.489855431830768850e+00
6.930073112643404087e+00
6.703026496078980045e+00
6.726550061197730024e+00
6.808254488102560842e+00
7.001507821190432246e+00
6.720931868443217994e+00
6.507016497750638173e+00
6.223363838561479788e+00
6.730671492688872881e+00
6.585479947860500616e+00
6.620576468853971441e+00
6.327787788238143918e+00
6.102935898344173715e+00
7.002072498652434973e+00
6.807777222900788239e+00
6.053215577773428002e+00
7.001711045079554552e+00
6.334946705761493213e+00
6.808198636599199993e+00
5.802019531314149603e+00
6.796267043545154429e+00
6.391333340743837077e+00
6.783063976561011899e+00
6.749213556804847691e+00
6.443232827579198130e+00
6.507297598933801552e+00
6.421464195114854334e+00
6.751855168048347622e+00
6.473297141151435063e+00
5.961820582078033226e+00
6.412194881074690045e+00
6.794152068611647444e+00
6.747211269558018643e+00
6.804279105240386372e+00
6.683586030120412858e+00
6.366935756179508132e+00
6.518307986157730660e+00
6.507297598933801552e+00
6.808286133515871974e+00
6.654793275237484096e+00
6.457769600263539189e+00
6.703624059655079570e+00
6.473297141151435063e+00
7.000169469606067452e+00
6.481745152974853319e+00
6.127608652961462177e+00
6.364055126002171825e+00
6.718774788611783677e+00
6.587408862783968644e+00
6.999804205065871976e+00
6.417680381620249896e+00
6.837752369360550198e+00
6.798201723144458697e+00
6.285478296467720938e+00
5.731352721400341466e+00
6.538898918348442280e+00
6.473297141151435063e+00
7.000801672826380440e+00
6.576990334464543508e+00
6.687417756411633718e+00
6.761557195847868407e+00
6.507297598933801552e+00
6.587495016575069862e+00
6.403418589998345567e+00
6.507297598933801552e+00
6.730671492688872881e+00
6.516006786327629641e+00
6.489855431830768850e+00
6.609673600035183227e+00
7.038159625777985262e+00
6.357707290215951268e+00
6.603467975445815874e+00
6.870798230932738448e+00
7.000501877566597919e+00
6.555482958515203684e+00
6.807832589919377675e+00
6.114869066595436387e+00
6.321339251251106184e+00
6.532156102322083768e+00
6.719111156958472719e+00
6.749196732047896496e+00
7.001944197212020882e+00
6.385543364717182868e+00
5.649445549367171360e+00
5.691805368482453886e+00
6.831644127534670652e+00
6.397535628417529097e+00
6.667027739441078182e+00
6.701028197223445559e+00
6.429625373068811101e+00
6.805675241777444207e+00
6.499828112709880479e+00
6.719111156958472719e+00
7.001304400759378765e+00
6.904524135033144994e+00
6.296666496633817722e+00
6.334946705761493213e+00
6.349483478445834272e+00
5.750072465431373736e+00
6.807338500974690731e+00
6.667027739441078182e+00
6.651500198553183196e+00
6.655998043109020657e+00
5.750072465431373736e+00
6.920790341288023839e+00
6.708329682556119167e+00
7.001304400759378765e+00
7.000501877566597919e+00
6.808324644858376296e+00
6.470924896391439418e+00
7.002007569853128999e+00
6.499828112709880479e+00
6.693558710999524486e+00
6.373377122090347235e+00
6.205280878826452629e+00
5.961820582078033226e+00
7.002016731805515981e+00
6.598683216741166646e+00
6.568222214172767970e+00
6.457769600263539189e+00
6.939156182722238775e+00
6.481745152974853319e+00
6.379400172492574406e+00
6.998974130730799104e+00
5.864707763968352694e+00
6.555482958515203684e+00
6.223363838561479788e+00
6.457769600263539189e+00
6.605945396545758186e+00
6.998009703530030379e+00
6.662360025710864164e+00
6.578945671963274400e+00
6.469663679251869581e+00
6.867174185351040627e+00
6.611410979909893904e+00
6.457769600263539189e+00
6.730671492688872881e+00
6.507297598933801552e+00
6.608651710188835793e+00
6.525380558668828712e+00
6.907951355388811443e+00
6.321294741737617962e+00
6.807338500974690731e+00
5.885535966772097893e+00
6.683586030120412858e+00
6.962906130922807968e+00
6.806438871316424333e+00
6.816308689672808008e+00
6.334946705761493213e+00
6.617148157853635304e+00
5.750009608163853869e+00
6.598488818944291623e+00
6.457769600263539189e+00
6.384769885234462095e+00
6.683586030120412858e+00
5.724956469936691050e+00
6.499828112709880479e+00
6.701028197223445559e+00
6.127608652961462177e+00
6.383259736174899501e+00
6.651500198553183196e+00
6.651500198553183196e+00
6.549273666274949335e+00
6.472194423512277694e+00
6.625059920235444544e+00
6.507297598933801552e+00
6.536940894399228874e+00
6.187838711723419927e+00
6.420513326351624528e+00
6.712038584447373779e+00
6.296666496633817722e+00
6.499424695040447730e+00
5.731352721400341466e+00
6.719111156958472719e+00
7.000169469606067452e+00
6.473297141151435063e+00
6.525380558668828712e+00
6.671948786474785287e+00
6.507297598933801552e+00
6.795822433978791821e+00
6.296666496633817722e+00
6.127608652961462177e+00
7.001842220343728052e+00
5.979136171719477311e+00
6.361926808939383449e+00
6.808324644858376296e+00
6.807610754777476458e+00
6.366216401154444426e+00
6.808286133515871974e+00
6.756223938647821115e+00
6.525380558668828712e+00
6.806200516026797764e+00
6.274973614357194585e+00
6.568946384835326668e+00
7.000501877566597919e+00
7.001819994376246470e+00
6.634559349933222272e+00
6.998974130730799104e+00
6.442807904803100172e+00
6.457769600263539189e+00
7.002016731805515981e+00
6.797405345060430371e+00
6.334946705761493213e+00
6.757241629738764743e+00
6.417680381620249896e+00
6.646333914691392231e+00
6.507297598933801552e+00
7.001929234888844000e+00
6.450564219246771813e+00
6.516006786327629641e+00
6.781518868423857427e+00
6.621934543377968829e+00
6.551437888505595275e+00
6.417680381620249896e+00
5.885535966772097893e+00
6.730671492688872881e+00
7.056719201936958008e+00
6.686006912386515566e+00
5.820940820879040523e+00
6.540607348841110280e+00
6.536940894399228874e+00
7.001507821190432246e+00
5.670977165678709575e+00
6.416885786702785310e+00
6.265091000272642319e+00
6.807949006146770898e+00
6.387099276618732446e+00
6.473297141151435063e+00
6.675369581179025680e+00
6.597803525399506874e+00
6.528842652180356865e+00
7.001304400759378765e+00
6.582048032706354412e+00
6.444988896990926364e+00
6.205280878826452629e+00
6.473297141151435063e+00
6.439587526750454316e+00
5.711930454736849683e+00
6.999804205065871976e+00
6.676387772097740481e+00
6.654793275237484096e+00
6.457769600263539189e+00
6.854545152097069050e+00
6.481745152974853319e+00
6.834182444030323822e+00
5.750072465431373736e+00
6.658033584161464624e+00
6.625947752594234963e+00
6.651500198553183196e+00
6.473297141151435063e+00
6.925735692027445545e+00
6.187838711723419927e+00
6.171280421044086140e+00
6.338502680043223592e+00
6.102935898344173715e+00
6.520741537685315947e+00
6.296666496633817722e+00
6.489855431830768850e+00
6.667027739441078182e+00
6.114869066595436387e+00
6.658033584161464624e+00
6.499828112709880479e+00
6.675049552925710117e+00
5.731352721400341466e+00
6.737591030406322012e+00
6.676387772097740481e+00
6.187838711723419927e+00
6.464302985871820617e+00
6.826531308954912447e+00
6.807820317008776101e+00
6.611410979909893904e+00
6.473297141151435063e+00
7.001929234888844000e+00
7.000169469606067452e+00
5.649445549367171360e+00
6.447744695192486830e+00
6.346847187696566195e+00
6.693558710999524486e+00
6.321294741737617962e+00
6.877767513837524049e+00
6.928643184957732792e+00
6.404952618451522639e+00
6.948165896117937557e+00
6.383259736174899501e+00
6.943284432352977653e+00
7.001304400759378765e+00
6.308599664885080394e+00
6.416885786702785310e+00
6.807168639352806139e+00
5.885535966772097893e+00
6.443232827579198130e+00
6.808276971563484992e+00
6.515025340027261969e+00
6.632258049283523249e+00
6.406003366186808989e+00
6.585063939033481084e+00
7.001711045079554552e+00
6.778594770267895697e+00
6.368211972326477621e+00
6.712038584447373779e+00
6.473297141151435063e+00
6.481745152974853319e+00
6.371284016217899193e+00
6.920688024163105467e+00
6.945624585846903010e+00
6.525380558668828712e+00
6.366216401154444426e+00
6.807071074536736432e+00
6.864005048382726848e+00
6.507297598933801552e+00
5.943803063721017743e+00
6.707325561295993666e+00
6.417680381620249896e+00
6.536940894399228874e+00
6.518307986157730660e+00
6.383259736174899501e+00
6.489855431830768850e+00
6.805675241777444207e+00
6.290902479780681844e+00
6.478668859586484530e+00
6.417680381620249896e+00
6.507297598933801552e+00
6.559914218113334528e+00
6.622009568386937772e+00
7.001819994376246470e+00
6.457769600263539189e+00
6.760860172717123362e+00
6.807071074536736432e+00
6.430278900834533573e+00
7.001819994376246470e+00
6.525380558668828712e+00
6.746524182784538581e+00
7.002016731805515981e+00
6.623355971358455108e+00
7.000899237642450146e+00
6.171280421044086140e+00
6.349923912024447503e+00
6.807573802469734758e+00
6.712038584447373779e+00
6.518307986157730660e+00
6.630662668058426412e+00
6.819213091980263819e+00
6.719111156958472719e+00
6.808276971563484992e+00
6.846877889577812404e+00
6.804279105240386372e+00
6.701028197223445559e+00
6.749213556804847691e+00
6.600352374975187786e+00
6.585063939033481084e+00
6.999804205065871976e+00
5.627210222589396516e+00
7.002007569853128999e+00
6.807338500974690731e+00
6.774766002763795925e+00
6.693155293330091737e+00
7.002055243148020303e+00
6.777098529727785703e+00
6.892085546686895547e+00
5.995750129603793610e+00
6.205280878826452629e+00
6.499828112709880479e+00
6.899504735333867878e+00
6.463480092521971088e+00
