8.965468757204004824e-01
1.510660697964358867e+00
-6.344884313301687451e-01
8.483055688676524042e-01
-2.755041089546998445e-01
-1.263837287270336729e+00
1.473037798425001155e+00
-1.382005193313900371e+00
-7.224373913177298823e-01
7.931582885499413038e-01
-5.985218425700485900e-01
-1.705271087201718716e+00
-1.356838248273637193e+00
-5.347371257588183768e-01
3.081026202335775399e-01
6.007186924398186245e-02
-7.223301563459838537e-01
1.367552341644203695e+00
6.828333325631732453e-01
2.147928260372468368e-01
-8.154873712217970416e-01
-7.617960176488027813e-01
-3.627769801483411993e-01
1.372623760064181297e+00
1.309498567203124741e+00
-1.790622095500478350e+00
-5.726315524881212538e-01
1.106571613133740195e+00
5.573612892791717233e-01
1.168146362271908822e+00
-1.705912479490181988e-01
4.942997334573395185e-01
3.197951812024596996e-01
1.164891674320234216e+00
1.487942347235588159e+00
3.569080595255536004e-01
-5.700700976672558040e-01
1.164178701372837743e+00
1.341940904867952700e+00
-2.051865062054377020e+00
1.836744360362637662e+00
1.500677303570556731e+00
-2.118815476831869549e-01
1.491311810110198310e+00
-6.890183070411429189e-02
-8.217617039711996307e-01
-3.496816734555713291e-01
1.637770488806819635e+00
-1.539277137196266576e+00
8.049008710256769783e-01
-1.883795575640637709e+00
-6.910947038035045731e-01
1.731690937086303728e-01
-2.597162881461218653e+00
-3.675949364394579533e-01
1.028428175634749531e+00
-1.290714150087428069e-01
1.133417460137972899e-01
-4.092851732037152135e-01
9.409897582681557571e-02
1.370343388454667188e+00
2.175206930803056604e+00
1.389597247069708219e+00
-6.315568544689278419e-01
1.314672411577405553e+00
1.070831116182242804e+00
6.846545152267219381e-01
-1.365582687999318923e+00
-5.943040151763647749e-01
4.437179507555628621e-01
-7.337256484127515632e-01
5.746341993486699939e-01
-1.518597955186789417e+00
-1.335421267703125414e+00
8.440020593231640778e-01
3.515688295798883867e-01
-8.865880000888811674e-01
-1.416094232708134282e+00
6.996792112598938518e-01
2.497673370914726299e+00
1.231833861144747688e+00
8.847481954674837334e-01
-1.188343861081591624e-01
-6.294834881398519988e-01
-6.510391381137895506e-01
-1.410728590029953766e-01
-1.091132553465930632e+00
1.352784078089502851e+00
-2.124191944758345496e+00
-9.573230962185448611e-02
-8.306611477905999630e-01
5.447106213586941914e-01
5.876142498955417848e-01
-5.490005721891168949e-02
-4.169064378654996905e-01
-3.639040852357766642e-01
-5.357666081612266762e-01
-2.291551085695458401e+00
-3.914914280933583512e-01
-8.115434398511222058e-01
-1.556410126992641418e-01
-9.286923112850851147e-01
1.392801503393631846e+00
9.936852282541871473e-01
4.330587023181137196e-01
1.637821679235130556e+00
7.856777469235841638e-01
-3.300898246867329244e-01
-8.008271117873259903e-02
-4.262320832004589111e-01
7.282312269802204696e-01
1.875907577123376579e-01
1.220236957462365268e+00
1.239440717739668241e+00
9.735308517368644610e-02
-1.888722315796492079e+00
-3.379228946951209345e-01
1.779529368567027703e+00
-1.788462513249646502e-01
9.661449490490867098e-02
-1.864675265492552692e+00
-1.239438997934978470e+00
7.723745956439879157e-01
-1.551586690111691702e+00
4.165206891107722798e-01
8.859310152720817344e-01
2.686221423049267032e-01
-9.044746483283107319e-02
-3.427594674069673331e-01
3.912845893491327942e-01
-5.724967717368382170e-01
1.937846257142309889e-02
9.676829717260380104e-01
8.093661569985222126e-02
-1.231214686531004299e+00
-9.540995634757961641e-01
5.957896211389328567e-01
2.675826710827418631e-01
-5.580300691647700484e-01
-1.087982639511594130e+00
-1.657123004325626425e+00
-1.223438481799843658e-01
-9.502639126719717444e-01
-2.693310222060361081e-01
5.676544669911528507e-01
-2.712970032812312970e-01
1.194381356982562092e+00
-2.312714042666926262e-01
-6.885450112257824884e-01
8.058033533433012208e-01
-1.846686718192234455e-01
-6.062092212906785571e-01
-9.703509292979645151e-01
-3.187307735092780869e-01
-1.161180523292538291e+00
5.537375842298409845e-01
4.252065532845052953e-01
7.593618089316754582e-02
-1.573227388046791964e+00
-7.066434835880909260e-01
-4.875309883715843728e-01
1.830948582139623471e-01
5.160989814232357087e-02
1.785324697907493263e+00
1.406775244214843568e+00
-3.170169984237098393e-01
4.371266917418412667e-01
3.030995904780686145e-01
1.012340084482094227e+00
-2.923706351753578292e-01
-3.552749341196521637e-01
6.816859713710005098e-01
-1.434458358214423024e+00
-7.753184766026879338e-01
1.481809588733233207e+00
-8.008020982607508831e-01
1.274109958477291249e+00
3.826485086430472110e-02
-2.123102696917524845e+00
-1.261476561447369971e+00
-1.279112398450084065e+00
7.098240997104806604e-01
-1.537986808249837134e+00
1.079016805174500604e+00
2.450148631618924155e-01
-1.789234180652634898e-01
-4.910953301564383033e-01
2.078683220545596844e-01
-3.529363614072459909e-01
-2.759163200093238122e-01
-5.379465719386834488e-01
1.942046559379758119e-01
-8.800626670170981491e-02
-8.552020333450517375e-01
1.600495357035464750e+00
9.011961473909996245e-02
-6.590539211988752921e-01
3.823963414327939958e-01
6.699709945164346037e-01
3.687804639691364961e-01
-9.042587620870640164e-01
-1.292059314141871917e+00
4.683884885492889394e-01
3.502282953107594965e-01
1.002597193376536105e-01
-8.636178950264867815e-01
-6.313592104277104822e-01
-2.441180928079621781e-01
6.498132864730906677e-01
8.059654125998527707e-01
-3.447275303193502727e-01
-1.697971224430680492e-01
9.893933529391483184e-01
1.386658380785886990e+00
7.664797826717303919e-02
-3.218371070614723384e-01
-3.996223227108076648e-01
-8.745328608385392055e-01
8.636172222036075929e-01
-7.674742540664988288e-01
-1.279198101567540768e-01
2.498050614568701755e-01
2.664493773002557520e-01
1.292810006368537712e+00
5.421100513939705046e-01
8.072371752485819618e-01
3.659602262384958893e-01
6.518530102482829047e-01
-6.442224925042967509e-01
-4.578044629128374399e-01
1.073565178198413239e+00
2.565469384550982945e-01
5.725977799155219650e-01
-8.775652938689673110e-01
-3.425620197342134354e-02
-3.907299307763427154e-01
-7.108336082467063832e-01
-2.727775973138349963e-01
-4.020898122597075242e-01
7.626554166822138159e-01
-5.650222660756595294e-01
1.075451556050862179e+00
4.267933683563646663e-01
-2.706908405221457592e-01
2.739739166951949412e-01
-2.750114320490064101e-01
8.158319521595087664e-01
3.272858104982820371e-01
-3.494407043351268061e-01
1.022343877037906745e+00
-5.971131790460295630e-01
8.301124808969233271e-02
3.493601269903909290e-01
-8.098079005283764786e-01
-1.480927313138480916e-01
8.799562930357106294e-02
2.557731934161026621e-01
4.451313952014195746e-02
1.425033739430236202e-01
-7.402089611948465819e-01
7.410962558853047277e-02
-4.020902278881566816e-01
-5.945618847200466739e-01
6.687914731023836268e-01
1.820649888471879363e+00
-1.094126745885853624e-01
-2.568128842409770907e-01
-1.302265656321556442e+00
-3.815390848315380196e-02
-3.545238338943054734e-01
7.195613534760173513e-01
1.264421299673669896e+00
-6.040755685798421259e-01
1.131058241632276057e-01
1.849000197340650908e+00
4.023235442687578267e-01
2.050126211168880719e+00
4.398392086476176077e-01
-1.270687038665359259e+00
3.618661541386235525e-01
7.416693119989862248e-01
1.293891617863446031e-01
-1.779973070774227770e-02
-1.150383474900723013e-01
2.582182099007586107e-01
4.682811061837650612e-01
-2.011204677115334127e-01
-4.864592125218921148e-01
-1.783724130624996240e-01
-1.174486191602975627e+00
-1.192314445453388272e+00
2.164860611566138682e-01
3.682114417829495667e-01
-1.471970012184609655e-01
3.054560986158318947e-01
3.341366528588946005e-01
4.433979712621832214e-01
1.198618700703126372e+00
-1.887028291748647613e+00
-1.129942988974810825e-01
-1.007261080243246010e+00
-1.514893232566457970e-01
-7.012474570597252432e-01
-1.783712301197370342e+00
7.029000029397759475e-01
-1.596365190188331118e+00
1.335986096661079037e+00
6.485671722459235289e-01
2.222935641366691195e-01
7.491222733136916612e-02
-3.655186198308332801e-01
-5.510797912916485242e-01
-1.877709816670811507e-02
2.521029764386424343e-01
-2.119882351701239731e+00
7.189275626603774949e-01
-7.420682289482712912e-01
8.626269828009294205e-01
1.568333635610029697e-01
1.435340355447235483e+00
2.112348005378002214e-01
1.298745516401222266e+00
-5.859997139697440405e-01
7.953904807473697325e-01
7.005316661566657332e-02
3.627015781409086426e-01
1.900899174963140537e+00
-1.168296222422650743e+00
-1.397924057490640415e-02
-2.139237506407754452e+00
-6.810431149842787191e-01
2.260644609740471156e-01
1.102700053047592110e+00
3.468181493941754900e-01
7.101709097960153816e-01
6.762482237878769675e-01
-1.303491433104203394e-02
-6.920604812816891216e-02
9.198640964691174871e-01
6.899534661209139053e-01
7.818046955627260264e-01
-8.296477712928507220e-01
-2.222695391894268457e+00
5.687753741330364710e-01
-5.600794442665691930e-01
-5.991274449682569836e-01
-2.352098117158618953e-02
1.345962491808003536e+00
-9.726886933768735810e-02
-1.063147020111497448e-01
-5.025644008161348486e-01
-7.312925470360482905e-01
4.003853643579040056e-01
-6.725513979160739897e-01
-3.809981428802357684e+00
7.869142497397109137e-01
5.334941173865639374e-01
-4.211774456862527743e-02
1.785360444969899540e-01
-2.015052649813001417e-01
-2.594403904583832077e+00
7.500557985196142363e-01
1.006159381301604538e+00
5.775296693322333752e-01
4.712992024650701772e-01
-1.242167411561266421e+00
-1.056396966278860372e+00
1.812964918638387823e+00
-1.784801549038190993e+00
-8.753342564084749533e-01
-5.114103408655914507e-01
-1.115421974005466332e-01
-1.203323951329116737e+00
6.709084763063409840e-01
2.049252127464891438e-01
2.432471831088546255e-01
-3.573211144409241258e-01
-1.047979356074379753e+00
3.852152037317177480e-01
7.314859149318950760e-01
-5.666455727310626411e-01
1.347285686603719057e+00
-3.509333689167521420e-01
4.981726552837403843e-01
-1.248647416079334133e-01
1.963687507673445687e+00
8.170363612629447658e-01
8.891764744622125960e-01
-3.631664538357126104e-01
-5.783214231836280028e-01
1.269558486740214542e+00
-6.764230112056647259e-01
-5.690281910270102994e-01
-6.173902384689500256e-02
2.365931995886069839e+00
1.577100230020616500e+00
8.297822924368649655e-01
2.030596103564578370e-01
-1.375991386701747698e+00
1.153922466809689684e+00
-6.458999099560400747e-01
1.193673334688214460e+00
-6.040415937182743722e-01
2.269828472381191231e-02
8.108838285479235131e-01
3.908206723218608514e-01
-7.577241856978701451e-01
6.327120622388533733e-02
-1.327083927207325154e+00
2.780270864316323684e-02
3.717660176260183524e-01
6.506753675414919114e-01
-8.415089434792699663e-01
6.549087380496336763e-01
-1.344289111411096416e+00
-1.097971779401150094e+00
-3.118917845205402828e-01
1.208448990811634038e+00
-2.590820392088536983e-01
3.987797350988528944e-01
-1.402143835853276954e+00
3.367396881859210378e-01
2.069065433733220660e-01
6.832948026724168233e-01
-3.499923147805503731e-01
5.321588500462949289e-01
-8.876839518641316262e-01
1.444324243366373439e+00
-7.608206915100617085e-01
-3.537041510796207905e-02
1.004648031722296331e+00
6.763280533161210029e-01
3.131135031004673164e-01
4.742155330523963874e-01
1.931767851110357745e-02
3.140925837043345714e-01
