7.985219684612852475e+00
8.813090779245049688e+00
1.048284141072196540e+01
8.313613842674905996e+00
1.053400057273723611e+01
8.706070024415074826e+00
8.749623932086112887e+00
9.266786165094282879e+00
8.788920276785759711e+00
8.517955991314659414e+00
8.180744313120900557e+00
8.813090779245049688e+00
8.781861748056302375e+00
8.378039500167075104e+00
8.290375811143633200e+00
8.245469588319489063e+00
8.234755865486619086e+00
7.636216293345551520e+00
8.754976301169927311e+00
7.811373883585154054e+00
8.365331999425031029e+00
7.636216293345551520e+00
1.053943795397638006e+01
7.983497097764944428e+00
8.390586658966380895e+00
8.208870207123331042e+00
8.617419154595404862e+00
1.046690191018212346e+01
8.159668931569022732e+00
1.048284141072196540e+01
7.685277887691894350e+00
8.706718651561311972e+00
8.706070024415074826e+00
1.042361267669961755e+01
1.042908328866351653e+01
8.180744313120900557e+00
8.754976301169927311e+00
1.058230457400271085e+01
1.058758012202653909e+01
9.031944444244661696e+00
8.967714760969817789e+00
8.607255488280566524e+00
7.811373883585154054e+00
1.048284141072196540e+01
8.278459586801409031e+00
8.216004127382046107e+00
1.058230457400271085e+01
8.706718651561311972e+00
8.977617830186378711e+00
8.617419154595404862e+00
8.706070024415074826e+00
8.607255488280566524e+00
8.010342375832495421e+00
1.045079834098079807e+01
8.977617830186378711e+00
8.749623932086112887e+00
8.029321102231957497e+00
9.202943038928653507e+00
8.390586658966380895e+00
8.484387509735865862e+00
8.215921573309918458e+00
8.915402936298887582e+00
8.293878846500811974e+00
8.082960261045688100e+00
7.709619444476651040e+00
8.077578751840572835e+00
8.490319081227436726e+00
8.524091852302548844e+00
8.912553942525795136e+00
8.788920276785759711e+00
8.517955991314659414e+00
8.655513137889181863e+00
8.553011317563159466e+00
8.355143527533394732e+00
8.424291538414562908e+00
8.685593320586903587e+00
1.056636507346286891e+01
9.217813318158302849e+00
7.709619444476651040e+00
9.070880322250145511e+00
8.390586658966380895e+00
9.287998449595956885e+00
8.113036937834626983e+00
8.502090724448828851e+00
8.712718637919707021e+00
1.053400057273723611e+01
1.046690191018212346e+01
8.553657255804933968e+00
1.050656754089219902e+01
8.929620777676040788e+00
1.045079834098079807e+01
7.970372318230035447e+00
8.643851280493478839e+00
7.859674727857573373e+00
8.599669105590692197e+00
8.447860400961790361e+00
8.517955991314659414e+00
8.706070024415074826e+00
8.794033115394986666e+00
9.307578837532529903e+00
8.607255488280566524e+00
8.015862022851274915e+00
8.764058740069920361e+00
8.150921271161445603e+00
8.486462545468210550e+00
1.051935786244598248e+01
8.754976301169927311e+00
8.617679375364877714e+00
8.235156393196440661e+00
8.706070024415074826e+00
1.042361267669961755e+01
9.018872539182252623e+00
8.561431483813553456e+00
8.356885410977293205e+00
8.607255488280566524e+00
1.059283644666746049e+01
8.128135638366465798e+00
8.788920276785759711e+00
8.270115884313693044e+00
8.401283729503246533e+00
8.011035758539234664e+00
1.059807329954257149e+01
7.940021605266050386e+00
8.282660636029241630e+00
8.163393004193272517e+00
8.776996785786412403e+00
7.860332426051183319e+00
9.152386152402760544e+00
8.607255488280566524e+00
1.058230457400271085e+01
8.431406873866039930e+00
9.118537180497051864e+00
8.048664968741013226e+00
8.706070024415074826e+00
8.464795162705776477e+00
8.735538984374995763e+00
8.706070024415074826e+00
8.390586658966380895e+00
9.085510016718124859e+00
8.655513137889181863e+00
9.360271288903151188e+00
8.925516952734218634e+00
7.754009324536685455e+00
8.060845163323303808e+00
8.379270925768169676e+00
1.058758012202653909e+01
8.348397237681044913e+00
8.192851757245447786e+00
8.749810736986818327e+00
8.888383440066505159e+00
9.132793536267664436e+00
8.858141862450255033e+00
8.492532833205144627e+00
1.051758898522844810e+01
8.677371943260121512e+00
7.742469902585896513e+00
7.802310334710229611e+00
8.264525492498691506e+00
8.716381557852807660e+00
8.706718651561311972e+00
8.805533187695820274e+00
8.476718653705123785e+00
1.050382726898821417e+01
8.180744313120900557e+00
8.858141862450255033e+00
1.057169680133796952e+01
8.477297030169827607e+00
8.812181801200452469e+00
8.929620777676040788e+00
8.973096270174933053e+00
7.888618682353445877e+00
1.047754688769814102e+01
8.706718651561311972e+00
8.660894647094297127e+00
9.022610851950613409e+00
7.888618682353445877e+00
8.525269309971667653e+00
8.370623710030203668e+00
1.057169680133796952e+01
1.058758012202653909e+01
1.043997479069563461e+01
8.949877671455107375e+00
1.054485834727878668e+01
8.180744313120900557e+00
8.280207476401646005e+00
8.300241791241104394e+00
9.018271647495710752e+00
8.015862022851274915e+00
1.052307583998036300e+01
8.499980178119816543e+00
7.950462680190836906e+00
8.561431483813553456e+00
8.580482228179020510e+00
8.128135638366465798e+00
7.822582628790462067e+00
1.060848759646371953e+01
7.872071992211841618e+00
8.348397237681044913e+00
9.070880322250145511e+00
8.561431483813553456e+00
9.348992266930624240e+00
1.061882102572672792e+01
8.237075944024619290e+00
7.984458619540353297e+00
8.945998137835516673e+00
8.368762862866132579e+00
8.039484768546795834e+00
8.561431483813553456e+00
8.390586658966380895e+00
8.706070024415074826e+00
8.872356459639936688e+00
8.758678699169509585e+00
8.487348014810564223e+00
7.636216293345551520e+00
1.047754688769814102e+01
7.901773497990975059e+00
8.754976301169927311e+00
8.654274455289201029e+00
1.049337328338671504e+01
8.218549776176486077e+00
8.929620777676040788e+00
8.102648247560031436e+00
7.717346447420748490e+00
9.326601948574241518e+00
8.561431483813553456e+00
8.674863540443132237e+00
8.754976301169927311e+00
7.685277887691894350e+00
8.180744313120900557e+00
8.805533187695820274e+00
8.788920276785759711e+00
8.331943710585294482e+00
8.660894647094297127e+00
8.660894647094297127e+00
9.182460160288053785e+00
8.953777820910330476e+00
8.126571696471314610e+00
8.706070024415074826e+00
8.291123495685635447e+00
8.967714760969817789e+00
8.790967074802377823e+00
8.334619556477186109e+00
8.812181801200452469e+00
9.036280085399091888e+00
7.860332426051183319e+00
8.858141862450255033e+00
1.059283644666746049e+01
8.607255488280566524e+00
8.758678699169509585e+00
8.264962672227419205e+00
8.706070024415074826e+00
8.156071652225486801e+00
8.812181801200452469e+00
8.788920276785759711e+00
1.051208613607142617e+01
8.043118956353396243e+00
8.601964270706075055e+00
1.043997479069563461e+01
8.683306131467826816e+00
8.615410475741814622e+00
1.042361267669961755e+01
8.968521045014989923e+00
8.758678699169509585e+00
8.187879286730051831e+00
8.743608496946675857e+00
9.239568452275754851e+00
1.058758012202653909e+01
1.055564717654174878e+01
8.155061759683224665e+00
1.060848759646371953e+01
8.862205013938609710e+00
8.561431483813553456e+00
1.052307583998036300e+01
8.160944400809073684e+00
8.929620777676040788e+00
9.323217366966563446e+00
7.940021605266050386e+00
8.190036807413136444e+00
8.706070024415074826e+00
1.055026150426154352e+01
8.886639302191948531e+00
9.085510016718124859e+00
8.111685077981737990e+00
8.117142822117290990e+00
7.853472487817430903e+00
7.940021605266050386e+00
7.901773497990975059e+00
8.390586658966380895e+00
9.013022973785256298e+00
9.114292169108983543e+00
7.811373883585154054e+00
9.157342431672203631e+00
8.291123495685635447e+00
1.056636507346286891e+01
7.772608828931096170e+00
8.437609113906182401e+00
8.711906577602485768e+00
1.046155195245574809e+01
8.682421903560525678e+00
8.607255488280566524e+00
8.274885208730244912e+00
7.998247430937260205e+00
9.123140206126425511e+00
1.057169680133796952e+01
7.994227279795198982e+00
8.869094747468952988e+00
9.018271647495710752e+00
8.607255488280566524e+00
8.852004892243469314e+00
7.831557255293518871e+00
1.059807329954257149e+01
9.085197592765112518e+00
9.018872539182252623e+00
8.561431483813553456e+00
8.871697816071348441e+00
8.128135638366465798e+00
8.272073570456376146e+00
7.888618682353445877e+00
8.177041915121318283e+00
8.082960261045688100e+00
8.660894647094297127e+00
8.607255488280566524e+00
8.540010376126748071e+00
8.967714760969817789e+00
8.919457111361202450e+00
7.692181498265084016e+00
8.712718637919707021e+00
9.099437274132133879e+00
8.812181801200452469e+00
8.655513137889181863e+00
8.706718651561311972e+00
8.749810736986818327e+00
8.177041915121318283e+00
8.180744313120900557e+00
9.081128543769986905e+00
7.860332426051183319e+00
8.912553942525795136e+00
9.085197592765112518e+00
8.967714760969817789e+00
8.077578751840572835e+00
8.249269332939990207e+00
1.040157028479293544e+01
8.039484768546795834e+00
8.607255488280566524e+00
1.055026150426154352e+01
1.059283644666746049e+01
7.742469902585896513e+00
8.029321102231957497e+00
8.214150679394160548e+00
8.280207476401646005e+00
7.636216293345551520e+00
8.399465576838057501e+00
8.548717440272843859e+00
8.400517014839071095e+00
8.608106965072801486e+00
8.331943710585294482e+00
8.593089825296610584e+00
1.057169680133796952e+01
8.849273900267563775e+00
8.437609113906182401e+00
1.038487750433069046e+01
7.901773497990975059e+00
8.517955991314659414e+00
1.044539518399804123e+01
7.735679456626296968e+00
8.948103434490954911e+00
8.743948742268496943e+00
7.959137891138318821e+00
1.050656754089219902e+01
8.102531572197174015e+00
7.787397613376422001e+00
8.334619556477186109e+00
8.607255488280566524e+00
8.128135638366465798e+00
8.631470008300064833e+00
8.524965189602834670e+00
8.600273664146763863e+00
8.758678699169509585e+00
8.615410475741814622e+00
1.048284141072196540e+01
8.359565366396649821e+00
8.706070024415074826e+00
7.988081845634191325e+00
8.367688738555315808e+00
7.940021605266050386e+00
8.291123495685635447e+00
8.235156393196440661e+00
8.331943710585294482e+00
8.655513137889181863e+00
1.050382726898821417e+01
7.538342321042296845e+00
8.973591668218702466e+00
7.940021605266050386e+00
8.706070024415074826e+00
9.213308579074293903e+00
8.915402936298887582e+00
1.055564717654174878e+01
8.561431483813553456e+00
9.333741088980710643e+00
1.048284141072196540e+01
8.822344963096913517e+00
1.055564717654174878e+01
8.758678699169509585e+00
9.292122733592897532e+00
1.052307583998036300e+01
8.576181816985869233e+00
1.048434066761143590e+01
8.919457111361202450e+00
8.565250575746301109e+00
1.047223363805722407e+01
8.334619556477186109e+00
8.235156393196440661e+00
8.143405350204782067e+00
8.227307574722503958e+00
8.858141862450255033e+00
1.044539518399804123e+01
8.309575177792666523e+00
1.051935786244598248e+01
8.805533187695820274e+00
8.447860400961790361e+00
9.332177941507485031e+00
7.959137891138318821e+00
1.059807329954257149e+01
7.711910720304408606e+00
1.054485834727878668e+01
1.047754688769814102e+01
9.025794787010399389e+00
9.135743248679837336e+00
1.053943795397638006e+01
8.580219475487037784e+00
8.441007610113409498e+00
8.069835481510780895e+00
9.018271647495710752e+00
8.180744313120900557e+00
8.462620918566928552e+00
8.926905844774312371e+00
