5.530799190963638923e-01
8.532994325931373414e-01
1.387791730163141501e+00
4.194359360061936104e-01
-1.534231001686958695e+00
1.386405429301993175e+00
-1.047527890792164351e+00
-2.201140007694621925e-01
-2.593589569265650763e-01
-7.714009472801623690e-02
-3.219719806105690307e-01
-6.835130777796549761e-01
-1.359011681553298490e-01
-4.312433514255215039e-01
-6.009158176995302858e-01
3.006488445532841738e-02
6.963340626168389169e-02
2.028895595704300892e-01
-1.129550891802332924e+00
-5.251074839442464448e-01
8.956095903735965535e-01
-1.555573435649848513e+00
-1.287026867541071429e+00
4.658723316581560581e-01
1.352559818258110225e+00
1.046167740076961339e+00
-7.366214891946673005e-01
6.565585518927694042e-02
1.383726224800121973e-01
4.994153721923545730e-02
-4.183367933506330072e-01
2.695513582077778691e-01
-4.077731863571837922e-01
8.468556115961484165e-02
-4.134309827141793292e-01
1.814772148449416811e+00
8.820767758341424569e-01
3.257744417990038333e-01
2.030334413792103943e-01
1.221571261682481868e+00
-1.534435237810863883e+00
-4.962666791940594652e-02
-1.096649167351657489e-01
-4.449659042454051638e-01
1.422105967070436794e+00
-1.577885283755075807e-01
1.388076471989778751e-02
4.666559574905416730e-01
-4.732923677005030361e-01
-5.036587288398418627e-01
-1.232020382936527048e+00
6.553809220030961669e-01
-4.436732521670352369e-01
-2.804279415160991995e+00
-1.284574771394594528e+00
1.112355012669689946e+00
2.699659274987987523e+00
-1.441613742873711357e-01
4.277534745413216211e-01
-8.098511272971889996e-01
-5.936674916196518215e-01
3.634738816230746461e-01
-7.635595871733981133e-01
-6.599158356193928210e-01
8.169578907303591819e-01
7.708140233799279373e-02
-6.884109415569659163e-01
-8.667239813646473445e-01
2.008418228398514582e+00
3.308701976161003144e-01
6.380808096901954274e-01
6.490692937826277042e-02
8.815113521835649113e-01
8.169777265999168536e-01
-1.354993408381060804e-01
2.609806885277480060e+00
1.820064955315184640e+00
5.593707669203935584e-01
4.367322307826826955e-01
-4.410914337711824285e-01
2.295946121133916495e+00
-2.207137355117007038e-01
-1.477790613538071174e+00
-1.198444623054960134e+00
-1.281423623164263947e+00
-1.140581965438202117e+00
-8.669247226719318800e-01
2.050535692607409644e+00
1.594095897145415774e+00
1.565757714549671942e+00
-6.099903619873010552e-01
-4.733944513404714227e-01
-1.120524169548623217e+00
-2.577804033424227481e-02
-2.866680779475820007e+00
-1.144297716307294044e+00
6.629464635264348260e-01
8.610578010403551197e-01
5.687714181846269534e-01
4.595580280833747588e-01
1.981198893648470072e-01
1.301750059173261365e+00
-3.505860906769136531e-01
-7.257659096606362548e-01
-7.601415109123912384e-01
-2.020757290036420684e-01
-2.830185781545384582e-01
-7.035643615667859230e-01
1.147563482551773761e+00
9.518341086084606273e-01
-1.991358202024869906e-01
8.663222511624867339e-01
-2.755135180827467667e-01
-4.520746809443491193e-02
-9.330042766453685577e-01
4.597576289854891224e-02
-1.078116525787304603e-01
1.860219854768546455e+00
4.630332966967063424e-01
-1.160290321054752605e+00
-6.765799493357042005e-01
-2.137150394848889856e-01
1.231783397533870117e+00
-3.091669375735369152e-01
9.847452381121112319e-01
-1.832184441770721636e-02
-9.827897831919046867e-01
3.466114721629165452e-01
-1.720052231959252054e-01
2.609975868536125732e-01
-5.280464079812513534e-01
-1.826157916917342250e-01
4.370405428977321982e-01
2.909999136539101472e-01
7.839303089770369160e-02
-1.220508482043616505e+00
3.366052125726516353e-01
3.377576917844368865e+00
-1.548460871576689657e+00
-9.851495702573696001e-01
4.054606835765236367e-02
2.227445509530821266e-01
-2.173369919542551099e+00
5.664782323910322326e-02
-1.591801885545033324e+00
-1.565661171079400615e+00
-1.328818545749791857e+00
-1.446782915031462335e-01
-1.240090324937544564e+00
8.551041675172272871e-01
-9.797723333778411980e-01
-2.208481500188395952e+00
-1.235941683224168530e+00
-4.468411421077704282e-01
-9.094088258735640862e-01
-8.606316410875124862e-03
4.317215918994860568e-01
4.071947544040811495e-01
-9.651992100930536500e-01
4.737388275538681470e-01
6.165524739779005836e-01
-6.633040543727088956e-01
-1.210778690940286895e+00
9.832621085726923615e-01
6.093435847530056515e-01
-4.785811968177281495e-01
-5.428041046296138150e-01
4.837387616368334919e-01
4.095270577955251179e-01
1.032675481969230619e-01
-2.629780361829322718e-02
-1.084022458598539185e-01
1.708949544457065484e+00
-1.169716025504513812e+00
-2.413774564925759980e-01
-5.303004097384432791e-01
4.895180842018149181e-01
2.392027539257336466e-01
1.555890579718012257e+00
-1.361698481892793078e+00
-1.460976528122199525e-01
-6.389386104708140168e-01
-5.735427174537773842e-01
1.933233327570381688e-01
-4.123288309000615603e-01
1.731802474441480888e-02
-5.625241436808151585e-01
6.042910902014191343e-01
4.862478866027717533e-02
1.366764777129902408e-01
2.227170640086838294e+00
6.546047867881152893e-01
-2.934127190942177887e-01
1.363348507366622386e-01
3.191261282255216436e+00
-1.146003209519066646e+00
9.845748222522653359e-01
3.519171112475544927e+00
2.430342947356388450e+00
-1.415718276453237223e+00
-1.647647829568043842e-01
-1.437822411144562773e+00
3.897590685526720611e-01
-2.589177868507376523e+00
-1.528440267756751014e-01
2.465277274908038496e+00
1.495794899831001112e+00
-5.215771304905097994e-01
8.198755796073543545e-01
-6.923321179110637769e-02
1.242657258023440292e+00
-7.809231944711282347e-01
-2.173594850068947704e+00
2.646423307975793726e+00
-9.745070355863753031e-01
-4.213146230130141584e-02
-3.673538193347005154e-01
-9.280079142418434790e-02
-4.202847369034204972e-01
9.155876417666085620e-01
6.058347043012075606e-01
1.609863532380892082e+00
1.516099221967462940e+00
-6.978374169598664523e-01
-3.023227629303698594e-01
1.065580540097391893e+00
-4.879387195533609334e-01
-1.260702224473548849e+00
6.248795217766457633e+00
3.991876109609322487e-01
1.173638150948522751e+00
1.102020989709884269e+00
6.116268408871224915e-01
-6.454042075006146684e-01
-1.755442215875755885e+00
8.864643783318502945e-02
1.658684195786877202e+00
3.929090836128468212e-01
1.710545657056997682e-01
7.483611707654437284e-01
4.801984299273016621e-01
1.971077191266394912e+00
7.320917767824734745e-02
3.361230551994512927e-01
-1.013797687475112674e+00
6.560996897698669894e-01
-6.628335637673289371e-01
4.603774301424561899e-01
1.398849890565399268e-01
8.248520493351123584e-01
1.410601875432286323e-01
1.702246494593209203e+00
1.165007107758295080e+00
-1.729154376488740708e-01
-1.165888539859659234e+00
-7.788051477288975288e-01
-1.557337007016386110e+00
-1.173322343593526718e+00
-1.995877730160064700e-01
-1.644909614244476570e+00
-9.428688189493097394e-01
-1.729768614261855547e-02
-6.744183278061474662e-02
2.664017098758954538e-01
6.073423078382705897e-01
-1.653589588577924374e+00
-5.156518521087962714e-01
-1.400764152771850402e+00
1.383857577664403093e+00
-1.327531910764679024e+00
2.744285451042430268e-01
-8.984840460591825284e-02
5.957128408724935431e-01
7.666143869494669305e-01
6.952297233427176537e-02
-1.061867429382288730e+00
1.119994748608990953e+00
1.960388781525753410e-01
-4.037041876428175587e-03
-1.185350951599163150e+00
-4.789720774317017815e-01
4.332019957463297266e-01
2.728252639847359440e-01
-1.596632179793932016e+00
4.783284786629383945e+00
-2.154808750647795978e+00
9.675598446053933488e-01
2.888847727967460144e-01
1.936186693150801830e+00
6.460810531925601508e-01
-1.013855526616091129e+00
-6.288934691542110711e-01
-4.744899041374108783e-01
-1.197728975609561930e+00
-1.318272448786057316e+00
-4.798138906745516574e-01
-3.124593395952332542e-01
-8.641499836359846365e-02
-2.518207943156456907e-01
-1.584571549799445034e-01
-1.963205517998172500e-01
-8.711033409183966958e-01
-2.043599428951442809e-01
1.046840138941212528e+00
-2.088648291620256892e+00
-4.340032914059404057e-01
-8.899982798499030956e-01
9.684115485956289460e-01
-5.465715520463590993e-01
1.109462835244072187e-01
-9.707689816635663993e-01
5.653081639392028290e-02
-4.744581078436385102e-01
1.256978425596857185e-01
-9.388438692378231476e-01
-1.010575765136961929e-01
-1.713226268706601774e+00
1.214774345455769788e+00
2.225190472004467956e+00
1.584874953154099764e+00
2.240505888505924248e-01
-3.837424131888542145e-01
-1.199601425317342374e+00
7.147241910197600634e-02
5.144555177752178077e-01
-4.481926123841514231e-01
8.938354985638731487e-02
-8.888776207461506207e-01
-1.079964072460286584e+00
-8.792088207144646006e-01
2.940606304669610149e-01
-1.111343874962090084e+00
-4.509320905080779207e-01
-2.058111300156663326e+00
-1.259744521275198981e-01
-1.355145681144363845e+00
2.554518654469484229e-01
-1.252386961471410320e-01
9.561452721521401799e-01
1.942934419980836935e+00
-4.379862984910701251e-01
-5.811128114037600323e-01
3.054172061600416210e+00
-1.063590663587202334e+00
-2.452735596056533074e-01
5.547907406648918682e-01
-3.771455957950539672e-01
8.504823824598037874e-01
2.210582340031634271e-02
1.756579809164721118e+00
3.038058185986481252e+00
-1.043397760763738136e+00
1.468222941109067481e+00
-6.210130893432422861e-01
1.594182844658261489e-01
3.376134040180462925e-01
-7.654716406592421141e-01
-2.797507054699067131e-01
-1.138816749047087545e-01
1.849332285885547586e-02
-2.765609753137201476e+00
9.568158643307955735e-01
5.955388635038458833e-01
-5.366271874361910887e-01
-1.909403134329942908e+00
5.177171674896671183e-01
-9.060757092936121415e-01
7.399025556632635725e-01
1.085045456368616046e+00
-9.681990101371835689e-01
6.821634684742773347e-01
-2.847464933230705597e+00
7.734609623027176584e-01
-1.483986987508453259e+00
1.284026231477927826e+00
8.784467160969264832e-01
1.737717402978464110e+00
-8.558200423949631208e-01
-2.856656964618884964e-01
-2.338798441428663610e-01
1.622328284891184857e+00
5.843469707874129337e-01
-1.362451894049209411e+00
-3.351679323079514994e-01
2.226636222640530072e+00
2.712797130138326282e-02
-6.779746972447566744e-01
-1.531493430738936956e+00
-4.865791746227404735e-01
-1.663742941649739349e+00
5.682595910667950001e+00
-1.233996472041040349e+00
-2.460798934974124830e+00
-3.205007978906378452e-01
-1.208774640942018586e+00
1.909752625136443838e-01
9.083978540657778877e-01
-1.136405846095579930e+00
-6.199809171059175172e-01
1.234360362137248979e+00
5.596017607146694939e-01
8.248948806886015062e-01
-2.652337043021144591e-01
9.379509238086816136e-01
-6.219114635597272622e-01
3.831882500919306378e-01
-3.499760599096713998e-01
-7.880627217740624468e-01
-2.921180409228364416e-01
-1.139579214347499203e+00
1.073818418225060078e+00
-4.910770382570340264e-01
-6.746745284258746922e-02
-1.330715297738095604e+00
-6.911652962629067920e-01
1.134427366906993973e+00
-8.673321080776038583e-01
-1.203243829511251445e-01
7.352894267263350159e-01
-4.094792650176270143e+00
-1.075400260173034361e+00
-2.242766656854025431e+00
9.304326866882044467e-01
7.202820167558412479e-01
2.635780762790148612e-01
-1.311626741834406307e+00
-5.084690128598676750e-01
4.081668830327832564e-01
-3.822965453651137602e-01
-2.238545645256474703e+00
-1.688038295592212190e+00
7.812282690880764657e-02
-2.554884451963558289e-01
-5.695079634565570759e-01
-6.376092962802697439e-01
-1.731241437457585741e+00
