7.982940517107156353e+00
8.114944668227842328e+00
7.993355644274668492e+00
8.082578066062476196e+00
8.174901762422473794e+00
8.087919668186048128e+00
7.896908358051467403e+00
8.207419620508906277e+00
7.830815469326414480e+00
8.032173130874745937e+00
7.915178198757103267e+00
8.114944668227842328e+00
7.910453997490940914e+00
8.243921595532475166e+00
8.218245303440699701e+00
8.204271739983289180e+00
8.200849473029123260e+00
7.730180801744142904e+00
8.239803467049764407e+00
7.696647447141964804e+00
7.978821716321187196e+00
7.730180801744142904e+00
8.173313881405503523e+00
7.859441093506666753e+00
8.106898129109493922e+00
8.192432985791963773e+00
8.198072496794150510e+00
7.998913614916904891e+00
8.175827458913779822e+00
7.993355644274668492e+00
7.710834370022834783e+00
8.225756910199987004e+00
8.087919668186048128e+00
8.012067689198641318e+00
8.010553378167312388e+00
7.915178198757103267e+00
8.239803467049764407e+00
8.159255010194073066e+00
8.157324742610999380e+00
8.001058442626455047e+00
7.886150353462315188e+00
8.059857544280582431e+00
7.696647447141964804e+00
7.993355644274668492e+00
8.214594105800856028e+00
8.059905581173289590e+00
8.159255010194073066e+00
8.225756910199987004e+00
7.983319939642505858e+00
8.198072496794150510e+00
8.087919668186048128e+00
8.059857544280582431e+00
7.992221493608048455e+00
8.004127140514727401e+00
7.983319939642505858e+00
7.896908358051467403e+00
7.873359645881653712e+00
8.051317550858325234e+00
8.106898129109493922e+00
8.272077734180905750e+00
8.194746784007698182e+00
8.090167755819512863e+00
8.219311078341124954e+00
8.025340459426072215e+00
7.884350289427330516e+00
7.887406202731431115e+00
8.273541211877789792e+00
7.791969253457167177e+00
8.280844034147246902e+00
7.830815469326414480e+00
8.032173130874745937e+00
8.073904101130359834e+00
8.288260288787741459e+00
8.098653607970751622e+00
8.115665215340310823e+00
8.163201419121891789e+00
8.164812980836309464e+00
8.193358745081640748e+00
7.884350289427330516e+00
7.913922349487987340e+00
8.106898129109493922e+00
8.073108303487172677e+00
8.027726715606787522e+00
7.781680598415584349e+00
7.804130506243210696e+00
8.174901762422473794e+00
7.998913614916904891e+00
7.740900080119608617e+00
8.182292251612674150e+00
8.010318749126106752e+00
8.004127140514727401e+00
7.533550336669656566e+00
8.157626662366222803e+00
7.818638607672224516e+00
8.150822337536018480e+00
8.118504824947567755e+00
8.032173130874745937e+00
8.087919668186048128e+00
7.915446965433982740e+00
8.218607994765489977e+00
8.059857544280582431e+00
7.694994518310162235e+00
7.903031363660200093e+00
8.172787271319744917e+00
8.129515774131071737e+00
7.979012848431832339e+00
8.239803467049764407e+00
7.836886557794501051e+00
7.928446769828913610e+00
8.087919668186048128e+00
8.012067689198641318e+00
8.129110680422106938e+00
8.045938991905595472e+00
8.099101734899623040e+00
8.059857544280582431e+00
8.155355288477073472e+00
7.901421769787119409e+00
7.830815469326414480e+00
7.940864949034180498e+00
8.110185666873020338e+00
7.992474132819904931e+00
8.153346419072484252e+00
7.845675232475817218e+00
8.215885907276664568e+00
8.177113463239910729e+00
7.956967334572547124e+00
7.526746203418363201e+00
8.037301983802636940e+00
8.059857544280582431e+00
8.159255010194073066e+00
8.131857515026773342e+00
8.162839830668543684e+00
8.135087325272712278e+00
8.087919668186048128e+00
8.144721082240591770e+00
7.890843425262579203e+00
8.087919668186048128e+00
8.106898129109493922e+00
8.017670275413181002e+00
8.073904101130359834e+00
8.089678109436810871e+00
8.341035761813785143e+00
7.779460250708439162e+00
8.010149239429306789e+00
8.244267285376434273e+00
8.157324742610999380e+00
7.952605459028162294e+00
8.187116495410212025e+00
7.817382758403108589e+00
7.996714835245819053e+00
8.031674431554357341e+00
8.267575463075436559e+00
8.130790287361630675e+00
8.179444924236275227e+00
7.864876948485957975e+00
7.528768974528615487e+00
7.526603980536354932e+00
8.210273190333481352e+00
7.882452284577401436e+00
8.225756910199987004e+00
8.253819034105452701e+00
8.018569216994459126e+00
7.985398539758014280e+00
7.915178198757103267e+00
8.267575463075436559e+00
8.162998900586917017e+00
8.270312793018568698e+00
7.970029872162615270e+00
8.010318749126106752e+00
8.024084610156956288e+00
7.527651117817256043e+00
7.995246954026702824e+00
8.225756910199987004e+00
8.211838357825000045e+00
8.130438709705515521e+00
7.527651117817256043e+00
8.281918773454302496e+00
8.102601513587305959e+00
8.162998900586917017e+00
8.157324742610999380e+00
8.007414515486098949e+00
7.973886336386303952e+00
8.171688872315993279e+00
7.915178198757103267e+00
8.081077564676508729e+00
7.953302808076226249e+00
7.900165920518003482e+00
7.694994518310162235e+00
8.177967055118045892e+00
8.157783619830659916e+00
7.969678546576404621e+00
8.045938991905595472e+00
8.294260161309482626e+00
7.901421769787119409e+00
7.805386355512326624e+00
8.149209519572062632e+00
7.693291160668613848e+00
7.952605459028162294e+00
7.913922349487987340e+00
8.045938991905595472e+00
8.087217795741400650e+00
8.144912214351236912e+00
8.066124109935664421e+00
7.982655436480814437e+00
7.972545674989456543e+00
8.241303525128715890e+00
8.011574598395222679e+00
8.045938991905595472e+00
8.106898129109493922e+00
8.087919668186048128e+00
8.072631926596434582e+00
8.101676097156031986e+00
8.272809656335097017e+00
7.730180801744142904e+00
7.995246954026702824e+00
7.692503346455759505e+00
8.239803467049764407e+00
8.308918768669229848e+00
7.989455922557668899e+00
8.195605104334006796e+00
8.010318749126106752e+00
8.024300685326045013e+00
7.706321942190882623e+00
8.082193796319554480e+00
8.045938991905595472e+00
7.863725496419626815e+00
8.239803467049764407e+00
7.710834370022834783e+00
7.915178198757103267e+00
8.253819034105452701e+00
7.830815469326414480e+00
7.965958149107368769e+00
8.211838357825000045e+00
8.211838357825000045e+00
8.045729612296836919e+00
7.975228765347558202e+00
8.032138197168485760e+00
8.087919668186048128e+00
7.940998763190088461e+00
7.886150353462315188e+00
7.914195424195159312e+00
8.094346135748319071e+00
7.970029872162615270e+00
8.002434279156529939e+00
7.526746203418363201e+00
8.267575463075436559e+00
8.155355288477073472e+00
8.059857544280582431e+00
8.101676097156031986e+00
8.074171808599455602e+00
8.087919668186048128e+00
8.174580563667680266e+00
7.970029872162615270e+00
7.830815469326414480e+00
8.180886580161212507e+00
7.696965111710292184e+00
7.829357100548481441e+00
8.007414515486098949e+00
8.162918311580348529e+00
7.835802434354435242e+00
8.012067689198641318e+00
8.293396027508421753e+00
8.101676097156031986e+00
8.185448819902653383e+00
7.944103767358728696e+00
8.060987869465153111e+00
8.157324742610999380e+00
8.168326555040104964e+00
8.041237743296095530e+00
8.149209519572062632e+00
7.942219598993463414e+00
8.045938991905595472e+00
8.177967055118045892e+00
8.176268459345466866e+00
8.010318749126106752e+00
8.222763393245505981e+00
7.845675232475817218e+00
8.052078934766358387e+00
8.087919668186048128e+00
8.170026506434131974e+00
7.951343034137487109e+00
8.017670275413181002e+00
8.158805252430095578e+00
8.029071146432109174e+00
7.945359616627844623e+00
7.845675232475817218e+00
7.692503346455759505e+00
8.106898129109493922e+00
8.342316294150061040e+00
8.161470379466427616e+00
7.696647447141964804e+00
8.038708683207406835e+00
7.940998763190088461e+00
8.164812980836309464e+00
7.527391794749209275e+00
8.005136506071153235e+00
7.931448426327585288e+00
8.000689423494696584e+00
7.867187561821517683e+00
8.059857544280582431e+00
8.076983444120060085e+00
7.997970684514934980e+00
8.028863404730071096e+00
8.162998900586917017e+00
7.986296917387357475e+00
7.944816485067183187e+00
7.900165920518003482e+00
8.059857544280582431e+00
7.938339215800619186e+00
7.526392970542068461e+00
8.153346419072484252e+00
8.151930084578935976e+00
8.129110680422106938e+00
8.045938991905595472e+00
8.176458431891235890e+00
7.901421769787119409e+00
8.212620783830606896e+00
7.527651117817256043e+00
8.053305568650836577e+00
8.025340459426072215e+00
8.211838357825000045e+00
8.059857544280582431e+00
8.285323132178227468e+00
7.886150353462315188e+00
7.872103796612537785e+00
7.754367050635250891e+00
7.804130506243210696e+00
8.021856964395357892e+00
7.970029872162615270e+00
8.073904101130359834e+00
8.225756910199987004e+00
7.817382758403108589e+00
8.053305568650836577e+00
7.915178198757103267e+00
8.150573848311443825e+00
7.526746203418363201e+00
8.280844034147246902e+00
8.151930084578935976e+00
7.886150353462315188e+00
7.887406202731431115e+00
8.205477091698915260e+00
8.017762801391064897e+00
8.011574598395222679e+00
8.059857544280582431e+00
8.170026506434131974e+00
8.155355288477073472e+00
7.528768974528615487e+00
7.873359645881653712e+00
7.916678700143072511e+00
8.081077564676508729e+00
7.730180801744142904e+00
8.249873582685342654e+00
8.287297063368420424e+00
7.991884253911256231e+00
8.300002645666864964e+00
7.965958149107368769e+00
8.296917795397932949e+00
8.162998900586917017e+00
7.983282124322513162e+00
8.005136506071153235e+00
8.021660301160592255e+00
7.692503346455759505e+00
8.032173130874745937e+00
8.005789506396588706e+00
7.896080167663547478e+00
8.102949143257031750e+00
7.894475351406886610e+00
7.984537973591629090e+00
8.182292251612674150e+00
8.155459267499097109e+00
7.792323817922257589e+00
8.094346135748319071e+00
8.059857544280582431e+00
7.901421769787119409e+00
7.843449862990953037e+00
8.281847720089096754e+00
8.298404556314913805e+00
8.101676097156031986e+00
7.835802434354435242e+00
7.993355644274668492e+00
8.238683841057973467e+00
8.087919668186048128e+00
7.693550483736660617e+00
8.101859032150320772e+00
7.845675232475817218e+00
7.940998763190088461e+00
7.928446769828913610e+00
7.965958149107368769e+00
8.073904101130359834e+00
7.985398539758014280e+00
7.684825343313697488e+00
7.981967099666736232e+00
7.845675232475817218e+00
8.087919668186048128e+00
8.054096886733177030e+00
8.090167755819512863e+00
8.168326555040104964e+00
8.045938991905595472e+00
8.225516508798001780e+00
7.993355644274668492e+00
7.926808009292998669e+00
8.168326555040104964e+00
8.101676097156031986e+00
8.214427215379449976e+00
8.177967055118045892e+00
8.184468582913863699e+00
8.187559667079996828e+00
7.872103796612537785e+00
7.811662846852542863e+00
7.997099534667512444e+00
8.094346135748319071e+00
7.928446769828913610e+00
8.037544741763383627e+00
8.198449404379323013e+00
8.267575463075436559e+00
8.005789506396588706e+00
8.224045114897004183e+00
7.979012848431832339e+00
8.253819034105452701e+00
8.118504824947567755e+00
8.083462145879364513e+00
7.984537973591629090e+00
8.153346419072484252e+00
7.530748081222560231e+00
8.171688872315993279e+00
7.995246954026702824e+00
8.305002723346495586e+00
8.168333645075934513e+00
8.173313881405503523e+00
8.147546591865303611e+00
8.261020905051731589e+00
7.699449702589061140e+00
7.900165920518003482e+00
7.915178198757103267e+00
8.266606607071629753e+00
7.965869205424572996e+00
