-2.281755994305928112e-02
6.896023473869212772e-01
7.269938734078638110e-01
-3.856802408650328307e-02
-4.483349648903920959e-01
-1.276097164077436341e+00
7.858241643541996613e-01
1.270762230573947160e-01
2.890021000009591057e-01
7.664722715937417608e-01
9.631564317384800900e-01
-6.360671577630004903e-01
-2.299776803577627593e+00
-5.051051248569693453e-01
7.672359163616362387e-01
-4.953335762903341988e-01
-1.619407472113451929e+00
-1.579224450669088231e+00
5.582657503864734139e-01
8.535175435078963535e-02
-8.737752009401316133e-01
-2.942035039616760494e-01
1.433026836435307427e-01
1.259009615224943868e-01
2.691465914876573606e+00
-8.307387082295001335e-01
-1.018395645989082832e+00
-4.371714390390595284e-01
3.556893676175533758e-01
5.812226709566364891e-01
1.306505489408100740e+00
1.842931748788010499e-02
1.767738505070338695e+00
5.265120179874538398e-01
3.279945134222743697e-01
-1.450168973139203121e+00
-1.450314427274945972e+00
-3.531042697814550380e-01
1.602371102798072489e+00
-8.522053501280815180e-01
-8.156805671371565591e-02
7.509598589531272239e-01
1.332269278412233193e+00
3.782775933678212965e-01
8.279423599013388535e-02
-9.784221246660057547e-01
-3.572537729773714865e-01
2.041998238780411867e+00
-2.045483498983313719e+00
5.333839047268424949e-01
-9.632977791374820464e-01
1.938619999435535757e-01
7.280985058941132904e-01
-3.171642710330798032e+00
5.929779235594617726e-01
1.450223317467393525e+00
1.292734258730692254e+00
6.022388650804110233e-01
-5.792084475006102906e-01
-5.548107143179297207e-01
1.142821922746452001e+00
3.265981711988278580e+00
-7.860532881510157166e-01
-1.421070924987482664e+00
1.355887833211383731e+00
1.192473379903946862e+00
6.014638625742962930e-01
-2.759005453402871288e-01
-2.990665501122412029e-01
-8.667075101245681756e-02
4.599125504777842322e-01
2.980740092200959840e-02
-1.451412137388440327e+00
-5.367982916034930163e-01
1.346912151875079955e+00
3.541863867328321480e-01
-1.681184793894228813e+00
2.628771312280327788e+00
4.632344448141170745e-01
6.599390564487073174e-01
-5.611191679506245533e-01
7.448818357411060020e-01
-4.243475043277484260e-01
-2.159471530673368334e-01
2.464274377304899455e-01
-1.123035625800635096e+00
-9.532933405725928511e-01
8.194096819832278333e-01
-6.466327602613078929e-01
7.867206808345486024e-01
5.006419249507125802e-01
7.493251978698132199e-01
-5.621999158623454118e-01
1.255038262496715573e+00
-1.041015925450488933e+00
5.901201338232249238e-01
-7.885224172576688062e-01
-1.081072180351916767e+00
-8.491698024318497517e-03
-2.100511735430103499e+00
-8.472705449389585919e-01
6.491060495222249482e-01
1.732759683002458750e+00
8.959079191089311944e-01
8.456669571975271582e-01
2.084388046133330175e+00
-7.510143110533687993e-01
1.324524183876163663e+00
-2.120829129012146819e+00
1.891249644275848352e-01
-1.322585550972438018e+00
2.226563200347057847e-01
9.891029724857585137e-01
1.933908920609036242e-01
8.601229070996332382e-01
-3.490994176465049038e-03
9.077593351140168521e-01
1.385734906841445957e+00
-8.808510569165378667e-02
-1.070071477459847653e+00
-5.026750104073076653e-01
9.057511876569371845e-01
3.680402823640858689e-01
-2.045074685635854372e+00
-4.423529428067585201e-01
8.294555014015457806e-01
5.312311037538310909e-01
-6.493688950356611977e-01
-1.356083521542217118e+00
1.391081771592894922e+00
9.189656508118454470e-01
9.311924715240439410e-01
-9.142574517623222596e-02
1.703764583448122760e+00
7.941906763179411577e-01
-8.002314213298672430e-02
3.125891582622801201e-01
2.196895410388143954e+00
-1.405561902087258064e+00
-1.194595335237860656e+00
-3.711063406127192432e-01
7.091046239166278742e-01
-2.355832289654569589e+00
-1.415801277134677738e+00
9.300580690021498231e-01
-3.969429211535789315e-01
1.159068268399316981e+00
-9.129617856944036158e-02
-2.421415754119175257e-01
1.296393576606690301e+00
-1.810806420648019666e+00
-1.614889042008524234e+00
-1.561788822850885758e-02
9.761877177354394419e-01
-1.269367209331400348e+00
7.179262716140002998e-02
-1.870215724565584547e-01
4.455856122671706387e-01
2.399516536296656677e-01
2.679661144894978086e+00
6.801481765059874673e-01
1.381790238591696640e-01
-3.651620431762935826e-01
-4.669062180065332024e-01
5.291180305336422585e-01
1.024272932165972927e+00
1.874900348542485995e+00
-2.899334014953162675e-01
-1.380844772856479885e-01
6.186582769079259636e-01
1.825450405466085280e-01
8.029080058849459300e-01
3.802930023182303776e-01
-6.115129557784355629e-01
1.233887601511973325e-01
-6.358355590575734961e-01
1.009014020650754073e+00
-5.621243490229949069e-01
-5.902224728303222534e-01
-1.509340240479076556e+00
-1.350530362952873764e+00
1.754441601663529471e-01
9.321587621740403187e-03
1.333900922893187069e+00
-1.321521118366671521e+00
-1.448172969528205956e+00
-1.841259009584583772e-02
1.439932890435129675e-01
-4.119644259465541358e-01
-5.235882820729590437e-01
-5.078994213816878656e-01
-1.206619265342294689e+00
-1.098004640354234507e+00
-1.917541384411976246e-01
2.571307537368023421e+00
-7.437751913365684420e-01
-2.199245145939379698e-01
2.854613393967024848e-01
-1.029263819207910879e+00
1.027994715964273720e+00
1.512304879271638147e-01
5.619567011302852855e-01
2.081261383951149846e-01
-5.937871709224534778e-02
7.554229601077997458e-01
-1.106843264938468296e+00
-1.292700021877032590e+00
-4.289255828050693164e-01
1.246408346062921196e-01
2.000384888918381510e+00
-2.147514833502426057e-01
-2.139568376474516143e+00
4.121756021741019849e-01
1.015954861092331463e+00
1.332512462351530536e+00
-8.161833290095668048e-01
2.389805584606432831e-01
-9.562062928050902855e-01
1.027211393357398528e+00
1.209038235454261700e-01
-3.561670807695094254e-01
-2.307656745640826179e-01
5.620497021918174907e-01
9.686637364838682762e-01
1.743173799204258856e+00
7.669605844980012521e-02
3.982568834322811058e-01
2.324040818309399195e-02
5.528771200920972184e-01
3.069011269795401606e-02
5.845829036959145908e-01
9.955079799617834180e-01
-1.021672560155168913e-01
-4.465189883275162974e-01
1.288202343705737718e+00
5.585852542179782221e-01
-5.549004670172938969e-01
-6.882593296218200152e-01
-1.562668064350901387e-01
1.992764714841435358e+00
1.198886889870399292e-01
2.052636066022429095e-01
2.423277568346761945e-01
-2.821568492650828458e-02
-4.135577182306561794e-01
-2.032424767170685431e+00
1.626789240734375142e+00
9.985413907352325147e-01
-1.401331867636986805e-01
1.629322222000979759e+00
-2.227983022167491001e+00
-9.652299071092323990e-02
7.255163996206005772e-02
3.451849392320636145e-01
-2.096471010842265725e-01
-6.687437974120270523e-01
-4.073401845166235713e-01
-4.295327954233684187e-01
-7.274977924587049394e-01
1.936685199680783787e-01
1.283331658841410317e+00
8.925724151287021124e-01
7.504490723984795775e-01
-1.965302886537743765e+00
1.414340297592407092e+00
-5.278838509292020920e-01
9.444747898707439582e-01
4.934973813105840712e-01
-6.928420372610569200e-02
2.137795011517800714e-01
-7.661316507351522143e-01
1.492748240174389673e+00
8.748804810315845559e-01
4.577480641360924529e-02
5.005802820846305679e-01
-4.103499017385278669e-01
1.175101982698544267e+00
-3.519492304852659958e-01
-1.513837632305041092e+00
-1.733140645599583030e+00
8.708526600072520329e-01
-7.677369427045458439e-01
1.121248145274225255e-01
-1.257323737068633429e+00
1.150998822308666236e+00
2.547930487293100232e-01
9.065564596402155839e-01
-5.183851245755117798e-01
-3.866899010803352965e-01
-4.450073046100159330e-02
4.130401141410908750e-01
8.666341421866829986e-01
-2.301092942792492269e-01
-1.626507883774403196e-01
7.637505539974259738e-01
4.314332672541825175e-01
-5.853869122922790158e-01
4.782480508186646162e-01
-8.963478125705387489e-01
2.991677666234112687e-01
-4.600843535733053491e-01
-5.284098807824428867e-01
-7.574795889776261282e-01
-5.285137043567025069e-04
-5.942181528056473400e-02
2.196302405090579668e-01
3.630307645949385487e-01
1.244529479256831550e+00
-1.241468915446922949e+00
1.382568304891595545e+00
6.880868731601290644e-01
3.844349337567298242e-01
1.502732535666516878e+00
-4.793837990334528509e-01
-1.557493353961137750e+00
1.022781235479289119e+00
7.864160873329838208e-02
6.196845747466940280e-01
8.179335970497582098e-01
1.515717439225862773e+00
-9.110596827189438862e-01
6.922055039744074989e-01
-4.332969634124985703e-01
8.347059105573997329e-01
1.312563662847801682e+00
-2.953308842411851431e-01
8.567378745357969727e-01
1.412326978543805844e-01
-7.713514091083420454e-02
-2.001649332037619633e+00
-2.793260412529781078e+00
-2.617170629474496052e-02
2.569932693599164542e-01
7.382712648676148515e-01
7.024662078350217831e-01
9.133277993384254501e-01
-4.063025005719590466e-01
2.242490218821086845e-01
2.448087658920256593e-01
3.235181519119024324e-02
-9.767804470001980599e-01
4.607737056704666045e-01
-3.435505405879051843e-01
2.421466713251461678e-01
-5.099900970384465548e-01
9.409932187222403988e-01
1.046895617052049920e-01
1.881632554009146530e+00
2.688710516556805374e-01
6.630318883065916546e-01
1.312858093563194606e+00
1.829229063545770861e-01
2.500361786814454465e-02
-5.354150199016709522e-01
-7.912381595675288537e-01
1.306116560394622983e+00
1.041869970694226266e+00
9.060664130693730778e-01
-1.540543047589437997e-01
-5.762329131254845249e-01
-3.222906517757847311e+00
1.317877320605403968e+00
8.846596436225863114e-01
1.371639303563105372e+00
4.314971849888283861e-01
-5.607923423720998501e-01
-3.328594788214260247e-01
4.964518679617558883e-01
-5.693880113534232484e-02
-5.038924161448228300e-01
-1.970683756938191589e-01
-1.305117871167534416e+00
1.578074874891340462e+00
9.588648786450834072e-01
-4.094709627526147977e-01
3.478425834639164438e-01
-6.192980463879123043e-01
-2.242736341882003881e+00
4.117679722496889738e-01
-1.267874898003255257e+00
-2.836007213865719412e-01
-3.223332060529072174e-01
-6.663901512605008293e-02
-2.353374512993114953e-01
9.025703841502226432e-02
1.799235464278056584e+00
8.792055769859237202e-01
-1.371730170937482507e+00
6.833446049307027037e-01
2.135207225119374552e+00
6.352969993624852929e-01
-2.611555801695550350e-01
-1.281243950350136496e+00
-6.774199014654627149e-01
1.368636314641460849e+00
9.065471464047550887e-01
-2.237224046632806662e-01
-6.125037932219703496e-01
-4.961265431640572987e-01
6.344524580297755678e-01
2.655091302687404009e-01
-7.444862040539404480e-02
-9.125286429868469940e-01
-1.100288989269811557e+00
1.560676503043719299e+00
-7.698051657136123493e-01
4.483746544375684095e-01
4.275791625827382036e-01
3.046375682275919705e-01
-9.182575555036416592e-02
1.112723656137807743e-01
1.165698398485184528e+00
-1.643473086292641661e+00
-1.181879836449608034e-01
-1.440913526823919710e+00
4.875790620530423003e-01
-1.085197008305878841e+00
5.416264565804765896e-01
-5.639668508181024942e-01
6.319886619025827379e-03
-7.847815264723896345e-01
1.017908233455532274e+00
1.162786248186445270e+00
8.042732197799857818e-01
3.251910415032773227e-01
9.154769481237614581e-01
-4.353014367605489432e-01
1.525056350207989242e+00
4.900267688631830265e-01
-3.485317501085377079e-01
-7.045300875278189823e-01
3.849059505629834899e-01
1.724558284528712182e-01
7.771229087966667892e-01
-4.226467155084469574e-01
-7.484001848112076249e-01
