-9.826499630510409089e-01
3.810090347794650029e-02
1.056911318223457519e+00
-6.357659411819222006e-01
3.515381487089050405e-01
-1.250673449057793762e+00
1.193396682646949314e+00
5.563557666637634069e-01
1.267352989577356315e+00
2.608369210911517383e-02
3.013286343599844042e+00
1.518104766653802506e-01
-2.464522232036705951e+00
8.390892022202023348e-02
-8.308591200362610563e-01
-6.832584258394213128e-01
-2.049704332462419121e+00
-1.337430971924417955e+00
-1.027685112778637500e+00
-4.155496102085010635e-01
-1.267793051112244163e+00
3.867970392681193692e-01
8.404400294552512030e-01
-2.016984016279418590e+00
1.709624085457412734e+00
1.424904297616035320e-01
-2.649988245623561056e+00
-5.087811521789040725e-01
-7.298998643769456507e-01
1.854186290516645963e+00
-9.764851210661159575e-01
6.461251636650701125e-01
1.114076176254856110e+00
1.796220932687702332e+00
-5.222816765589242127e-01
7.967640640361421944e-01
3.810339739931533631e-01
2.234335540722550417e-01
-4.191680426306483298e-01
-7.143327046989882412e-01
-5.087368373045531023e-01
-8.476269880742611784e-01
-4.800321827816392273e-01
-4.693376177157246865e-01
6.908523466584195472e-01
1.365343262891795417e+00
4.247898226502211383e-01
-1.751946171722009504e+00
-6.832472856637239467e-01
-2.778934830946943269e+00
2.868450592871377713e-01
1.360561441195095589e-01
-9.916419576169344108e-01
1.277521711353025280e+00
8.592225767692398541e-01
-3.519307625438185538e-01
-5.243745623455775551e-01
-3.615153055922105257e-02
-5.793786943210713636e-01
-1.116971329529097501e+00
-1.126129733322474014e+00
-8.067131787299177681e-01
-1.585165959162873506e+00
-2.489519268482557612e-01
1.422976950280695263e+00
-3.398004548908581390e-01
-2.158116145604278557e+00
2.020131675990520126e+00
3.206778307029948816e-01
-1.580997110099219727e+00
-1.645580697845127061e-01
5.306786358545786397e-01
2.791652161433878510e-01
-2.411341404913132092e-01
-3.418738368809678407e-01
3.415323500490371478e-01
2.705757548977049676e-01
9.968406250218705411e-01
-5.646059539948435763e-02
9.769096140232021996e-01
2.330430047126098358e+00
-9.595949746182713680e-01
-2.471900383083913688e-01
-1.264182235272421240e+00
-1.006624708464498807e+00
-4.810659864724438350e-02
1.298017417339766277e+00
-4.935352675132330391e-02
-7.814653988932004358e-01
-1.359344450749021993e+00
-9.206511461202687707e-01
1.363305568478506036e+00
-1.020482446878721305e-01
4.165775239614505354e-01
-1.405647820737209841e+00
-1.885719699642550040e+00
-9.982458058186149952e-01
-1.695692515478166573e+00
1.637161685446469062e-01
-1.295969175986730060e-01
2.603796967567408860e-01
-5.064963699334744662e-01
4.413942298545917714e-02
6.564318183627624315e+00
4.119685492719117881e-01
-4.575579312340692373e-01
6.179649567560756562e-01
1.892529004862690378e+00
-7.189346408158484580e-01
2.079421780161940347e+00
-7.878906448331497447e-01
1.927942520258143055e+00
-9.253861613899758698e-01
-1.100556301142072035e+00
-4.311971646110785428e-01
3.343804085326571585e-01
1.738569248973819564e-02
-4.363517147622439363e-01
-4.417432713164542446e-01
-7.258310218563284177e-01
3.132261325732657586e-02
1.762549714133802015e+00
-8.692573524652944528e-01
-1.000262288279236245e+00
8.067128301660692058e-01
1.022450013057294882e+00
3.933104927560059777e-02
-1.588168420365487776e+00
-1.919076893739682266e+00
-4.817336865253994405e-01
-5.805475532805266514e-01
-8.967412475514034975e-01
-4.084041956416020747e-01
5.985620779380966816e-01
2.654669040361715471e+00
-1.558891255205076876e+00
1.349737730844786876e+00
7.475947355781751291e-01
3.310361226627166632e-03
1.543631606645460508e+00
1.695194834662054229e+00
-6.983389156525776631e-01
3.704371759393556562e-01
1.290365622848313465e-02
-3.521944035037912202e-01
4.049852003547372847e-01
2.201345157000215380e+00
-6.593645348279071339e-01
-5.747797069620286248e-01
-5.602242028692262510e-01
6.266643955175986713e-01
-8.617862907762319225e-01
-3.329521334490460616e-01
1.874635600311937988e+00
-1.580076203938294510e+00
-1.834803253910309850e+00
4.277002991927170150e-01
-7.970303265014987426e-01
-6.725782941461163622e-01
1.247204461757883465e+00
-1.167482065391611368e+00
2.795389494807988262e-01
8.760989230781176529e-01
2.083936539510775898e-01
-2.756394333802731911e-01
1.926581395316136147e+00
7.486318791050972088e-02
-1.137214212099223909e+00
-1.667705314710454356e+00
-6.864326200067788486e-01
-1.122343503832023748e+00
7.992500982180610336e-01
-1.850319964201255996e+00
-1.079388417690800184e+00
2.722925775057680187e-01
-9.920106327067406138e-01
-5.437964195411707502e-01
-6.190063019768576869e-01
-7.197191075031948992e-01
6.814121012159266577e-01
-8.680000799316052174e-01
9.689908540083586042e-01
1.009276784007423267e+00
6.299080095018272374e-01
5.081356384902287887e-02
-1.266799913552665302e+00
-1.660341710322003894e-01
-5.150652182024385572e-01
3.668244648212751757e-01
-6.586854994331616808e-01
-2.072971269250188264e+00
1.986779374861535219e+00
-1.380329493374595762e+00
-1.209593598816948834e+00
1.518133991941617245e+00
-9.355022860758799297e-01
-5.431459717218444228e-01
1.553301284926116521e+00
-1.103346879678133607e+00
-1.879938087126696189e+00
4.244114611708675877e-01
-1.008241020694864654e+00
-1.698929198954488851e-01
-8.433190556534738702e-01
1.542025507715683474e+00
1.661198382902761284e-01
-9.306218974588868764e-02
7.431526777173453890e-01
3.390306220866690784e-02
-4.233296168674005044e-01
7.204931986999796312e-01
-3.173222570233202866e+00
-7.365567440940828936e-01
2.585392606513327585e-01
1.614119234130247937e+00
9.312185517646399679e-01
1.417765420724675707e+00
1.147022576393805560e+00
1.733012276277451080e-01
3.982996642157090039e-01
2.845748066177838376e-01
-7.290636922764400785e-01
-1.718602493724344038e+00
-1.598840413328600774e-01
-4.200295602199530798e-01
-1.325555442615180546e+00
1.127887315125738699e+00
-6.024715525644993575e-01
-7.225141889305243259e-01
1.941914602130636325e-01
-6.450422664854716936e-01
-1.868817467193905069e+00
1.036788182866198005e+00
1.875325217931181010e+00
7.321724145692719565e-01
3.291084980473156785e-01
-2.078329980411414368e+00
1.370283190958507369e+00
2.362754713651369354e+00
4.308406845380317041e-01
-1.135626461323576031e+00
-7.531015096376587614e-01
2.756850921815534594e-01
7.473341261850066641e-02
9.679808751660536892e-01
2.739183996643195229e-01
6.711079399556570957e-01
-7.055523096509411785e-01
1.759879440393020467e+00
-1.469722748130148082e-01
-1.873283398610066097e+00
2.164695350931694906e-01
-1.749434688117202930e+00
8.579543576736550214e-01
1.373167760696606843e+00
-1.257233171972237606e+00
-1.677381280462389324e+00
8.107403496286641476e-01
-1.584600173388249489e-02
-4.428241278076046616e-01
1.561675594167593051e+00
-1.263627825834097385e+00
4.155592772147376039e-03
-1.670715487206926753e+00
1.168080070701161155e+00
-4.277350892102434882e-02
1.117299162196407236e+00
-1.075447432711913454e+00
6.764990124972786179e-01
9.115801824191075431e-01
-1.660412032926069203e+00
5.725972049068296377e-01
1.692640131654868485e+00
-3.508403216798136603e-01
-1.272734860330517470e-01
-1.995017936796697589e+00
6.353519470867837748e-01
-8.624107528947244639e-01
-6.272740132408857194e-01
-9.105994733529924057e-01
-1.145073291265372439e-01
4.429269291988063295e-01
-2.074662001748552864e-01
-4.826545140020938041e-01
1.169121686358906009e+00
-1.472106535048334219e+00
-7.538243071744341606e-01
7.811261205636808036e-01
3.552723111518364951e-01
-1.496943989449414314e+00
2.539820361860597231e+00
-1.953222168823474547e+00
-1.504532693736635895e+00
1.424618284664443069e+00
-1.180756993128851517e+00
6.395129627140485606e-01
-1.322400269484643731e+00
1.683829719272212089e-01
1.865051414455572765e+00
1.454956750609684546e+00
-1.132644669988595476e+00
1.760792654994126627e+00
-1.666592641448178536e-01
-3.398279034596116133e-01
-3.284393480920299035e-01
1.043228140482230226e-01
-1.752165058877363677e-03
-1.106524223315284550e+00
-5.046220719465345228e-01
-7.683629386889121449e-01
5.408000343337781013e-01
-1.269848637125070290e-01
-2.416395270659538852e+00
2.017780487912387954e+00
4.869134853481889014e-01
1.612239308594565212e+00
-7.824674715147823534e-01
1.050022186018035875e+00
9.419420390564666734e-01
1.612520551292308535e-01
-3.715435203372300377e-01
-8.098681660418823869e-01
-1.008968716680810340e+00
2.789189578160725103e-02
1.327879123411933815e+00
-4.502674183783810236e-01
-1.547500826353952252e+00
4.843985518317244221e-01
-5.558795259146210865e-01
-3.196785703942017776e-01
9.097211111177502807e-02
-1.755711964708752015e+00
9.687994101678593095e-02
1.469638113965560544e+00
8.587055473962368346e-02
6.290683277720846567e-01
-1.530978992987693355e+00
-2.248902014802232951e+00
-1.165413317696627205e-01
-3.654745049786710109e-01
-5.757987671020131648e-01
-9.658505587582530971e-01
9.464704344716802498e-02
1.147748458736972843e+00
-1.057466633497355479e+00
1.761803555244213726e+00
9.849989875536558914e-01
2.593701167912897620e+00
7.488757829436749613e-01
-8.207840321416876028e-01
1.257275504531091492e+00
8.794512424314847587e-01
-5.191199275735441931e-01
1.022029551832238647e+00
-7.817790346384116962e-01
1.561708379904451771e+00
-1.975259289203974422e-01
6.699194627820563852e-01
-7.282516495053081851e-01
-2.074162975645883922e+00
1.218121833872463977e+00
-5.071880504632011455e-01
1.248711337161505508e+00
9.984399593951446272e-01
-3.325234710160052676e-01
-2.798546762963218318e-02
-4.525780483811650545e-01
-1.309983962085732978e+00
-4.015741948496171498e-01
-1.087592458486381419e+00
6.262262576583497165e-01
-1.541131338716150045e+00
5.248995417844032341e-01
1.055689157304261716e+00
-7.973335146198714529e-01
7.026870040451179689e-01
2.984401535409098027e-02
-1.056921407481888231e+00
-2.125089540851448910e-01
-7.299252870042061137e-01
3.037371137245656882e-01
-3.781978553604353754e-01
-7.276881748966368413e-01
-1.233154488754341749e+00
-6.644998115558560237e-01
2.689456399575074763e-01
3.646565136383816963e-01
-1.903213392141215099e+00
8.806850799693063392e-01
8.693219524294716338e-01
3.327454076939978522e-01
3.961203797236094171e-01
-1.403935772428457351e+00
3.445018729014855396e-01
1.919886188297661445e-01
-5.693322819564753390e-01
-2.072951467601068520e-01
-1.503806198469994637e+00
-1.628411807832517599e+00
7.747886769408650620e-01
-1.041287928386479544e+00
6.487397640808481025e-01
-1.320342274306001151e+00
-1.125429695717932610e+00
6.019445163663118548e-01
1.010856245456327240e+00
-3.458003654624153267e-02
-4.438874335091418794e-02
5.098506920884258165e-01
-1.449891533198686133e-01
1.837171856103308576e+00
1.018882239188920291e+00
2.743229038386982635e-02
-6.996614607608148129e-01
-1.442033040681517664e-01
-2.700607943032735658e-01
-1.235741698321212584e-01
2.302709223367091496e-01
1.398602521639160934e-01
-1.034607989287521956e+00
-2.454231571745333906e-01
1.093548807189417493e+00
-5.353877850162576113e-01
1.414958879247978141e+00
-2.894226587765499903e-01
2.422744654555860910e-01
5.793956138897763397e-01
2.785362958180038206e-01
1.443274107115479106e-02
1.587218718250410276e+00
-1.645664170921487535e-02
2.731702255568572824e+00
-3.313923443911839239e-01
1.080225818623217204e+00
2.982663734771827113e-01
-1.165846050874651763e+00
