7.766058970701608111e+00
7.727196004830060083e+00
7.504678957528367000e+00
7.890063562196703906e+00
7.836042151799650135e+00
7.700471853551634993e+00
7.689681915790507638e+00
8.034406040577586339e+00
7.638043577974706011e+00
7.654763850006849779e+00
7.623230579282358477e+00
7.727196004830060083e+00
7.691804902271421440e+00
8.098802262909815752e+00
8.076827152124037568e+00
8.066747548999353867e+00
8.064476914233699389e+00
7.526566956669281439e+00
7.959914567376104699e+00
7.572474652698272912e+00
7.629282314254242081e+00
7.526566956669281439e+00
7.829939997065417323e+00
7.573361826577494682e+00
7.921165171261876026e+00
8.059213955079281178e+00
7.927460296617662827e+00
7.525181860393110433e+00
8.050122925160277276e+00
7.504678957528367000e+00
7.480019055948893048e+00
7.947662682689664138e+00
7.700471853551634993e+00
7.575245421538252089e+00
7.569346095960093557e+00
7.623230579282358477e+00
7.959914567376104699e+00
7.777375404139180048e+00
7.770325929093695017e+00
7.728949581972023530e+00
7.678587376361833527e+00
7.674966236078851090e+00
7.572474652698272912e+00
7.504678957528367000e+00
8.074066088942787545e+00
7.810140702796963375e+00
7.777375404139180048e+00
7.947662682689664138e+00
7.718016137862385939e+00
7.927460296617662827e+00
7.700471853551634993e+00
7.674966236078851090e+00
7.769516333848687673e+00
7.544731154017704888e+00
7.718016137862385939e+00
7.689681915790507638e+00
7.584166077162241670e+00
7.771060824670314560e+00
7.921165171261876026e+00
8.126255213686448542e+00
8.060615809331878268e+00
7.967440856437857377e+00
8.077650374525155996e+00
7.846058273188307730e+00
7.798563520626811574e+00
7.596417961848682232e+00
8.127711222905588784e+00
7.686114294368941557e+00
7.999892451440873131e+00
7.638043577974706011e+00
7.654763850006849779e+00
7.687218120765291651e+00
8.142170633266779589e+00
7.846076508759147750e+00
7.862958033470941466e+00
7.898405667099985372e+00
7.797878307003923481e+00
8.021781682170892935e+00
7.798563520626811574e+00
7.705399993795509772e+00
7.921165171261876026e+00
7.792610824730394015e+00
7.787236143100959573e+00
7.685162635876483961e+00
7.625400317337327927e+00
7.836042151799650135e+00
7.525181860393110433e+00
7.609867296543941784e+00
7.865040441423726492e+00
7.918829552214204703e+00
7.544731154017704888e+00
7.477477301046543623e+00
7.896962736914479919e+00
7.548995736452508432e+00
7.893391165826392886e+00
7.931446892228779078e+00
7.654763850006849779e+00
7.700471853551634993e+00
7.692772515090329222e+00
8.045110957615090541e+00
7.674966236078851090e+00
7.715623574571597310e+00
7.690553976139946180e+00
8.048637525281710836e+00
7.876223015404391070e+00
7.453024390367565921e+00
7.959914567376104699e+00
7.686759698212116909e+00
7.636395845913450664e+00
7.700471853551634993e+00
7.575245421538252089e+00
7.980647208846971097e+00
7.664161985494104101e+00
7.846521064356470454e+00
7.674966236078851090e+00
7.763167702386461144e+00
7.609671694635025574e+00
7.638043577974706011e+00
7.620157516256064412e+00
7.857542372899430028e+00
7.769616885913699811e+00
7.755900025247603580e+00
7.563963691090240360e+00
8.075032525417597640e+00
8.050767575377253849e+00
7.893348016461596117e+00
7.405214748350196885e+00
7.757807091883971218e+00
7.674966236078851090e+00
7.777375404139180048e+00
7.898148592281369673e+00
7.998928585061989338e+00
8.034445250447701525e+00
7.700471853551634993e+00
7.901978760865054241e+00
7.688951743651750270e+00
7.700471853551634993e+00
7.921165171261876026e+00
7.741058532688642302e+00
7.687218120765291651e+00
7.808719639209300567e+00
8.159406265437095129e+00
7.534651986753948094e+00
7.777536641031091769e+00
8.099124842440398098e+00
7.770325929093695017e+00
7.658750445617966029e+00
8.056119930104225446e+00
7.631165150965659727e+00
7.910740024585518171e+00
7.752747565743012714e+00
7.986727184809780056e+00
7.877392691617139953e+00
7.853740827304002359e+00
7.687115715251187531e+00
7.321936320600544335e+00
7.364748399976281945e+00
8.070915755592512397e+00
7.688144668128568782e+00
7.947662682689664138e+00
7.973168300162447153e+00
7.646674322378164135e+00
7.475825752296430871e+00
7.623230579282358477e+00
7.986727184809780056e+00
7.791150894324418097e+00
8.124498575472244966e+00
7.898096763948140975e+00
7.918829552214204703e+00
7.928227687701459026e+00
7.424440699111000797e+00
7.511620379681983373e+00
7.947662682689664138e+00
7.936858432104917149e+00
7.981239372284505862e+00
7.424440699111000797e+00
8.136002523514124007e+00
7.849999000339562549e+00
7.791150894324418097e+00
7.770325929093695017e+00
7.557243550454605163e+00
7.712997145680350108e+00
7.823735379598332429e+00
7.623230579282358477e+00
7.895927025893170637e+00
7.622443048750807471e+00
7.691841109148176869e+00
7.715623574571597310e+00
7.847941868149065137e+00
7.906727508351599099e+00
7.761886551411980584e+00
7.664161985494104101e+00
8.147849903000320637e+00
7.609671694635025574e+00
7.543230902824176631e+00
7.741033524595503756e+00
7.616306508414360188e+00
7.658750445617966029e+00
7.705399993795509772e+00
7.664161985494104101e+00
7.806392268601579865e+00
7.725720836978378969e+00
7.815386335969845000e+00
7.765959941141749923e+00
7.712327030706164877e+00
8.096377545200757808e+00
7.836660137701053408e+00
7.664161985494104101e+00
7.921165171261876026e+00
7.700471853551634993e+00
7.963846835677973246e+00
7.714030738198967896e+00
8.126983511141188998e+00
7.526566956669281439e+00
7.511620379681983373e+00
7.637444846587094993e+00
7.959914567376104699e+00
8.160543952329573969e+00
7.490471255775648096e+00
8.061144457614766168e+00
7.918829552214204703e+00
7.785196571913933994e+00
7.503604366500419509e+00
7.801553334328252376e+00
7.664161985494104101e+00
7.687075101326758642e+00
7.959914567376104699e+00
7.480019055948893048e+00
7.623230579282358477e+00
7.973168300162447153e+00
7.638043577974706011e+00
7.625452145670557513e+00
7.936858432104917149e+00
7.936858432104917149e+00
7.765683582219331527e+00
7.713678786617298222e+00
7.789971708587814625e+00
7.700471853551634993e+00
7.648468724651063866e+00
7.678587376361833527e+00
7.692520148448183548e+00
7.909092292524263712e+00
7.898096763948140975e+00
7.729882218684402950e+00
7.405214748350196885e+00
7.986727184809780056e+00
7.763167702386461144e+00
7.674966236078851090e+00
7.714030738198967896e+00
7.822551534627955938e+00
7.700471853551634993e+00
8.049507169760778069e+00
7.898096763948140975e+00
7.638043577974706011e+00
7.859440118805598452e+00
7.733319451790173993e+00
7.686793315330078258e+00
7.557243550454605163e+00
7.898378647203904812e+00
7.686763465259442540e+00
7.575245421538252089e+00
8.011965330178485445e+00
7.714030738198967896e+00
8.055185444183335264e+00
7.889517847877911549e+00
7.780561579785739035e+00
7.770325929093695017e+00
7.811015961386095441e+00
7.796011373634452291e+00
7.741033524595503756e+00
7.699871285372921648e+00
7.664161985494104101e+00
7.847941868149065137e+00
8.050342891756164576e+00
7.918829552214204703e+00
8.049183338029866519e+00
7.563963691090240360e+00
7.803925695574270627e+00
7.700471853551634993e+00
7.817427600628517048e+00
7.703093156147986065e+00
7.741058532688642302e+00
8.042485976379690982e+00
7.788056708363059855e+00
7.807348433364760254e+00
7.563963691090240360e+00
7.637444846587094993e+00
7.921165171261876026e+00
8.136290230774520182e+00
7.998049267736342394e+00
7.572474652698272912e+00
7.759098818387358598e+00
7.648468724651063866e+00
7.797878307003923481e+00
7.343610061803547140e+00
7.639795895369117851e+00
7.886508750958162395e+00
7.531803316490377931e+00
7.687206169106214126e+00
7.674966236078851090e+00
7.825139809204535446e+00
7.828570610072366875e+00
7.750292013374371791e+00
7.791150894324418097e+00
7.767256697619649763e+00
7.700744428326355973e+00
7.691841109148176869e+00
7.674966236078851090e+00
7.698630220592386664e+00
7.385300305398561527e+00
7.755900025247603580e+00
7.992254996251827670e+00
7.980647208846971097e+00
7.664161985494104101e+00
7.876385675615041215e+00
7.609671694635025574e+00
8.072611703001859595e+00
7.424440699111000797e+00
7.869114408459495280e+00
7.846058273188307730e+00
7.936858432104917149e+00
7.674966236078851090e+00
8.139330403405539371e+00
7.678587376361833527e+00
7.666335491675392966e+00
7.529357357339454992e+00
7.625400317337327927e+00
7.744408728003360665e+00
7.898096763948140975e+00
7.687218120765291651e+00
7.947662682689664138e+00
7.631165150965659727e+00
7.869114408459495280e+00
7.623230579282358477e+00
7.991477637352176089e+00
7.405214748350196885e+00
7.999892451440873131e+00
7.992254996251827670e+00
7.678587376361833527e+00
7.596417961848682232e+00
8.067565557156296308e+00
7.597846047317452722e+00
7.836660137701053408e+00
7.674966236078851090e+00
7.817427600628517048e+00
7.763167702386461144e+00
7.321936320600544335e+00
7.584166077162241670e+00
7.617367115585890858e+00
7.895927025893170637e+00
7.526566956669281439e+00
8.104427156541678556e+00
8.141242838519682223e+00
7.634031061740786051e+00
8.153071213413035423e+00
7.625452145670557513e+00
8.150297278002417656e+00
7.791150894324418097e+00
7.903861597576472775e+00
7.639795895369117851e+00
7.613769571848307827e+00
7.637444846587094993e+00
7.654763850006849779e+00
7.551038932987519381e+00
7.799263403280094487e+00
7.970930895487297718e+00
7.689373502900395785e+00
7.821692183063321480e+00
7.865040441423726492e+00
8.041174414045839214e+00
7.538482155337632662e+00
7.909092292524263712e+00
7.674966236078851090e+00
7.609671694635025574e+00
7.686753216873592365e+00
8.135932727952148724e+00
8.151643920379708419e+00
7.714030738198967896e+00
7.686763465259442540e+00
7.504678957528367000e+00
8.093985925920623714e+00
7.700471853551634993e+00
7.697137145721812956e+00
7.849260454847985180e+00
7.563963691090240360e+00
7.648468724651063866e+00
7.636395845913450664e+00
7.625452145670557513e+00
7.687218120765291651e+00
7.475825752296430871e+00
7.525378609916242745e+00
7.717263293496843701e+00
7.563963691090240360e+00
7.700471853551634993e+00
7.773770550086972264e+00
7.967440856437857377e+00
7.811015961386095441e+00
7.664161985494104101e+00
8.051900705118351098e+00
7.504678957528367000e+00
7.695376731903818879e+00
7.811015961386095441e+00
7.714030738198967896e+00
8.041059751938906430e+00
7.847941868149065137e+00
7.919370768988976295e+00
7.886466018459119987e+00
7.666335491675392966e+00
7.686792862651231850e+00
7.518454447713605937e+00
7.909092292524263712e+00
7.636395845913450664e+00
7.793494960836230057e+00
8.062929885428449239e+00
7.986727184809780056e+00
7.551038932987519381e+00
8.081402367745365467e+00
7.453024390367565921e+00
7.973168300162447153e+00
7.931446892228779078e+00
7.802784345104127439e+00
7.821692183063321480e+00
7.755900025247603580e+00
7.299778206087460752e+00
7.823735379598332429e+00
7.511620379681983373e+00
8.022247051145388497e+00
8.002578665295214222e+00
7.829939997065417323e+00
7.891210898251624251e+00
8.115278300825762514e+00
7.750173747657356671e+00
7.691841109148176869e+00
7.623230579282358477e+00
8.120811853526713975e+00
7.709145932523319367e+00
