9.251054696248217635e-01
-2.891072905336440346e-01
5.424816185228514831e-01
-6.131056007641520061e-02
-1.646456925022047990e+00
-7.584960755447327507e-01
1.004007475739544242e-01
1.652041573126403318e+00
3.747472231595779246e-01
3.680347698454695116e-01
2.643704720960648458e-01
-1.603934152136752833e-01
-3.616611119959457499e-01
3.231817240959012488e-02
7.762911502900768368e-02
3.536035728724180038e-01
1.165718988963151181e+00
-2.610893093906179185e-01
-1.372514699946818795e-01
5.631621167685616491e-01
3.831431990916003283e-01
4.912729893911509937e-01
-1.276743611419334012e+00
-2.168199464619383343e-01
-2.798954890325341255e-02
1.786892950334111607e-01
-6.030299448925968697e-02
-8.740398300529423903e-01
1.046613158375042651e+00
1.673865962370193472e+00
-1.831053787569880464e+00
3.324168512419175547e-01
5.195347622127297615e-01
1.437747451425392509e+00
1.586673514954120567e-01
-4.349393830208241885e-01
-1.846429160791411006e-01
-3.750328395208233356e-01
7.154883328920510488e-01
-1.176370254891326406e+00
1.230795027392551366e-01
-1.052417881217474205e-01
-1.493812411426823084e-01
3.750464580271161141e-01
8.623813427284972022e-01
-3.985770530485201885e-02
5.848822792758062716e-01
1.431019329772894588e-01
-9.116266637754125712e-01
3.877247667686086197e-01
-6.675553089233956516e-01
1.847239787543069334e-01
7.619572540962348262e-01
-2.945074515127721781e+00
-1.393871716110079428e-01
-1.193616471620884134e+00
5.092511733646784000e-01
-7.955254273650089747e-01
-3.506737536167994773e-01
-9.821729203681706100e-01
5.376138517545103745e-01
1.952387164486619753e+00
-8.370413242559830713e-02
6.479404015728579269e-02
1.463360171745116345e+00
-3.601211601971586185e-01
7.301488553233825840e-01
-1.419244469263872543e-01
-2.427360299715922154e-01
9.072655588384717085e-01
-1.379149923535110400e-01
1.875954061618785584e-01
-4.698974648858033065e-01
2.536487047729585331e-01
4.416913596577637380e-01
2.416834479868035235e-01
-2.035184705475589606e+00
2.343545211722841248e+00
1.407527553984735391e+00
9.117395602470360627e-01
-3.286707098969143259e-01
5.993874395599720906e-01
1.542243583520227945e+00
9.255494365277374680e-01
5.592073350424137113e-01
-2.381015146828681650e-01
-1.911577322796667033e+00
1.298116388284141332e+00
-1.172675368811790797e+00
3.812000430355185626e-02
6.397413610953667229e-01
3.409958843524625860e-01
-9.906133823380867121e-01
-1.209971947839261347e-01
-1.320864686769428371e-02
-3.399763219783942247e-01
2.423084599490887836e-01
4.906805503350029213e-02
-8.550206684116952172e-01
9.985954431839396683e-01
6.496922631307096019e-01
-2.942941995730876670e-01
-8.096662062499658530e-02
6.015124182814961529e-01
3.228448760677078422e-01
9.752971832059260660e-01
-8.319868664173462047e-01
9.202457429329412991e-03
-4.434666527819291493e-01
-1.975408178911007284e-01
9.806381352135893348e-01
-3.415481549119594451e-01
-3.089274275286627569e-01
9.118322150630685241e-02
1.211361733100004140e-01
-9.185490800323926619e-01
3.721710475172638199e-01
9.379072281176069614e-01
1.146638689750595873e-02
1.032641030645026076e-01
7.356579324774482620e-01
-4.615663295206537953e-01
6.044753722833353660e-01
-6.214898692191866969e-01
-1.694324610870532322e+00
1.503502832834056058e-01
-3.845042763237442318e-01
-1.507032012805102683e+00
1.527365399736643481e-01
1.060894846024013294e+00
-4.348664639945711285e-01
-2.344519002153397647e-01
-1.414853348074060824e+00
-8.148888736751337403e-01
4.386915451647216968e-01
-1.370840305299761974e+00
-4.930841496623834530e-01
1.146299452282996574e-03
-9.845695351709050636e-01
1.787707977643008261e-01
4.554157839377700467e-01
-1.237683057308224116e-01
-1.483581047340789993e+00
-3.804109597110164054e-01
8.905261851413427410e-01
-1.426567536089744292e+00
1.249744104712015913e+00
9.702378918195687652e-01
-1.325353631221359851e+00
2.408562334904793337e-02
1.273195816194721552e-01
-5.209227923597548049e-01
-3.014319182824143906e-01
-7.622270117350398166e-01
-1.705286500496920876e-01
6.561491093649631789e-01
-2.950692291134735523e-01
1.871929059479963270e-02
-1.594645154149355593e-01
-4.170379337766561556e-01
-3.549785731034774683e-01
-1.521248652769243426e-01
-3.129881492118776753e-01
-6.442437655713125766e-01
-1.158152963331333801e-01
-5.527983265567077975e-01
2.653385318731599440e+00
-5.451924562214963688e-01
4.924113118393653732e-01
2.275067808725301788e-01
8.125080372461496170e-01
-7.913112313129713193e-01
7.695259287252544933e-01
-1.006433629976932059e-01
1.613970417504399235e-01
-3.450802093538253845e-01
6.780159305300799133e-01
-6.939537054735839261e-01
-9.254376748126913466e-01
-2.908499380157798520e-01
-2.271657322618379216e-01
1.181816467607090360e+00
-1.312521061502072983e-01
2.028364814830635743e-01
9.619370089880275865e-01
-4.325268894460737590e-01
3.052521675280226443e-01
2.767416126526675568e-01
3.487637683310052528e-01
-1.616800283555949735e-01
5.263458233822320143e-01
2.840508002303047674e-01
-6.818938061266570649e-01
-8.905221474989920560e-01
1.506083121441157635e+00
1.160191731900487966e+00
-1.392753969951380455e+00
-3.260968437030765665e-01
-7.757670495770740970e-02
-5.281914005025818010e-02
-2.089024956546564893e-01
8.714977692537230203e-01
1.382439006066517040e+00
3.414895566694134410e-01
6.342133111862809924e-01
2.987315893489743690e-01
2.485415952479448354e-01
3.821450479235355413e-01
-1.911989465822248047e-01
4.816369782724707060e-01
-4.107329569708444983e-01
-4.147669867219884732e-01
3.805507494116613376e-01
8.130453203734925305e-01
1.015347921400077347e+00
-9.325000386830862853e-01
-3.713809157808962147e-01
-1.345458512649925220e+00
-3.155363528327427280e-01
3.182356232801384355e-01
-6.826726593554029998e-01
3.820306866969643833e-01
9.221681715277387781e-01
9.572519274289075231e-01
1.216360015412183415e+00
1.438027408964108078e+00
-4.236368280918482825e-03
-4.640417778739869270e-01
3.668186737049506929e-01
1.882322722612839172e-01
4.743948437372811355e-01
-1.009124810732886686e-02
4.570002305212560456e-01
3.248295258090047599e-01
1.362864616552838193e+00
-5.617490361402868171e-01
1.390138572672448003e+00
-9.750796657424112279e-01
1.632986651080842733e-01
7.246272401229706395e-01
-1.177591899281508203e+00
1.377839757282006472e+00
2.160843691987167636e-01
3.939208074941770166e-01
-2.107269308787654560e-01
-3.066058530403397153e-01
-8.026284794759624974e-01
-5.251900895307201056e-01
5.982032212960214368e-01
4.089606439473723043e-01
-3.356746946061016090e-01
-4.783410742859786069e-01
1.207746132514117693e-01
9.672929128434894219e-02
-9.769607902085638562e-01
6.140754563444514869e-01
-9.324134620009872920e-01
-5.854157043578958053e-01
-1.520002363321643957e+00
1.564477769334159829e+00
8.024557161197002353e-01
5.693427175071927859e-01
-9.964213280698258624e-01
-6.559126143417622901e-01
1.495174710125698192e-01
-1.429275378225841386e+00
6.210418066583952568e-01
5.860965089159464458e-01
-6.595417122398077314e-01
-9.792586206734429366e-01
6.674011300403609459e-01
4.847552673491028474e-01
-2.977997626018155763e+00
4.542712344628520582e-01
1.083919835831689271e+00
-5.714010042844569481e-01
8.867838945916661775e-01
-1.695343341195734987e-01
3.872537259076156563e-02
-1.310556814987924978e+00
-2.175916924677050446e-01
1.178012961488501542e+00
-3.559903517533136719e-01
1.312062627646660928e+00
3.157404668349858001e-01
1.443490275271562817e+00
1.856574725050895713e-01
-9.131317732453451130e-01
-1.998155394872141777e+00
-1.372205557442874868e+00
-1.663549197826241777e+00
-5.311041821245437999e-01
1.199486602470492658e+00
-7.709722439829891361e-01
7.465969618890982984e-02
-2.558178184758648221e-01
-1.501722127831869175e-02
2.215235741934902247e-01
-4.051582781233303843e-01
-1.198286423969392306e-01
9.075925978408814210e-01
-1.035892386165669476e+00
1.729553208308130252e-01
-9.775325758869113368e-01
-3.921799351022347002e-01
-7.553680607948121128e-01
-9.215008975741544039e-02
6.719439295013061031e-01
-4.131507040679330833e-01
4.197229869584911954e-01
-1.878319744863446439e-01
4.535291442728448530e-01
7.447174330667732933e-01
-9.868997385430110236e-02
-2.535620270823131239e+00
1.065198094864176603e+00
2.754362474385116388e-01
-8.875700146108363997e-01
1.316038976547263761e+00
2.851350776499457229e+00
1.353177513087014949e-01
-1.173016582131561625e-01
-1.925672041229495424e+00
-1.476327255293041485e-01
3.411970498070386326e-01
-4.952329668549732555e-01
2.953941110466024034e-01
-4.284819213744631150e-01
8.078197647713661889e-01
-8.655971017739762241e-02
-7.278176591425103981e-01
2.858628331343106566e-01
1.411484299488295902e+00
7.532278939069610990e-01
-3.751461735873626857e-01
-1.272899189081192622e-03
5.572884500576115174e-01
-1.265033204877078488e+00
-8.113723338114380013e-02
-3.487415362770260874e-01
7.691193917399170854e-02
4.620165779296462327e-01
-4.063859151878429499e-01
1.804320641959575311e-01
-1.401719963299330018e+00
-2.694339516357881603e+00
-1.276496035019390130e+00
2.155741028155836680e+00
-3.301423459490321344e-01
1.202486838867106167e+00
5.626298001221611278e-01
-3.613936323792960592e-01
-7.558633797317164671e-01
8.120024916520052205e-02
-1.539070542341730130e+00
-6.061710338857477509e-02
6.632575364584184507e-01
-1.186824329178548743e+00
-2.101839004010245260e-01
3.180295665036132480e-01
-3.176080115944895699e+00
2.279645294431670521e+00
1.186030590459896672e+00
7.467649730321763712e-01
6.455156272414924734e-01
7.619535486348079090e-01
3.447904957376183299e-01
2.848573386738299185e+00
-1.224770269886010787e+00
2.206869919414472525e-01
9.957919419103534731e-01
5.889934501054512328e-01
5.711152503870157160e-01
-4.126914481283519565e-01
-4.853928643092322859e-01
3.902409807257734009e-01
2.290687911096224438e-01
-7.386820945703682639e-01
-4.531269104317906526e-01
1.216756646158390298e+00
-1.460727031285030120e-01
3.451032573159086292e-01
-1.102136111514377959e+00
1.219044322408815662e+00
1.188682301388961138e+00
1.109414306533413885e+00
6.210884879024113348e-01
-1.499936697472610547e-01
-4.379621187088814094e-01
1.056323653367049031e+00
-1.074863490981886743e-01
1.031139866577758246e+00
5.778281208257467494e-01
-1.185949190821007464e-02
8.058209082083096497e-01
1.082410114628382214e+00
1.409888888631984430e-02
1.049777168228606949e-01
-4.410691284969756598e-01
6.286916078669246843e-02
-5.074316275590013969e-01
2.328439482183445541e+00
-1.978526340646538373e-01
1.646761043813334546e-01
-1.086286589136236769e+00
6.885452492956523063e-01
2.747774328714951975e-01
9.428469950359522622e-01
-1.846053641831547409e+00
1.134782925561691247e+00
6.633099651248198780e-01
3.242154147812918441e-01
4.243229208931131313e-01
1.320728733783670839e+00
-1.647935874770808384e+00
-6.751319027655663385e-01
-2.166589760825534949e-01
4.851213467465143592e-01
-2.313232607735608570e-01
-2.529933418750960894e-01
-1.821919998628982185e-01
5.984713155199730128e-01
9.671625971030121116e-01
-4.438337829247070432e-01
6.274883548864919058e-01
1.590486047215414533e+00
-5.399800529948374228e-01
-7.768712595533443233e-02
4.639160015724206887e-01
-8.735421729453674011e-01
-8.103127303419360716e-01
-4.361759032253332835e-01
5.940226099369655399e-01
-5.256881250090651436e-01
-1.319720639338010759e+00
-3.660279364407652003e-01
