1.456977567243599658e+01
1.525634148157633874e+01
1.840586341265722581e+01
1.410302250377118227e+01
1.829987958714091079e+01
1.503944656036079763e+01
1.447730222193329297e+01
1.539850994767472514e+01
1.402308260072373969e+01
1.466183878314377687e+01
1.502144180761782444e+01
1.525634148157633874e+01
1.454483342510516408e+01
1.523246965286093335e+01
1.505690910270528171e+01
1.496643235550014417e+01
1.494478076293643731e+01
1.391032198056053737e+01
1.500695203481271633e+01
1.187445355462902441e+01
1.434999908886122810e+01
1.391032198056053737e+01
1.831901314350868404e+01
1.462561799986568545e+01
1.531702942856590788e+01
1.489235826902877946e+01
1.473054809467839554e+01
1.834700749381585183e+01
1.479226796102721231e+01
1.840586341265722581e+01
1.158488457177756459e+01
1.491039130866430895e+01
1.503944656036079763e+01
1.819310922381933793e+01
1.821210545268188241e+01
1.502144180761782444e+01
1.500695203481271633e+01
1.847457272419184093e+01
1.849433115371734715e+01
1.505813341644073233e+01
1.438314368969551538e+01
1.484168199712969205e+01
1.187445355462902441e+01
1.840586341265722581e+01
1.503294256614290703e+01
1.503856952514396816e+01
1.847457272419184093e+01
1.491039130866430895e+01
1.494805828415458215e+01
1.473054809467839554e+01
1.503944656036079763e+01
1.484168199712969205e+01
1.462147379196648700e+01
1.828877770256569590e+01
1.494805828415458215e+01
1.447730222193329297e+01
1.471769078545366405e+01
1.540113720419308940e+01
1.531702942856590788e+01
1.544648322421753583e+01
1.490665402454668076e+01
1.468456391252333049e+01
1.506394896088835900e+01
1.469432731140030235e+01
1.392388516597173975e+01
1.481425151160207143e+01
1.545854588161575371e+01
1.399787865021121824e+01
1.532505079311095564e+01
1.402308260072373969e+01
1.466183878314377687e+01
1.493824272327809943e+01
1.558726810753325509e+01
1.531746010555339410e+01
1.545818932381740574e+01
1.602397389108252312e+01
1.841571680535047051e+01
1.530057101389533614e+01
1.392388516597173975e+01
1.459033398571126838e+01
1.531702942856590788e+01
1.557306917967776627e+01
1.483100959183371259e+01
1.395116524558688909e+01
1.386735183121202653e+01
1.829987958714091079e+01
1.834700749381585183e+01
1.353677186567182034e+01
1.820524001932251679e+01
1.417544906109581149e+01
1.828877770256569590e+01
1.234052083150719170e+01
1.592880466513950033e+01
1.437445747572376220e+01
1.583034854051900986e+01
1.543820004204445162e+01
1.466183878314377687e+01
1.503944656036079763e+01
1.457024227331500121e+01
1.548022764384301020e+01
1.484168199712969205e+01
1.230246062618780556e+01
1.450758165372831598e+01
1.477440768545297445e+01
1.558719328008557525e+01
1.854564997011365435e+01
1.500695203481271633e+01
1.419766873837537524e+01
1.513235026990031074e+01
1.503944656036079763e+01
1.819310922381933793e+01
1.489801188715571989e+01
1.474960921154171345e+01
1.532097732515611810e+01
1.484168199712969205e+01
1.851415971050120390e+01
1.491545534868476963e+01
1.402308260072373969e+01
1.415202926479622825e+01
1.541108718550758816e+01
1.462289807165486089e+01
1.853405853392491309e+01
1.453784757146774886e+01
1.504139533849726895e+01
1.479986537231089372e+01
1.386360936681326095e+01
1.212057852479716047e+01
1.529993336711039120e+01
1.484168199712969205e+01
1.847457272419184093e+01
1.434961359350469579e+01
1.510082756398937143e+01
1.456403918574098455e+01
1.503944656036079763e+01
1.441870840039584500e+01
1.444769186253222237e+01
1.503944656036079763e+01
1.531702942856590788e+01
1.516601514289569508e+01
1.493824272327809943e+01
1.572217325313560821e+01
1.643107237842774637e+01
1.415691307029405088e+01
1.472486332518448116e+01
1.523493243425300925e+01
1.849433115371734715e+01
1.536949073050983294e+01
1.485983825947996451e+01
1.394334965381720792e+01
1.409179191225835837e+01
1.526075974493962306e+01
1.521414233082847112e+01
1.559994162614650826e+01
1.824289076117177544e+01
1.432475586327720940e+01
1.187265330501764993e+01
1.200041000667376068e+01
1.500487936916094789e+01
1.440731640051672713e+01
1.491039130866430895e+01
1.510815587189541453e+01
1.457818163430632374e+01
1.848531845183536149e+01
1.502144180761782444e+01
1.521414233082847112e+01
1.843526568938990451e+01
1.543208657428377961e+01
1.393606114274664520e+01
1.417544906109581149e+01
1.426321948949374629e+01
1.217800235730451419e+01
1.838617497100857889e+01
1.491039130866430895e+01
1.481831852307633035e+01
1.490566571096564807e+01
1.217800235730451419e+01
1.553001040785819775e+01
1.534876196119471992e+01
1.843526568938990451e+01
1.849433115371734715e+01
1.825030383197406891e+01
1.489157370673127545e+01
1.833821557270131919e+01
1.502144180761782444e+01
1.509015111915244312e+01
1.421497736649159904e+01
1.448434752677821535e+01
1.230246062618780556e+01
1.826181853535395661e+01
1.449116017632922926e+01
1.449794268334119351e+01
1.474960921154171345e+01
1.564449531062355447e+01
1.491545534868476963e+01
1.429845965311858258e+01
1.857406753821788925e+01
1.200622651877599623e+01
1.536949073050983294e+01
1.459033398571126838e+01
1.474960921154171345e+01
1.569867127979203048e+01
1.861435928164826947e+01
1.508077374818187266e+01
1.456820665433399142e+01
1.488365842422025409e+01
1.521392028086713921e+01
1.460655688300236754e+01
1.474960921154171345e+01
1.531702942856590788e+01
1.503944656036079763e+01
1.459478961112578332e+01
1.514543301929385244e+01
1.545250159450120009e+01
1.391032198056053737e+01
1.838617497100857889e+01
1.206911931820837935e+01
1.500695203481271633e+01
1.580125830349145488e+01
1.844545039896658523e+01
1.491197934937563474e+01
1.417544906109581149e+01
1.480993514199695582e+01
1.166071484158053906e+01
1.565228529228062726e+01
1.474960921154171345e+01
1.431943214875749248e+01
1.500695203481271633e+01
1.158488457177756459e+01
1.502144180761782444e+01
1.510815587189541453e+01
1.402308260072373969e+01
1.428090428197007888e+01
1.481831852307633035e+01
1.481831852307633035e+01
1.536008956010191362e+01
1.489952709679583087e+01
1.485842757659937696e+01
1.503944656036079763e+01
1.524832011703128920e+01
1.438314368969551538e+01
1.456384613536631178e+01
1.520105958143492764e+01
1.393606114274664520e+01
1.506688866387812986e+01
1.212057852479716047e+01
1.521414233082847112e+01
1.851415971050120390e+01
1.484168199712969205e+01
1.514543301929385244e+01
1.513654005367753008e+01
1.503944656036079763e+01
1.478492576777785317e+01
1.393606114274664520e+01
1.402308260072373969e+01
1.822403130228846280e+01
1.235660876528597640e+01
1.416410765978026554e+01
1.825030383197406891e+01
1.601870166521012706e+01
1.419282501862004686e+01
1.819310922381933793e+01
1.544102064024193588e+01
1.514543301929385244e+01
1.484973053473076554e+01
1.379451455992211351e+01
1.547481725695274513e+01
1.849433115371734715e+01
1.837682760708717566e+01
1.491600301458883493e+01
1.857406753821788925e+01
1.471168973269351987e+01
1.474960921154171345e+01
1.826181853535395661e+01
1.479487043012566794e+01
1.417544906109581149e+01
1.551165937931493843e+01
1.453784757146774886e+01
1.498643926545720362e+01
1.503944656036079763e+01
1.835748701410031458e+01
1.476204224397849529e+01
1.516601514289569508e+01
1.469404355345641910e+01
1.483933164191249965e+01
1.422562238182866778e+01
1.453784757146774886e+01
1.206911931820837935e+01
1.531702942856590788e+01
1.665903039586320489e+01
1.509223873851068731e+01
1.187445355462902441e+01
1.530984250520811685e+01
1.524832011703128920e+01
1.841571680535047051e+01
1.193751720724138110e+01
1.449844868739979020e+01
1.372858764444363189e+01
1.832752817950877500e+01
1.433546845479355625e+01
1.484168199712969205e+01
1.515637900714985697e+01
1.452289973416491264e+01
1.524144874064533539e+01
1.843526568938990451e+01
1.458833284351982051e+01
1.472590547987267229e+01
1.448434752677821535e+01
1.484168199712969205e+01
1.469061741190888704e+01
1.206140576022296784e+01
1.853405853392491309e+01
1.503325809008957847e+01
1.489801188715571989e+01
1.474960921154171345e+01
1.647940238997453122e+01
1.491545534868476963e+01
1.502008633085375600e+01
1.217800235730451419e+01
1.488296082313668833e+01
1.469432731140030235e+01
1.481831852307633035e+01
1.484168199712969205e+01
1.556037176753760143e+01
1.438314368969551538e+01
1.428658296354710799e+01
1.402803805312020025e+01
1.386735183121202653e+01
1.519396636761719144e+01
1.393606114274664520e+01
1.493824272327809943e+01
1.491039130866430895e+01
1.394334965381720792e+01
1.488296082313668833e+01
1.502144180761782444e+01
1.502499303280210441e+01
1.212057852479716047e+01
1.532505079311095564e+01
1.503325809008957847e+01
1.438314368969551538e+01
1.481425151160207143e+01
1.497410511414226875e+01
1.811780746135782394e+01
1.460655688300236754e+01
1.484168199712969205e+01
1.835748701410031458e+01
1.851415971050120390e+01
1.187265330501764993e+01
1.471769078545366405e+01
1.403431319223656537e+01
1.509015111915244312e+01
1.391032198056053737e+01
1.527534615854935574e+01
1.557837218717708794e+01
1.442245086479461058e+01
1.570263110401790563e+01
1.428090428197007888e+01
1.567095124312560728e+01
1.843526568938990451e+01
1.401205896535182305e+01
1.449844868739979020e+01
1.806204454746780996e+01
1.206911931820837935e+01
1.466183878314377687e+01
1.826950626116670406e+01
1.397903129209515427e+01
1.475236887353386628e+01
1.446537911302899637e+01
1.444316678725837910e+01
1.820524001932251679e+01
1.467523334438398841e+01
1.422600787718520010e+01
1.520105958143492764e+01
1.484168199712969205e+01
1.491545534868476963e+01
1.422709322266381449e+01
1.552938547689265469e+01
1.568608288596884037e+01
1.514543301929385244e+01
1.419282501862004686e+01
1.840586341265722581e+01
1.519553223274481013e+01
1.503944656036079763e+01
1.224671166883913287e+01
1.534281939530356276e+01
1.453784757146774886e+01
1.524832011703128920e+01
1.513235026990031074e+01
1.428090428197007888e+01
1.493824272327809943e+01
1.848531845183536149e+01
1.370231618513779104e+01
1.493987227813861551e+01
1.453784757146774886e+01
1.503944656036079763e+01
1.542194742602369928e+01
1.468456391252333049e+01
1.837682760708717566e+01
1.474960921154171345e+01
1.553285555604955448e+01
1.840586341265722581e+01
1.462916216187780805e+01
1.837682760708717566e+01
1.514543301929385244e+01
1.544922759877110607e+01
1.826181853535395661e+01
1.464689094584094065e+01
1.813075385900242864e+01
1.428658296354710799e+01
1.408565750278927808e+01
1.836655637785528938e+01
1.520105958143492764e+01
1.513235026990031074e+01
1.489246886778691525e+01
1.492971287466638408e+01
1.521414233082847112e+01
1.826950626116670406e+01
1.509546218001487539e+01
1.854564997011365435e+01
1.510815587189541453e+01
1.543820004204445162e+01
1.566380489271525533e+01
1.444316678725837910e+01
1.853405853392491309e+01
1.180574424309440928e+01
1.833821557270131919e+01
1.838617497100857889e+01
1.556219125372047962e+01
1.513559797541274676e+01
1.831901314350868404e+01
1.578769046201308690e+01
1.535874991231460562e+01
1.240923014304181038e+01
1.448434752677821535e+01
1.502144180761782444e+01
1.540236201692911067e+01
1.484464700725108166e+01
