5.980833268044170176e-02
7.157771831232679904e-01
-9.638431290754440051e-01
-1.134938385833523355e+00
-1.268369475830432025e+00
-1.303638934300688001e+00
1.138594485454669236e+00
-1.013192884846440212e+00
4.847650548348291788e-01
1.105509130110512217e+00
2.450089103813200136e-02
-1.066672385351002506e+00
1.130731319720076566e+00
7.843397883470730747e-01
-1.111505673440142949e+00
1.699185550169990400e+00
8.206927447711867551e-02
1.680041232359033243e+00
-2.408341428988369781e-01
-6.952657020750040440e-01
-2.436276758627906880e-01
2.948572346716534232e-01
1.370374286603816660e+00
1.454558210475546787e+00
3.252709903763475463e-01
-1.516449286283260811e+00
-7.171677218175976920e-01
-3.018817473741253754e-01
6.187556470617016080e-01
-9.638431290754440051e-01
-2.311315286477614306e-01
-1.504390071063145706e+00
5.027296700384434880e-01
-8.283469565569284709e-01
4.109916573170335208e-01
-1.787251687655857374e-02
7.230461445426867861e-01
-8.801473399457840907e-01
-2.846270073433956882e-01
8.543654751105028700e-01
3.395365918976201991e-01
-4.156019064704257193e-01
-9.711901473106008265e-01
2.875935605977295584e-01
1.013166959077616974e-01
-4.174488835210127258e-01
1.458991662392991717e+00
4.388078599316473372e-01
2.135723820862107658e+00
1.475024669804779476e-01
-1.883438706226484571e+00
4.310189757368362851e-01
1.449085097798883615e+00
-1.179837731921984822e+00
-3.219445170162676395e-01
-1.837506032559383495e+00
2.073659023430845405e+00
-7.972735927892375951e-01
8.353220340535328914e-01
-1.117376166331833343e+00
9.624395183109331064e-01
1.209829240456990584e+00
6.981795895177859146e-01
-6.131556826534757115e-02
1.357853233056836029e+00
-1.856605968340669655e-01
8.068169600297989685e-01
-9.942292322599828314e-01
-1.604519354372459239e-01
4.242744189906705321e-01
1.552976115055500372e+00
1.330474847116316583e+00
-1.971184123150068190e+00
4.935630709441738428e-01
1.991266199307366869e-01
-2.872665620423930921e-02
1.734524821355986068e+00
8.111776327810261977e-02
4.431179921883213885e-02
1.461688888966035327e+00
1.287794416772560346e+00
-1.482044266611265426e-01
5.248298221051217460e-01
-8.585052199990701460e-01
1.160152583456011355e+00
-2.121235014889637061e+00
-2.461716603875774290e+00
-5.670067262016780657e-02
1.304577508566031607e+00
1.097448170026717351e+00
7.117244256274410930e-01
1.319277872399979290e-01
-6.484296582620056038e-01
-8.919671806739943865e-01
-1.593624792877183505e-01
-1.044886704072959915e+00
8.397116018769396062e-01
-1.433455113606532549e+00
3.277515141664517073e-01
4.171509236329385972e-01
-1.964125114645590142e-01
-4.379263803917669562e-01
-1.012563687929324718e+00
1.046896049380459548e+00
6.364030755553379270e-01
7.518453064720248546e-01
6.774440852257695989e-02
-1.037583371338075301e-02
-1.163057527295275451e+00
-5.255281608197560211e-02
2.919941287492497928e+00
-1.498747397021180872e+00
-4.068366703007358365e-01
-9.752546749366740597e-01
-1.286734080976016159e+00
2.563283626308356794e-02
1.010269915980561706e+00
-7.007504142880005560e-01
6.044229083398453550e-01
-3.415340819570695380e-03
-3.969595944689576772e-01
-5.987546189410826447e-02
1.066067556573573549e+00
-1.248572543194688134e-01
8.523804677408046704e-01
-1.418783923054678375e-01
1.326513195060569084e-01
-3.180927967297018655e-01
-1.868489649538398190e-01
6.340211382902390946e-01
7.591625876131170569e-01
2.411619104497062793e-01
8.621182696739319029e-01
-1.104782375014882745e-01
-9.741283840760708301e-01
-9.395624249209083567e-01
7.985992936440223788e-01
6.374223678605706045e-01
-2.805636774448385662e+00
-1.385454022395701923e+00
2.034785498366549206e+00
-1.669522742264097248e+00
-1.823466081063305433e+00
-1.474080376221149624e-01
-5.721178680054568588e-02
-1.392209307869707979e+00
-1.621324728426742912e+00
6.548769681277407662e-01
3.888090006778426727e-02
1.279528764518838901e+00
1.188935374673099288e+00
-1.098883061854833976e+00
-5.576446847340468249e-01
-1.561191661788236207e+00
-1.716388025033577902e+00
2.969314600930614834e-01
5.139897269363672416e-01
7.253991565901578287e-02
-1.063346947101840412e+00
-7.318415739198926850e-01
3.050469638024129737e-01
6.614608361726168617e-01
-3.992522065513299800e+00
-8.771359095935139516e-01
-2.794331455256058305e-01
-1.683708950892904177e+00
1.027407093312451059e+00
3.683655196359839068e-01
-5.307455211279671348e-01
6.362934522041477914e-01
-3.791090226581998457e-01
7.401002072996638870e-02
6.248512940467025878e-01
9.060257283638889492e-01
-9.452016951339938799e-01
-7.115112976106843234e-01
-1.513465160690913969e+00
1.067486560941683038e+00
1.158081695508801356e+00
-2.667806725577848148e+00
7.971847890177797824e-01
-1.493329314187785695e+00
9.044069437493678087e-01
-1.288239012961158281e+00
-2.028543527560737192e-01
4.730050217724718342e-01
-6.756268396709602664e-01
3.810417422571244495e-01
1.594487834911505031e+00
-1.468347755365034146e+00
-8.879583527861162340e-01
-4.730756842397297879e-01
3.141499049762982443e-01
1.956655896658103244e-01
-1.942217722482158238e-01
-1.455497667620422542e+00
9.457837544051159173e-02
3.294482096344367172e-01
3.515355560038075367e-01
9.466720336785586776e-01
1.189009318058137643e-01
-3.283058124788019727e-01
-9.526879091250015641e-01
5.997060314978197582e-01
-4.554928809523656752e-01
1.385640134371124432e+00
9.061062243522375326e-01
3.987233787655194983e-01
1.839003072150054097e+00
-2.355250739116801842e-02
8.689783931549209806e-01
1.346825041809423563e-02
8.187569623723816026e-01
-3.853711311688078900e-01
-9.894080256980616328e-01
5.499832704956727353e-02
-1.933167342365707531e-02
9.003358407628558879e-01
-1.492059451255651314e+00
-6.274180330518823734e-01
9.779357121676782727e-01
-1.101683037168202262e+00
2.591451855811828797e-01
-1.000804676454748465e+00
-4.485766514999312005e-02
3.803435515778578191e-01
1.310374161309416197e+00
5.131614680742145607e-02
-3.903178148821816185e-02
6.689807117687294191e-01
5.133326638166728628e-01
9.653856716479497502e-01
-2.203023954817053265e-01
-1.419447470469159311e+00
-9.963714130327193663e-01
4.266715018333589460e-01
-1.271922250352801820e+00
-1.297644222967693495e-01
2.173688843553564620e+00
2.684625074322415927e-01
-1.430495499540677777e-02
1.902698880854465591e+00
2.177672926675361942e-01
8.305795134077558206e-01
-9.005380897436801035e-01
1.148764531328899663e+00
-5.902302968866056654e-01
-1.881065539904076767e+00
-8.966507644542121014e-01
-1.171194957291578298e+00
9.773136070049123214e-01
-1.409485228642556764e+00
3.015893862596045194e-01
2.270902808715864751e-01
2.037763468839744185e-01
2.576048017804148937e-01
6.933870499783303387e-01
-3.842848953782640464e+00
2.907998865085666407e-01
-4.979147196145146115e-01
-8.664507766236269060e-01
-8.760196297337435878e-01
6.111011387056073385e-01
-1.044037014426247190e+00
3.930915122650085469e-01
2.339671864078004537e-01
6.479679186259384993e-02
-1.770296710747634450e-01
3.318420611981444113e-01
1.207938498825006812e+00
6.977316602317099603e-01
-5.443518472304086780e-02
-1.751286023485989052e+00
1.333940263418526451e+00
1.757205985960360817e+00
1.262954768934807737e+00
-2.217929120291452505e-01
1.049796404352413282e+00
3.914090381253713335e+00
4.791803376336280507e-01
-1.339393940274666850e+00
-1.836236324080462001e+00
1.070490494766461964e+00
-9.009784640624084462e-01
-4.120353718784554586e-01
6.412144083653430471e-01
4.715726408628447830e-01
1.310238488489068986e+00
-1.266693167718366597e+00
7.354774841339267732e-01
-4.002149427113557145e-01
-1.193327572602479680e+00
-1.134727196541645444e+00
8.169813007397032367e-02
-1.994593557868892808e-01
5.005424272657377216e-01
-8.499801656713816822e-01
-6.583663900892150478e-01
-6.863265054308724800e-01
9.611931740688115511e-01
2.500285227666882548e+00
5.383689926319942254e-01
-6.159093317863928441e-01
-1.726816657546370370e+00
1.090782561194502120e-01
-5.091492869117196785e-01
-1.186054346948974131e-01
8.206409607122970573e-02
-5.490140996076098290e-01
-2.923067271456306071e-01
-1.172260943383493625e+00
-2.124781181405692720e-01
1.474428249413434200e-01
1.946675972317803316e+00
-9.187208804316788768e-01
-6.067576472447393510e-01
-6.648841608677313886e-02
-2.643846768555669913e-01
-8.213443941986680041e-01
2.189643948476160062e+00
-9.751792874424829449e-01
1.169548427236905219e+00
-1.884662633735892934e+00
5.562824169690470076e-03
-3.301510202017221562e-01
-1.560897172213318584e-01
7.334188829323011749e-01
-7.768573498945283151e-02
1.345345707700418003e-01
3.128181353139217191e-01
-2.857769529367667483e-01
2.359443610305808903e-01
1.247720621710017630e+00
3.947955633644488205e-01
-1.263751879273983525e-01
5.971965917715009731e-01
1.338097735105258090e+00
-1.095416915720129614e-01
6.278815299768226721e-01
-1.577946574248583478e-01
-3.062803468087586523e-01
8.206097708456527862e-01
-3.556167586624919830e-01
-1.286734080976016159e+00
-4.645465743521994817e-01
-1.911993850617557555e+00
-3.478135335125436267e-01
-4.934268679531787494e-01
-9.922154941924756777e-01
1.648031884318843232e-01
-4.856240050986730949e-01
9.886249811997004366e-01
1.452628191623801523e+00
4.150966925640747762e-02
-2.216068720697199623e+00
-5.055675622678220543e-02
3.235823213091442718e-01
-6.304365385888203166e-01
-3.343956405059157477e-01
-1.156668819443180674e+00
-1.035438813777913358e+00
4.548538832674461352e-01
-1.185876894262845260e+00
-8.515651798968535413e-01
7.883893927138644342e-01
-6.395456086920561223e-01
-7.804765679540270895e-01
5.836652769281381881e-01
-1.580320844489140120e+00
-1.234474825369791251e+00
-2.289651089337242929e-01
-6.003186710882538885e-02
3.337255746824979163e-01
2.597703367017535625e-02
1.652429347392658787e+00
-7.294953101581391763e-01
1.444183839392313984e-01
-5.547315696626456960e-01
4.631978717085278863e-01
2.784445114973982172e+00
7.899679320651024073e-01
7.194575837583320199e-01
-1.548984374647949247e-01
-2.800957321538218303e-01
-3.797376497250175564e-01
-4.468908945094172136e-01
1.618157311304909696e-01
1.862214058181042575e-01
-4.192040555283120806e-01
-1.039854788932102370e+00
8.540418223717087809e-01
-9.816408895532714451e-01
-8.135039742832158582e-01
8.299625319800310597e-02
-2.907811037117248587e-02
-3.502299355147685533e-01
-6.190016131845452740e-01
4.570160727369702580e-01
-5.379123900596656238e-01
-2.544650879951240730e-01
-1.805026317794697022e+00
-2.109996738404714023e+00
-1.222366147897367000e-01
3.043613205739011951e-01
-4.295224697550372173e-01
-5.095379043988021994e-01
1.414148604650458774e+00
-1.114424053569056605e+00
-6.574913152262985561e-01
-6.703715903338089976e-01
-5.369403194532084145e-01
1.336035690144179666e+00
8.194199964503796618e-01
8.426214463019514600e-01
3.437747135412147492e-01
1.540816868628545722e+00
-1.126861054773083959e+00
-7.972810123172454633e-01
1.337605576307889566e+00
-3.148108853586880640e-01
-8.220355875330749296e-01
-1.290115462774302224e-02
5.758173683491000228e-01
-1.750848009146359907e-01
4.243464411443658157e-01
-7.662737091598095240e-01
-1.322728219852955522e+00
1.210888626467322426e+00
1.294252434187237011e+00
1.702810916225448723e-01
-3.203418034587913743e-01
-4.808955746403055787e-01
1.740823772567806904e-01
-1.107224398343588101e+00
-1.282270307221469841e+00
6.911550013722599362e-01
