3.036634379468648448e-01
3.964854517622702912e-01
1.765682679639815622e-01
-8.049156217737980512e-01
-2.310773454415116390e+00
-1.164202918328932412e+00
-6.137120486853325785e-02
5.914526180170297520e-01
4.536771501675148643e-01
-9.513201060162690403e-01
-8.925169106536210428e-01
-6.520401386243265263e-01
1.211206685080693735e+00
6.335389163363998044e-01
-4.741492155838238354e-01
2.514307365146972173e-01
-5.971037529225235729e-02
2.865962316679225630e+00
-1.040640475186809688e+00
-1.024258682839652712e+00
-9.454087750444681859e-01
-1.352228343008999412e+00
2.736028377967816838e-01
7.147580257989561980e-01
9.185196207484500608e-01
-7.956926055112319984e-01
6.874061681270355884e-01
8.087993530889850957e-01
6.472798243728934420e-01
2.078172278108923396e-02
-6.773902230454503792e-01
-1.442034766366765641e+00
3.093688468294960026e-01
1.183487511445783513e-01
7.368755644158888618e-01
-4.131219706269708691e-01
1.723013898402796507e+00
1.248172004063372448e-01
-1.254108116812466145e+00
2.267298775960840285e+00
-3.871247140590062807e-01
-6.207992128005986876e-01
-1.259648406454616731e+00
6.485183190983939694e-01
-5.519943540777547675e-01
3.876964556624810099e-01
1.541022080787026516e+00
5.296917878220105402e-01
-4.764885401780217383e-02
-1.558332629863050434e+00
-2.632284645187448646e+00
1.329455921151777353e+00
-1.001199865515510767e-01
-2.272871269920926363e+00
3.299179340770883595e-01
-1.490489281657890297e+00
3.551752877758462823e+00
-3.292125995471411604e-01
3.759519856069943322e-01
-1.416562140123794000e+00
9.168359852452714343e-01
8.095623557509945556e-01
8.258465982968441477e-01
-4.241748224228855668e-01
2.025813965261626048e+00
-2.573558478020153764e-02
8.255278982176580405e-01
2.254740256036883439e-01
-1.783344756673692355e-01
6.912879953690262980e-01
1.601184104269868513e-01
4.431887269011026698e-01
-1.535807960446414766e+00
1.540052816389619883e-01
-4.433580231802265459e-01
8.538599575108269946e-01
-6.656044770898386087e-01
4.160310938475121900e-01
1.606695809248409823e+00
1.106090928433685949e+00
8.426620402518499864e-01
1.194362628796132864e+00
-3.902017963678494072e-01
-3.438493163507672090e-01
9.926200670647576940e-01
-1.789521997237862205e+00
-1.746110595207440941e+00
-1.127700907510441830e+00
4.406649729164260898e-01
7.453345909156189331e-01
4.002517135578485541e-01
4.245872194901681440e-01
-9.506693390774086094e-02
-4.131109830973868635e-01
-1.409993644262559354e-01
-1.042226465830383475e+00
1.001601326635026101e+00
-2.429518192943383448e-02
1.019721252748607920e+00
-1.398233822966469697e+00
-2.198086070922197766e-01
-3.576805119208219530e-01
2.690849544448963848e-01
8.727127758160413418e-01
4.747778589782089553e-01
4.913747225832186261e-01
-8.796405687466382628e-02
-2.508049081230689370e-01
-2.844716502928525403e-01
-1.554936921956521001e+00
4.664992735306541793e-01
-1.589854238989477864e+00
-1.488941452672820909e-01
4.066950950922597618e-01
-3.285706321923300699e-01
-3.501903245886269223e-01
1.530070883413466198e+00
-6.822282316887973153e-01
8.195864237012568942e-01
-1.778567584909137023e-01
-3.947367098682649234e-01
-3.048773428380142092e-01
1.154737661679610561e+00
5.051746541994767137e-01
-1.778993354478619615e-02
-5.473059758057391422e-01
-1.047201483083704532e-01
5.184593587865235498e-02
1.576883929655239047e+00
4.675022917383158116e-01
6.225006590926839278e-01
1.066304771723204814e+00
1.742169156105235761e-01
-2.728743365864287340e-01
1.471145410861152969e-01
8.643360527219003941e-01
1.639876408427042076e+00
9.328974968526979605e-01
-3.181140633519004890e+00
1.534497997439247530e-01
6.823777765684347907e-01
6.648515312128036592e-02
-3.232072626996570719e+00
-6.250944391854880156e-01
-5.978537343077143795e-01
-2.398430108809359584e+00
-1.227443217193646241e+00
6.426000354808641957e-01
-1.935115054023116010e-01
5.667697438321288583e-01
-1.084980410165237719e-01
2.945329475109413342e-01
-6.641880982354196883e-01
5.494984259951536387e-01
-1.556479349041623550e+00
2.288330568270504906e-01
-6.251899188897491744e-01
-1.023297112933351793e-01
4.134568892329037459e-01
-1.858840623174864870e+00
6.104482265247569428e-01
3.251876610184586958e-01
-1.120926412398129957e+00
-3.202490855244652934e-01
-1.175168545790048619e-01
4.597645802716120444e-01
-2.816772134389083915e-01
-5.921957684637881858e-01
-2.753784087792421897e-01
-2.450836517447512741e-01
6.635604973415193397e-02
9.921333118545138108e-01
1.836175989611593229e+00
1.362776921869522706e+00
-4.165133677534635925e-01
-1.177871721109573500e+00
-8.005216680859454925e-01
5.751432699573537644e-01
3.321911730584991562e-01
-1.738020737507994573e+00
-1.714666895462891583e-01
-1.267573117247044467e-01
-5.311619794897907143e-01
-7.584166519826764929e-01
-6.969947933207357726e-01
-3.559922933780424459e-01
-9.238333646039904590e-01
6.809900422388749652e-03
1.638589109150517809e+00
5.178073402242653334e-01
2.397361422968188882e-01
-1.255468368588631145e-01
-2.749028250244779925e-01
6.358085725383906261e-01
8.266732990143893511e-01
-1.137168853761872933e+00
-1.887049000652574748e-01
-1.293238616261346563e-01
1.681269985139003387e-01
1.782424783019410430e+00
-6.115284267478111602e-01
-4.973422855143474486e-01
-4.176411513070916182e-01
-1.257152834370308003e+00
5.092248648066539651e-01
7.311578013889248329e-01
-6.404345893098453701e-02
2.299773541838206370e+00
1.824232655518118085e+00
6.343255627746757774e-01
1.093114389877983594e+00
9.990322644408524688e-01
-2.134617897018428190e-01
6.796620725155096965e-01
1.292620219877285703e-01
6.300237036580320638e-01
1.490330899877800042e-01
6.052186567873883011e-02
3.669872734991376784e-01
-7.011567227418272763e-01
3.673007737753935520e-01
9.021479368194426640e-02
2.073670706493214999e-01
-1.651773276236463195e+00
2.608021547162475695e-02
1.379416995644583865e+00
-4.379899861627268298e-01
8.667429468853678209e-02
-9.222787952371066522e-01
9.588654183219088578e-01
4.388472897380848448e-01
1.336112808960177700e+00
7.474696521986632369e-01
-1.933287394802919668e+00
-7.314347427859569928e-01
-6.004540352498949352e-01
-9.035252185778160083e-02
-1.220273191213957720e+00
2.323681393035477161e+00
1.830874212708029636e-01
9.836270140278227103e-01
1.211026010395274355e+00
-6.710831043885508995e-01
6.689399205771704437e-01
-6.627744255903065262e-01
1.308293424074867817e+00
-1.053310905648785045e+00
-3.117932718628111874e-02
8.035335052780755438e-01
-5.297224776916620304e-01
-1.959626188886913312e+00
-5.560860015111721011e-02
3.968557316198751961e-01
-2.216428164529278821e-01
6.043026408809026861e-01
-3.780841712430407092e-02
1.616661755230957287e-01
-1.017467369459075011e+00
-3.339908549716549269e-01
9.085158795962439138e-01
2.183116644149896424e-01
6.339230506058627368e-01
-1.073006227656525119e-01
-9.446267611639647122e-01
-2.525203454198337583e-01
-8.683945045404122265e-01
-2.778096498958378957e-01
-3.965233608132195386e-01
6.716582586659871623e-01
1.620033342769623130e-01
1.629529611959191104e+00
6.878321335319708130e-01
-1.282896685262186809e+00
5.127878003460076828e-01
1.894190397759801359e+00
1.519214088356095838e+00
-9.838316037912335776e-01
4.386839157667365985e-01
1.365572506711063783e+00
-3.249379227919371033e-02
-1.043526007656393029e+00
-8.965799048119720283e-01
4.167725751316513905e-01
-9.742280484070473534e-01
7.498680390075456170e-01
1.462186770719391848e+00
4.113361411102451348e-01
-2.242236168355031811e-01
-1.111217690455683860e+00
1.187112214299120172e+00
-6.522977422665529601e-02
-2.627346852114592068e-01
-2.605599610387673071e+00
5.138927856745707512e-01
-3.865956049738903944e-01
1.087255270414414943e+00
-9.316905479796873391e-02
8.047748225071801320e-01
-4.299728789327605938e-01
2.078382407745642091e+00
-3.894900233168493431e-01
-8.989901043485112320e-01
-9.466784762953774912e-01
-2.636741681266274284e+00
-3.969760679594711017e-01
-6.883957221304269625e-02
6.554551530179439367e-02
1.412909871466548228e+00
6.564329322891064855e-01
-1.811009034186872868e-01
-8.887436970856587015e-01
1.700543701569078081e+00
-2.711934132179661394e-01
2.645692508572829116e+00
-2.405227162028447940e-01
1.156382369876372662e+00
-6.614110003812996297e-01
5.273792598464169812e-01
-1.907207189652827470e-02
1.962842995040340988e+00
1.181112188699668719e+00
7.081027350855818581e-01
-2.862010591178564267e-01
1.395847092709748272e-01
-6.622097025201606479e-01
6.261945968159124964e-01
1.120726997567483618e+00
1.155064079199542570e+00
-1.117806664797397070e-01
1.234497728267148764e+00
8.814071706860617805e-01
-4.252261730326554190e-01
4.486033391028237949e-01
1.667151557220136471e-01
-2.839945890181221899e-01
-1.798350980826177448e-01
1.587626872764477115e+00
4.614596576331577160e-01
9.954158048216236176e-01
-3.897602811199416539e-01
9.094851588846222801e-02
4.831151795313310959e-01
3.227880175773716748e-02
-1.200277859494723771e-02
1.159876865976080973e+00
-1.397276427191601611e+00
-4.534015148305252652e-01
2.691000114709715119e-01
-8.594810619722127454e-01
5.141804020270582948e-02
9.938893841669963480e-01
-4.676475093966863117e-01
7.695313325500237056e-01
-2.286674767349867465e-01
-1.291836180252288857e+00
1.292724177092278381e+00
7.361134291294383347e-01
-5.049249185322104427e-01
-1.223514514960182820e-01
3.633411095090191556e-01
-2.161250950307446406e+00
8.885398744504457991e-02
1.233781854972881842e+00
3.388344505432274723e-01
2.300690603830275738e-01
1.094495094094162790e-01
-2.643360318170236492e-02
1.696099940105241677e+00
-2.528267881408347240e+00
-3.103539481094091598e-02
3.909216051525399860e-01
-8.249673534457628854e-01
2.867069350379042869e-01
3.522274394942213616e-01
1.357127043220487606e+00
-9.480506413410177968e-01
-8.533726873271060831e-02
-3.750274239639821983e-01
1.250867228799445452e-01
3.689322451671650516e-01
5.254687901448817922e-01
1.716988684250760233e+00
-4.123577378278806549e-01
-3.515763600776895537e-01
3.102752452094834079e-01
-1.231561205031466155e+00
-1.158386705065929945e-01
1.791532825446989330e+00
8.454689539306705637e-01
8.136523703403938934e-02
-2.925811945843499462e-01
-1.162789277962426038e+00
6.135154975227421342e-02
-2.745562862076504462e+00
1.868305606435295974e-01
-4.088371135885396912e-01
-2.285632168232533401e-01
-1.724364828426020235e+00
-6.958027828263423364e-01
7.736750040813940472e-03
-1.706606633601321699e+00
-9.489180867477038372e-01
-3.441514107865139560e-01
-1.162163435344474860e-01
-9.389311637193700211e-01
7.944823031475464203e-01
-4.894969822155383066e-02
-1.149550002726247744e+00
-7.352400254021856929e-01
1.011463291263491188e-01
-2.043867334752071385e-01
9.144274866119049827e-01
-1.057149991597492872e-01
1.251886457320175727e-01
2.593176256993413031e-01
1.113411338866312494e+00
-2.425910079792146512e-01
7.127600751623718311e-01
7.290761561334603291e-01
-3.827515508104563091e-01
4.568340603608436190e-01
6.806170656684205067e-01
1.110555068429968317e+00
-2.983296331189302375e-01
9.636062707047710063e-01
-1.246543709669045707e+00
-1.032286655806314402e+00
2.596403029484115610e+00
-1.426166936395380502e-01
-3.660493848515468662e-01
-1.138446211705220340e-01
-4.948927013304930678e-01
6.604866636179966832e-01
-1.855183913688659425e-01
-5.787626596205419638e-01
6.325852304392047820e-01
