2.003151061608023475e+00
1.938070966049612043e+00
1.819877605265727061e+00
2.086003353657417403e+00
1.916714073528312579e+00
1.950220895852555536e+00
1.958406615015059637e+00
2.003831077676067274e+00
2.051436639269023754e+00
1.970044758520029582e+00
1.910378307191001435e+00
1.938070966049612043e+00
1.955349974164993787e+00
2.060328731766224664e+00
2.069621779632247804e+00
2.074226983606694219e+00
2.075310441472631329e+00
1.965264937543226731e+00
2.042517064440373176e+00
2.390381114408723473e+00
1.984867259956716090e+00
1.965264937543226731e+00
1.915610426546254130e+00
1.931673126591428646e+00
1.984268671211478097e+00
2.077904525457257456e+00
2.056828874518754624e+00
1.823258228461321018e+00
2.082746796129429701e+00
1.819877605265727061e+00
2.443819490543950312e+00
2.047650082737784594e+00
1.950220895852555536e+00
1.832127258992550800e+00
1.831030274639010358e+00
1.910378307191001435e+00
2.042517064440373176e+00
1.906661721264452103e+00
1.905528235174753560e+00
1.931245171598786836e+00
2.033021902745649978e+00
1.960865966739059552e+00
2.390381114408723473e+00
1.819877605265727061e+00
2.070853955763850340e+00
1.980218960997713662e+00
1.906661721264452103e+00
2.047650082737784594e+00
1.936678646146459570e+00
2.056828874518754624e+00
1.950220895852555536e+00
1.960865966739059552e+00
2.000764545639389880e+00
1.826609038498490767e+00
1.936678646146459570e+00
1.958406615015059637e+00
1.926911666623593700e+00
1.913148848536342594e+00
1.984268671211478097e+00
2.048490131230017219e+00
2.077201166107202734e+00
2.038930788534472516e+00
2.069258151031116544e+00
2.018457242590153466e+00
2.054659857068734663e+00
1.921778648326182282e+00
2.047810533819567791e+00
1.984862027148497354e+00
2.024855082048337085e+00
2.051436639269023754e+00
1.970044758520029582e+00
1.955732948441648134e+00
2.040496168761555040e+00
1.965086565832060206e+00
1.957155737095165993e+00
1.924311439143708835e+00
1.910042344460045838e+00
2.009078049563756796e+00
2.054659857068734663e+00
2.021621561610469353e+00
1.984268671211478097e+00
1.903548193033674840e+00
1.990758638579897655e+00
1.988556098067974176e+00
2.058818167200810123e+00
1.916714073528312579e+00
1.823258228461321018e+00
2.073850488146783189e+00
1.922182302684145361e+00
2.134117828822756469e+00
1.826609038498490767e+00
2.202179109246594990e+00
1.929897567634145661e+00
1.944011628712963402e+00
1.935659737711176609e+00
1.977268974271776170e+00
1.970044758520029582e+00
1.950220895852555536e+00
1.954204186819736178e+00
1.999361018724960637e+00
1.960865966739059552e+00
2.308986493438176080e+00
1.957032887461954918e+00
2.083596344468239714e+00
1.949772435254697012e+00
1.811873981707814885e+00
2.042517064440373176e+00
1.972071734565270074e+00
1.904116665934146191e+00
1.950220895852555536e+00
1.832127258992550800e+00
2.029132241837648731e+00
1.965627426706894498e+00
1.964890269788377219e+00
1.960865966739059552e+00
1.904391448044881585e+00
1.916266595737089684e+00
2.051436639269023754e+00
1.993827206951185538e+00
1.959826544045032870e+00
2.000698402664883080e+00
1.903251362758082488e+00
1.936090458404563730e+00
2.070420394911661965e+00
2.082384128622602582e+00
2.148940330259442977e+00
2.243730359511801442e+00
1.918660901125435192e+00
1.960865966739059552e+00
1.906661721264452103e+00
2.074793908793435282e+00
2.019329732688772694e+00
2.093330319055926481e+00
1.950220895852555536e+00
2.071651375955441132e+00
1.959758214520586961e+00
1.950220895852555536e+00
1.984268671211478097e+00
1.925741701046884247e+00
1.955732948441648134e+00
1.895046608037532332e+00
1.991171854010284070e+00
1.954055492679244388e+00
1.995900455631654857e+00
2.060195280402001838e+00
1.905528235174753560e+00
1.890484858273051127e+00
2.079493395673717604e+00
2.055254883132431321e+00
2.138220755267748796e+00
1.920759730245958030e+00
2.031116723305192107e+00
1.949038125185563297e+00
1.920005023705688929e+00
1.965536532927507629e+00
2.290973492644033271e+00
2.266681312300907081e+00
2.072285458490694232e+00
1.961620352731597405e+00
2.047650082737784594e+00
2.037005011851280578e+00
1.974147684965021909e+00
1.815323866198877534e+00
1.910378307191001435e+00
2.031116723305192107e+00
1.908918778790344772e+00
2.049299752213316061e+00
2.145602283199534721e+00
2.134117828822756469e+00
2.129700497009621163e+00
2.232783388188360529e+00
1.821007787432006531e+00
2.047650082737784594e+00
2.052411542705619318e+00
2.028772401123144498e+00
2.232783388188360529e+00
2.043762890022237766e+00
1.963335864023483035e+00
1.908918778790344772e+00
1.905528235174753560e+00
1.828826310547529088e+00
1.939398843618304280e+00
1.914503452574806586e+00
1.910378307191001435e+00
1.997162423189726255e+00
1.990986534197347613e+00
2.027509850156557381e+00
2.308986493438176080e+00
1.918911374991275842e+00
2.068313328895532877e+00
2.006427704493138009e+00
1.965627426706894498e+00
2.037212968286481907e+00
1.916266595737089684e+00
1.947574912781342205e+00
1.900961309246687936e+00
2.365448973974614066e+00
1.890484858273051127e+00
2.021621561610469353e+00
1.965627426706894498e+00
1.896395168969050138e+00
1.898658097706539705e+00
1.977994406697117569e+00
2.003223081692314445e+00
1.939776531518460523e+00
2.061331410327647884e+00
2.022874574403288772e+00
1.965627426706894498e+00
1.984268671211478097e+00
1.950220895852555536e+00
2.042980599881079051e+00
1.944332607306467287e+00
2.048151200899450242e+00
1.965264937543226731e+00
1.821007787432006531e+00
2.353465428299632123e+00
2.042517064440373176e+00
2.028144201959262816e+00
1.817607332046156765e+00
2.076938384458150821e+00
2.134117828822756469e+00
1.991792316171225652e+00
2.430038679340122965e+00
1.899048053623054511e+00
1.965627426706894498e+00
1.965795841103208597e+00
2.042517064440373176e+00
2.443819490543950312e+00
1.910378307191001435e+00
2.037005011851280578e+00
2.051436639269023754e+00
1.988009792794710240e+00
2.052411542705619318e+00
2.052411542705619318e+00
1.915398979348607922e+00
1.939018487229051235e+00
1.989403999036329251e+00
1.950220895852555536e+00
1.897484555212753277e+00
2.033021902745649978e+00
1.954492555794636433e+00
1.990900781932871233e+00
2.145602283199534721e+00
1.930805203642427026e+00
2.243730359511801442e+00
2.031116723305192107e+00
1.904391448044881585e+00
1.960865966739059552e+00
1.944332607306467287e+00
1.975014473368722268e+00
1.950220895852555536e+00
2.083096547678026766e+00
2.145602283199534721e+00
2.051436639269023754e+00
1.921095333897727242e+00
2.298781661159140288e+00
1.973955589167041058e+00
1.828826310547529088e+00
1.924621231864196647e+00
1.972338637479950751e+00
1.832127258992550800e+00
2.018222971326943949e+00
1.944332607306467287e+00
2.079984133356975295e+00
2.152082863097437126e+00
1.909066379776414912e+00
1.905528235174753560e+00
1.912279535196727664e+00
1.986522574709528755e+00
1.900961309246687936e+00
1.947795212640503149e+00
1.965627426706894498e+00
1.918911374991275842e+00
2.082622652766051186e+00
2.134117828822756469e+00
1.997622635969682925e+00
1.936090458404563730e+00
1.982928479508188735e+00
1.950220895852555536e+00
1.913393154497215587e+00
1.945480877197668823e+00
1.925741701046884247e+00
2.087369332061307148e+00
1.990348651704585414e+00
2.040839608677969430e+00
1.936090458404563730e+00
2.353465428299632123e+00
1.984268671211478097e+00
1.977751419024740054e+00
2.019756827202541682e+00
2.390381114408723473e+00
1.918126708657108104e+00
1.897484555212753277e+00
1.910042344460045838e+00
2.278664857975889024e+00
1.977965928828429254e+00
2.155059604500074055e+00
1.824378481557864085e+00
1.965017639033321162e+00
1.960865966739059552e+00
1.973944135033923519e+00
2.026977500848281100e+00
1.921786339989101533e+00
1.908918778790344772e+00
2.002297504678878237e+00
1.947144195495444485e+00
2.027509850156557381e+00
1.960865966739059552e+00
1.948757149098414132e+00
2.255033073514430608e+00
1.903251362758082488e+00
2.022660119771891196e+00
2.029132241837648731e+00
1.965627426706894498e+00
1.897494179179112672e+00
1.916266595737089684e+00
2.071511260768991836e+00
2.232783388188360529e+00
2.008562764324907324e+00
2.018457242590153466e+00
2.052411542705619318e+00
1.960865966739059552e+00
2.042033109464866936e+00
2.033021902745649978e+00
2.038154921043061396e+00
1.959872906835719686e+00
2.058818167200810123e+00
1.924286398286008781e+00
2.145602283199534721e+00
1.955732948441648134e+00
2.047650082737784594e+00
2.055254883132431321e+00
2.008562764324907324e+00
1.910378307191001435e+00
2.023062894094232345e+00
2.243730359511801442e+00
2.024855082048337085e+00
2.022660119771891196e+00
2.033021902745649978e+00
1.921778648326182282e+00
2.073841324896197769e+00
1.836481811182971491e+00
2.022874574403288772e+00
1.960865966739059552e+00
1.913393154497215587e+00
1.904391448044881585e+00
2.290973492644033271e+00
1.926911666623593700e+00
1.999219237658692583e+00
1.997162423189726255e+00
1.965264937543226731e+00
2.057994918393378114e+00
2.041004966954131028e+00
1.981529212896808056e+00
2.033861415122853789e+00
1.988009792794710240e+00
2.035689663091309498e+00
1.908918778790344772e+00
2.142038999131155919e+00
1.977965928828429254e+00
1.839712590109962020e+00
2.353465428299632123e+00
1.970044758520029582e+00
1.827719336576081766e+00
2.052049053541951551e+00
2.035858139005008116e+00
1.958949702123474079e+00
2.030795744711688222e+00
1.922182302684145361e+00
2.088241596623184648e+00
1.950912959841250238e+00
1.990900781932871233e+00
1.960865966739059552e+00
1.916266595737089684e+00
1.970483146502609140e+00
2.043798434112515938e+00
2.034816959870181297e+00
1.944332607306467287e+00
1.972338637479950751e+00
1.819877605265727061e+00
2.062320951706903660e+00
1.950220895852555536e+00
2.319567504187085571e+00
1.963668867976126275e+00
1.936090458404563730e+00
1.897484555212753277e+00
1.904116665934146191e+00
1.988009792794710240e+00
1.955732948441648134e+00
1.815323866198877534e+00
1.975723977781163487e+00
1.937075637648808968e+00
1.936090458404563730e+00
1.950220895852555536e+00
1.912001197439805233e+00
2.038930788534472516e+00
1.912279535196727664e+00
1.965627426706894498e+00
1.996444955194495385e+00
1.819877605265727061e+00
1.951545405944683509e+00
1.912279535196727664e+00
1.944332607306467287e+00
2.001065566193325207e+00
1.918911374991275842e+00
2.060931800963746952e+00
1.926496706108686841e+00
2.038154921043061396e+00
1.978728054714118390e+00
1.822134662791619952e+00
1.990900781932871233e+00
1.904116665934146191e+00
1.987706443131941780e+00
2.076060267229780987e+00
2.031116723305192107e+00
1.827719336576081766e+00
2.067620963249380051e+00
1.811873981707814885e+00
2.037005011851280578e+00
1.977268974271776170e+00
1.898390369318797788e+00
2.030795744711688222e+00
1.903251362758082488e+00
2.303596998409998431e+00
1.914503452574806586e+00
1.821007787432006531e+00
2.011223274387242022e+00
2.017589319641151846e+00
1.915610426546254130e+00
1.938149395225356120e+00
2.053397146753825897e+00
2.288963225245320032e+00
2.027509850156557381e+00
1.910378307191001435e+00
2.050966078891548250e+00
1.941625983980324488e+00
