-1.195556032473544139e+00
6.018365190581350666e-01
5.786025356917690043e-01
1.982229323180251246e-01
-1.968344854879227335e-01
-1.530757660247769714e+00
-3.826535463442758966e-01
3.739311552677736739e+00
4.367868868046152764e-02
-1.517624864211208346e-01
2.346261695699048300e+00
-7.721581016512039097e-01
3.836097952676233991e-01
-1.412607636848922876e+00
7.076768032767161154e-01
-1.370766488314035803e+00
-3.587048418464228727e-01
-1.001589591778882848e+00
2.237245100082413951e-01
-1.264626603673447702e+00
1.883846001189737107e+00
1.393356436104845608e+00
-7.902725896241541426e-02
-1.066219359699996705e+00
2.065676148179701466e-01
-7.618906258243902663e-01
-7.337000400993453075e-01
3.339471564681039673e-01
-1.726221487072875593e+00
3.806805549528756161e-01
-1.329902631815520264e+00
-1.412187107724745649e+00
1.424095927348467239e+00
3.020289217368115064e-01
-5.067801016261417463e-02
2.977650158135869973e-01
-2.019365078475255371e-01
-7.894225941863114437e-01
-3.847875634181527338e-01
1.490367618246985160e+00
-4.949403511208074757e-01
1.306995834866311046e-01
1.010866468227953785e+00
2.093019040281973026e-02
-9.206454215489154880e-01
8.953645294310575986e-01
9.039966265700296599e-01
-1.270936890292006849e+00
-2.202926188055257251e-01
-2.197768010209668166e+00
1.392663819441687378e+00
-9.555685948657114404e-01
-1.182254897059465737e+00
-1.994732957961593556e-01
4.104516260896328150e-01
1.175912411798431423e+00
-3.886950036986717705e-01
7.443881183106235699e-01
-1.327825159608258199e+00
1.376789313217021415e-01
1.177072334038332668e+00
-4.198284581371095059e-01
-1.463672207494420840e+00
-1.187078097228977835e+00
2.644461243145748597e+00
1.034350126244376389e+00
-1.046351131014716884e+00
2.002827302216403815e+00
-6.322249254287083398e-01
-5.721650591170165390e-01
-4.728868532857097851e-01
1.692975735577238128e+00
8.418890275801796941e-01
4.855899061379014836e-01
1.922452923592671559e-01
4.741322691895243358e-01
-6.821489933026990693e-01
3.863189322360138345e+00
7.099131218731190573e-01
-6.705780922035502467e-01
3.048511347756301948e+00
1.134337970959199859e+00
2.064140579629701211e+00
-4.358907362235262539e-01
-2.831396667543856771e-01
-7.109225423005347544e-01
-1.964196027516718068e-01
4.045180046976333821e-01
-4.746839211150541415e-01
-2.006664091316059828e+00
1.316064958129376627e+00
-3.585334301113124456e-01
4.748982428081280349e-01
1.343698734517982052e+00
-1.053360422197550994e+00
1.736469648955211442e-01
-6.500642037981417820e-01
-1.567954095946804571e+00
-9.780592899339629609e-02
-2.838071917020702495e-01
9.907628923872451310e-01
-2.415407130295347260e-01
-7.107980504534659565e-04
5.263405505486441482e-01
4.048564753269400796e-01
1.161490111653817658e+00
-1.435484008997170546e+00
9.153884805105083622e-01
-6.154559593837178877e-01
4.685848214954239088e-01
-6.701068314671888848e-02
2.367065817973492137e-01
-8.502583537224401855e-01
-1.460313114505895626e+00
-4.425898488228362238e-02
-2.104865592937744945e-02
-6.032948777122748574e-01
-1.039916697820991720e+00
1.878473377557013935e-01
-3.126546897191139762e-01
-4.747608843330910489e-01
2.232414528227497197e+00
5.941922899267244595e-01
-1.381317938802121059e+00
-7.454641220865407814e-01
2.465762911051066819e+00
-7.275591690186278271e-02
-2.783387481480183445e-01
-1.717020944401020266e+00
1.723842580481665110e-01
8.366473308341805526e-02
6.880374872040111167e-02
-1.057455044437668912e+00
1.356945309524667076e+00
1.461369530166944042e+00
-8.015361777750001915e-01
-6.496636524134596913e-01
-2.503540816204767872e-01
-5.436911124131855733e-01
1.660371111792053433e+00
1.358979276452732865e+00
8.447134191133742753e-01
3.901283165518186768e-01
-1.443152010430432952e+00
-3.806530788089240169e-01
-1.250133160885140149e-01
1.578456257294373222e+00
-1.565267559831182043e+00
-1.223079682545970132e-01
-5.961040510907038986e-02
-8.355840762954787060e-01
-1.458498238599170271e+00
-2.123842230321132396e-01
2.053964962553494811e+00
-1.971042453464108002e+00
-4.277786166925984790e-01
-2.752098322469525571e-01
-5.263915091171965654e-01
-2.853483528420844295e-01
1.428947451204166885e+00
3.469816287952033118e+00
1.116876580528108481e-01
1.903060854933373292e-01
7.609675652019649572e-01
-1.100048800718678610e+00
2.125146670075213962e+00
1.018858908431447441e+00
-3.900917025305535302e-01
-2.044302991308094786e+00
5.661377215648821792e-01
-5.200616271348448283e-01
9.084422536953090654e-01
-1.491400776483872592e+00
-7.082594028901885164e-01
2.773332003315753247e-01
5.030401318929917515e-02
-3.363124284371963868e-01
-1.660640757330118511e+00
-3.895225084162315943e-01
1.334010909726479399e+00
-1.515398205676800281e+00
1.258783516246358980e+00
1.159917245018379894e+00
2.723459324744717525e-01
4.612921886160024076e-01
-7.530162657518947311e-01
-9.601313622924806390e-02
-3.254474807357472521e-01
8.253449933539656058e-01
-1.658462704067853899e+00
-9.463486716951555744e-01
1.546558680592123425e+00
-1.564699578896324050e+00
1.839774865119849986e-02
5.413581071503937858e-01
-1.260224446023021194e+00
-5.148766678546968789e-01
2.856801501039082147e+00
-9.870965025271597471e-01
-6.866859571985811650e-01
1.636174293252030953e-01
-8.776588114510011085e-01
-2.442011103350207324e-01
-1.611078266897083333e+00
2.201252815711010502e+00
-5.001521577863056178e-01
2.991748337779452926e-01
-7.862252774666160793e-01
2.929201191317969410e-01
-9.138265237792058127e-01
-5.063308215525627043e-01
-1.542450251154626528e+00
-1.575925901957398345e+00
1.541749473332693077e-01
2.863878760146814084e+00
1.513794582366361219e+00
1.908740617780766646e+00
2.046038160760506874e-01
-2.228873547558312407e-01
1.560570264622403447e-01
-1.139811006991003073e-01
-5.529933099357859927e-01
-9.103219248711773570e-01
1.663396645075492231e-01
-6.833862043400720232e-01
-1.699006003188602953e+00
3.262930336667262121e-02
-5.296551229806831795e-01
-2.504793069838399111e-01
2.634276980394362866e+00
-7.859982814477446400e-01
-6.351091163650372795e-02
8.870120788476246743e-01
1.561002056901962476e+00
5.647327063339620951e-02
5.754483971802489828e-01
-1.080810283586535636e+00
1.269972449924982927e+00
6.321835346432600478e-01
6.414760450632552846e-01
-9.197790916407708739e-01
3.282939403742352602e-01
-1.931376388489678186e+00
1.756350004586365587e+00
-1.281088604971729605e+00
-1.091668920536077003e+00
6.378808176342211367e-02
-2.479258833690438368e-02
1.735104883344255722e+00
5.381599768047773402e-01
6.521178066740678236e-01
1.637943448589654016e+00
-8.898828517238440705e-01
7.808455185650581276e-02
1.677202683744268008e-01
-1.395553262431446839e+00
-1.226221590279287899e+00
1.036106307389745157e-01
3.120204473493107256e-01
1.077007242688319266e+00
2.792483713540614865e+00
1.155815066530644919e-01
5.928035607795640871e-01
-2.439216029185989676e+00
6.772029054650391400e-02
2.939414159161702345e-01
1.518813097088484332e+00
-9.651182882040310052e-01
-5.176597332914391059e-01
1.503066516172487516e-02
-1.652424910741458142e+00
-2.031913697307415403e-02
2.351825289045760270e-01
-1.276223803055216877e+00
-6.642530986110578572e-01
-1.018080812672918389e+00
2.831309095330939232e-02
7.985566430199288190e-02
1.840152814392783220e+00
-2.041679870169411104e-01
3.450737943592811496e-01
2.230791699930650407e-01
-5.918407777020157079e-01
-1.410092672555590676e+00
1.532373748328678120e+00
-1.106156235185747017e+00
-1.271454811104452132e-01
3.870407278866290213e-01
-8.724716488006460935e-01
-7.643383741380335161e-01
3.854653847370169695e-01
-9.454082937318526447e-01
4.818637190762349587e-02
2.386884516864102301e-01
-7.853890635470489601e-01
6.748817416461539986e-01
-9.510934185699886356e-01
1.287527202651478131e+00
3.944326359499192858e+00
-4.019721715353943847e-01
1.635779872336665663e+00
9.720351243771008232e-01
-8.436609180177983003e-01
-1.043942099394385536e+00
-5.199000185666701190e-01
7.379673539682389816e-01
-7.765563992123637460e-01
7.681099248274328439e-02
-1.433860277736162259e-01
-7.154385852222322484e-01
-4.204274700426494094e-01
-1.150722824206421357e+00
7.436403493698419132e-01
-1.019707702767459478e+00
1.242390518477300143e-01
2.234777996892860219e-01
-5.317278713094627518e-01
8.947597979759079889e-01
7.855861084678679163e-01
6.457989731039511794e-01
3.211512003202359189e-01
-1.221358377338033430e+00
-1.972659244368042630e+00
-9.334542472877486174e-01
1.154335972791400877e+00
-1.169564375638118658e+00
-1.110572990656783832e+00
-1.858687510946656352e-01
-5.027055711728601883e-01
-1.427122540386775995e+00
-6.074685760954343094e-02
-4.704821163462638012e-01
-6.379217629766741338e-01
-1.505363653528724380e-02
-1.083075543469424140e+00
-2.763233392228529595e-01
-1.801547801817869887e+00
-8.773527669632942283e-01
3.634287750224163976e-02
1.061822607583023270e+00
-3.553102997490376058e-01
1.252674619649441601e+00
9.446170930807987198e-02
2.369214889708602112e-01
-1.380165179361034999e+00
3.284109575589396757e-01
5.903223468857495826e-01
-1.736948030602056825e-01
1.359802330732256648e+00
-8.383407928640281837e-01
5.248873395568659506e-01
-7.644953584877451913e-01
2.740540804427314681e-02
2.610432116106248035e+00
-4.747269736532701012e-01
-7.948931946071413623e-01
1.048838240421084755e+00
5.182376569651543363e-01
3.913478511185020103e-01
5.166550935397158373e-01
-2.836075707852071526e-01
4.337628804124796789e-01
6.899730480839945113e-01
1.860026141218979578e+00
-1.172553212554368757e-01
-4.844585261912316698e-02
5.108984353101784226e-01
-1.665142800013240887e+00
-1.129103512093208028e+00
-5.229802127280362978e-01
7.149008310502201757e-01
-1.230982780908077778e+00
1.083762460423556950e+00
1.423095095643133856e+00
-8.494219324274964178e-01
1.167668203610572775e+00
-3.282030011167877404e-02
6.312630521802159445e-01
3.818981088236186316e-01
1.164095006934519512e-02
1.452992720836829399e+00
-9.972399226579631293e-01
5.644967991373932570e-01
-4.513849591582829168e-01
7.567322183388447421e-01
7.269833029719223738e-01
4.457610147912322018e-01
-1.521213416739571889e+00
-1.434145892798530586e-03
8.828621105171671202e-01
-3.090929832271460120e-01
-5.545055342577681623e-01
1.112192704461458931e-01
6.607582429388745293e-01
-1.357420891305403554e+00
-7.900962359626471088e-01
7.296439663009272047e-01
-3.074606122838867694e-01
-3.722083352678333679e-01
1.081647130413695868e+00
-6.724769141003693607e-01
1.092179062257380817e+00
-1.163197572684343983e+00
-5.340205753799791566e-01
-2.944034689094151419e-02
-5.261469361922835875e-01
8.098239101957336317e-01
-3.104955068324682932e-01
1.569504086898295958e-01
-3.920370874150975737e-01
-2.947039935152693801e-01
1.139588014963134333e+00
3.055967689260524200e-01
-1.489004055199300680e+00
3.690311383287449010e-01
9.552531644645679831e-01
-3.972570727120854350e-01
1.367815132228032304e+00
-9.110214883828016141e-01
-6.198106746631633357e-02
-1.441033342186655908e+00
-3.617037029608627385e-01
-3.915940795389574181e-01
7.528196380545468802e-01
1.258871362369552438e-01
-3.412010775193494161e-01
-1.618034945763278942e-02
7.133125541031594130e-01
8.797216955802357186e-01
3.346388903020390271e-01
-5.305291818028167183e-01
-3.264787596932389180e-01
1.663481106860311975e-01
4.004948843574465678e-01
2.340518906199003935e-01
-1.469801902403551130e+00
