-1.476870226905101946e+00
1.215006659155830615e+00
4.767173766934880152e-01
-1.096211032061809587e-01
3.123643777379204733e-01
-9.317344636651117007e-01
-5.766062278802223107e-01
1.455637207583680981e+00
4.917448688315652072e-01
-9.813667605770005631e-01
2.174411078074977244e+00
4.647577344599689297e-01
4.781625846551670889e-01
-9.841036743596782710e-01
6.483440875158619221e-01
-6.175024707852319050e-01
-1.281678519971516383e+00
7.513866218530131091e-02
-5.112022710080470489e-01
-4.710605306163863637e-01
4.260443325014394156e-01
1.245301773158523417e+00
-9.907335091466320520e-01
-8.946875512469598668e-01
2.909415229048198936e-01
-9.485363983196910542e-01
-5.691778837957957027e-01
7.596884039102809183e-01
-2.771403310192183778e+00
2.122609198380642326e+00
-1.786419143897789885e+00
-7.809641274023165769e-01
2.124653309344963770e+00
2.102383635910818338e+00
-2.589502941799554092e-01
-1.299983836461540143e-01
-5.855490386002427661e-01
-2.208114676326905224e-01
9.928590665491379696e-02
2.848190800830481262e-01
-5.330178651156149972e-01
-1.059253426545446741e+00
1.160278579002316235e+00
-2.408813444074238697e-01
-1.656654811872629030e-01
1.456196553401823301e+00
4.197615061653384716e-01
-5.584406470664068367e-01
-3.860541879120544806e-01
-5.291446991536060684e-01
3.818711707111857034e-01
8.325634377353764715e-02
-7.704928988117338839e-01
-1.411948710519961514e+00
7.589784133748518347e-01
1.612652036099710084e+00
-5.614976016740210740e-01
1.107230199697599504e+00
-1.735200484577686275e+00
-7.207618910438278181e-01
1.018496762474019546e+00
-1.304407275055892379e+00
-5.637894573803471365e-01
-1.802711409625688876e+00
1.617456074247652476e+00
-7.125857610713376422e-01
-8.578075296952691886e-01
1.662248007568200681e+00
-2.302899783726904959e-01
-2.350188271492154868e-01
-6.818706503295318688e-02
8.807013353148492874e-01
7.721355438312148267e-02
4.084427590314796963e-01
-4.394444899788658709e-01
1.432616802588605909e+00
-8.400536436874022073e-01
2.850337371557306820e+00
5.420091960800349495e-01
-5.968893944954594133e-01
1.546046675622775091e+00
5.989484257832845826e-02
1.569702619468804849e+00
-2.593405822900696212e-01
3.427255376567854839e-01
-7.376657723045589865e-01
-6.863367804804253458e-01
8.835108673277372038e-01
-1.690686898735043853e+00
-1.133122334056924752e+00
-1.004040959171519587e+00
4.064509709327315812e-01
4.042562045392082415e-01
2.383682897728464756e+00
-5.774266863835009200e-01
4.653920400798300383e-01
-4.670672454579897215e-01
-1.126174062324771130e+00
-1.305114884619255899e-01
-1.178836546765878124e+00
1.115505507672952312e+00
2.989538807624859129e-01
-6.221771473894545101e-01
3.252087912881717613e-01
8.989014874407377231e-01
2.949304792718827062e-01
-2.046076294031031612e-02
2.760313670341112413e-01
2.280786090563559354e-01
-6.297159951376327114e-02
1.149718735195851549e+00
6.847933496101679118e-01
-2.016725737417675024e-01
-1.210836268617235367e+00
4.622110313541233362e-01
8.366893905988195268e-01
-1.052034348504095052e+00
-7.988648485841988167e-01
5.261436403439262444e-01
-1.166191078725246077e-01
-3.575076646381798451e-01
2.345724144915701359e+00
-2.254623359906535451e-01
-8.714924494461042670e-01
-1.009207072310645215e+00
1.554354014661612604e+00
-4.225667896876792451e-01
7.829984837071022330e-01
-8.659972398170455721e-01
-2.770494514065763303e-01
-1.240956816145103003e+00
-1.284808530885837907e+00
-1.545315063203056116e+00
1.883416233044305388e+00
1.849793676219825489e+00
-1.217339642870702177e+00
-4.039784104457841418e-01
-3.256418441407456510e-01
-7.168829939296182674e-02
1.947419527608330814e+00
1.343906477691794166e+00
-1.623689178822745882e+00
-7.805737441131853638e-01
-1.272623388724175797e+00
-1.478482896812751690e+00
3.297825594134305982e-01
-3.105828026670675035e-01
-6.845628526244958989e-01
-7.180256103999471673e-02
2.761448443412870546e-01
-8.109284830260428123e-01
-2.764038896154088487e-01
5.899312630334788699e-01
2.688964988357289254e+00
-2.060293653760444599e+00
-7.158619946548073765e-01
3.917848648312939885e-01
-1.577463702577117655e-01
-6.392890910223799628e-01
5.553448866985344345e-01
2.100088209373911496e+00
4.466336981685285479e-01
-5.082710033741278943e-01
6.033850462878118659e-01
1.023413262458353068e-01
2.708317573087526409e+00
-7.659714621052408079e-01
-4.431006347912849752e-01
-9.076772464967773901e-01
-5.322527573541285806e-01
-1.883465723402846792e-01
3.201635422694440458e-01
-1.912502041575219414e+00
-1.722899784435405913e-03
8.722504721765523827e-01
-8.397557654011701678e-02
-2.242159762375921517e-01
-1.156840535921447088e+00
-1.666717484399259597e+00
2.858809087551969497e-01
-6.221222415620406565e-01
1.124999073924788824e-02
6.572945041965633228e-01
1.294312974745253531e+00
3.855859440380081660e-01
-5.359642437301136431e-01
9.119807431485504878e-01
-4.007937981886748324e-01
3.995359436955148169e-01
7.181125583354205921e-02
-1.102719305267440553e-01
7.090728798715711934e-01
-1.052531085804054634e+00
5.563755784311971153e-01
9.749415423389339308e-01
-2.309845590616612654e-01
-8.528843982634712328e-02
1.686316218040995629e+00
-8.843974915699209793e-01
3.683876624803288924e-01
4.399427628527733947e-01
8.488149041854506360e-02
-6.344546561497584926e-03
-1.950181643993835534e+00
1.824594457117061364e+00
-6.816983352593681822e-01
1.425903643948300159e+00
-1.260687614125626466e+00
6.457404761837315377e-02
-9.097250712272648698e-01
-6.293873202305471093e-01
-5.720182421274914164e-01
-1.304655514603822120e+00
-3.428871118792213291e-01
8.330759345164319152e-01
5.669189145792185025e-01
8.381330805194356914e-01
-1.238835259077337048e+00
1.702204306378861109e-01
-3.961335505696063075e-01
-1.414766836538174366e-01
-3.118526772348285681e-01
-1.443639423619348938e-01
-3.718007624761785479e-01
4.663095252186656436e-01
-8.447251898221074251e-01
5.574710906528722587e-01
-1.771426427251303060e-01
2.071669317559166612e-01
3.306374044075846563e-01
-7.259139101041346409e-01
5.568248485034923284e-02
1.344437611732469007e+00
9.645621526063680173e-01
-1.987272355046444065e-03
7.857978631734435782e-01
-1.674459963660454243e+00
9.363856024250023502e-01
4.937446752749907186e-01
5.317687235851749072e-01
-1.446046502251947530e-01
-6.053478219915849889e-01
-9.093898367028959706e-01
-1.049261101957541742e+00
-4.821997932492073091e-01
-1.857875831191168892e-01
1.100503448278394636e+00
-1.131650712835550854e+00
-5.583282309026462720e-01
-2.772863497429247648e-01
5.122873742584422851e-01
1.537454092383874427e+00
-5.012440309624323076e-01
-2.837337404996724266e-01
4.276658521825031367e-01
-5.172276083187420381e-01
-6.329032516858935642e-01
-5.275763688949602903e-01
3.402513835350772786e-01
6.245553205075116132e-01
8.143621837256579399e-01
-4.424228282936576440e-01
1.604961926971007369e+00
-1.828828296608561610e+00
1.807673032932886337e-01
7.926304890564450645e-01
1.044049706746625450e+00
6.800481598142935069e-02
6.870824770806992221e-02
-9.702611090012958073e-01
-1.861934521504035711e+00
3.333797884272801659e-01
6.349224784927912646e-01
-3.824575424750047831e-02
-2.267890767053797330e-01
-4.697754206217414907e-01
6.236987145521152298e-01
-1.109328580524650887e+00
9.417499540136679004e-01
1.554356828786257992e-02
3.188991650746252904e-01
5.737628227622216803e-01
-2.862229373553284439e-01
-1.960294332601409062e+00
1.897148970874774854e+00
-8.252862229063843147e-01
-8.421179408346303463e-02
8.050353761924163853e-01
-9.150895372929530591e-01
-1.304854979550939875e+00
1.090399539790505967e+00
-6.846661691045102804e-01
2.983315206831249067e-01
4.476513037734199396e-01
-1.218132282687404144e+00
1.751913298602603142e-01
-1.233489598389447828e+00
9.414937707786458221e-01
1.964146958754058536e+00
5.010945855968346185e-01
-4.164499643655758532e-01
2.197219276566589052e-01
-4.129614207196629083e-01
6.539215289538399811e-02
-7.768336149213878050e-02
3.420700140689746371e-01
-5.055245507218995016e-01
-1.329765458143531143e-01
-6.668714338434756916e-01
6.802279132675482787e-01
6.159551885466323373e-01
-1.529437263620989640e+00
-8.196357181674839010e-02
-6.656128143836655964e-01
3.387338798368369486e-01
1.129446928492714219e+00
-1.439306732928842925e+00
6.907943128414210099e-01
-4.402939038623233936e-02
-1.093474356223814059e+00
-9.140634234584588125e-01
-4.722188969665245817e-01
-1.856108993480972025e+00
-6.025319408082905337e-01
-1.161142590483463133e+00
6.977604495345294255e-01
-1.651922503000814002e+00
-1.262757473277955844e+00
-2.423709521747773599e-01
-1.070177644583609533e+00
7.668478357881063356e-01
-4.221715473541540753e-01
-9.417825734459804865e-01
5.778746650399355644e-01
-5.347731350495877889e-01
-2.756205771866992657e-02
-6.994084976458281311e-01
-6.610857366069536889e-01
-3.279735315438077059e-01
4.934905439993667597e-01
-1.016450781227253186e+00
-1.023432572210808411e+00
4.063668137571356254e-01
9.572640121982142203e-01
-7.775658056693547371e-01
6.579677816273765689e-01
8.498003969241720856e-01
1.545550905859980895e-01
5.431517582894042073e-01
-2.967073689859709873e+00
-2.108489635157254072e-01
-9.700972477910755343e-01
-3.117582882142842793e-02
1.545139885070953678e+00
9.101030419217041034e-01
4.192432532133660850e-01
9.031556947532297375e-02
5.332342758819190731e-01
-1.181093100973647170e+00
-1.137208956859445258e-01
-1.438884280841650876e+00
-9.502507805719467848e-01
1.168133483351175173e+00
1.663238904090051484e+00
3.354168257527082031e-01
6.639106679512217779e-01
5.915368133697955777e-01
-2.663420607956023201e+00
4.142273855959965889e-02
-1.517319616827094597e+00
-1.655389644755081713e-01
-1.013810171572738783e+00
2.742489495622595363e-01
1.204676423351257908e+00
-2.136667663232093561e-01
1.317523820200355633e+00
-1.856092948928403930e-01
-9.311050089607618707e-01
-8.389524694380358083e-01
1.169944297665675093e+00
2.015668796159010012e-01
-1.082972696679305319e-01
3.298085665421346957e-01
-7.063464416509128430e-02
1.778526157677688124e-01
1.705181260521633879e+00
1.692996334745100917e+00
4.566053317963496283e-02
1.066049992246551392e+00
9.606546236571914532e-01
-6.610611588775924252e-01
-1.431658803366644195e+00
-7.324309735350326145e-01
3.215239937727376596e-02
-4.792585148343482815e-01
-1.484628917349544608e+00
1.131827752715093949e+00
-1.404805225662947743e+00
-1.060382138163994847e+00
2.292229216342601461e+00
-4.977715956244866957e-01
-4.998603123821681593e-01
-1.121316823520599609e-01
-2.315297848029710115e-01
1.077458145143809443e+00
-9.699846377735247271e-01
2.444858635559370885e+00
-1.444512005483696293e-01
7.723323472795654565e-01
8.297792008747820192e-02
-6.976983711612182448e-01
1.765767245869910740e+00
4.750608566456885340e-01
-9.333244658734669574e-01
2.863820798507056842e-01
-6.433508934276620517e-01
-2.105521576990476706e-01
9.565935526348776641e-01
-5.291258009294522724e-01
-9.826025194164167420e-01
-5.826307582831447007e-01
1.995053978245502624e-01
-5.414758609080700946e-01
4.424248502451171849e-01
2.340358182704063428e-01
3.824065322744282791e-01
-8.615786345361667875e-01
1.091725436674650052e+00
2.467918915271987590e+00
2.973174794725829684e-01
-7.922664053543150287e-01
-7.642845341314559171e-01
-2.081702223950673836e-01
7.380236007484435312e-01
7.748143301427615759e-01
-1.024921242830872492e+00
