1.823468465635477376e+00
6.062796566564039313e-01
1.245399754009790971e+00
-1.750947998991622123e-01
-9.156168247475554578e-01
8.032624954696184760e-01
1.184201920149933640e+00
-3.669671957205699275e+00
-4.060747977583901158e-01
1.231337268060275214e+00
6.050672179586092936e-01
6.062796566564039313e-01
1.036156572514147056e+00
-8.240143299592712633e-01
-6.479828741988636898e-01
-5.539101957258698583e-01
-5.310447479041533470e-01
2.184360348274633878e+00
-1.359193592699234898e+00
6.898847892921327052e-01
1.627407012850581314e+00
2.184360348274633878e+00
-8.773540182203927174e-01
1.088557356955652144e+00
-2.160192764027757839e+00
-4.750613434323725515e-01
-1.039542076651009062e+00
1.118161969379596998e+00
-3.654545462466615713e-01
1.245399754009790971e+00
8.947573799557740903e-01
-1.250184415208259958e+00
8.032624954696184760e-01
8.049906768195409512e-01
8.421004460687568915e-01
6.050672179586092936e-01
-1.359193592699234898e+00
-5.500020116390674785e-01
-5.063730248512278154e-01
6.247063544417508912e-02
-5.768052574557829271e-01
1.020694929503040083e+00
6.898847892921327052e-01
1.245399754009790971e+00
-6.232842075976114948e-01
1.312677738907312985e+00
-5.500020116390674785e-01
-1.250184415208259958e+00
2.547880612848018589e-01
-1.039542076651009062e+00
8.032624954696184760e-01
1.020694929503040083e+00
1.762731145869248950e+00
9.963226400119173931e-01
2.547880612848018589e-01
1.184201920149933640e+00
9.679698721153611185e-01
-4.965382753581970010e-01
-2.160192764027757839e+00
-1.012424273712383194e+00
-4.904186018567468497e-01
-2.395473191014889647e+00
-6.552092529510215035e-01
-1.480787531209301511e+00
-2.802056445297218534e-01
8.446334325983105851e-01
-1.021697447212997378e+00
2.501008617740614337e+00
-1.664599688054880122e+00
-4.060747977583901158e-01
1.231337268060275214e+00
9.116857520120651426e-01
-1.109742663977863808e+00
1.048425495232510274e+00
9.410769655166996150e-01
7.829592368756658205e-01
-6.772397962692613405e-01
-3.511682412727421987e+00
-2.802056445297218534e-01
-6.625811854237645404e-01
-2.160192764027757839e+00
-7.292029788457184969e-01
1.529114043816254265e+00
2.663073221374883559e+00
-3.259507690275091352e-01
-9.156168247475554578e-01
1.118161969379596998e+00
-1.346455857023185210e-01
-1.098327904190288473e+00
-1.367258490427319284e+00
9.963226400119173931e-01
1.079436710674068767e+00
7.757598697283154543e-01
1.434362838561987319e+00
7.831750736897621357e-01
-2.228951203418134686e+00
1.231337268060275214e+00
8.032624954696184760e-01
9.820666000323744482e-01
-3.794365314677005774e+00
1.020694929503040083e+00
2.805687242358106404e-01
1.117018212068338956e+00
-3.454801799271139395e-01
8.641765252117261653e-01
1.563825804383570661e+00
-1.359193592699234898e+00
1.883296335904590446e+00
4.990872935029059820e-01
8.032624954696184760e-01
8.049906768195409512e-01
-2.811911373369772260e+00
1.127274482063646444e+00
1.045476937710766441e+00
1.020694929503040083e+00
-4.621298652556086184e-01
7.219599226188754271e-01
-4.060747977583901158e-01
1.910249625308971577e+00
9.744646249638475588e-01
1.761077549222440641e+00
-4.172689467409226860e-01
1.206297292312118463e+00
-6.320125569908591201e-01
-3.739108550806641285e-01
-1.206808436541905838e+00
1.321080158017266637e+00
-3.398173821708528330e-01
1.020694929503040083e+00
-5.500020116390674785e-01
-5.482536788511701564e-01
-3.175116961096892787e+00
-9.849764916235648204e-02
8.032624954696184760e-01
-6.434723318607030729e-01
1.251250958121330914e+00
8.032624954696184760e-01
-2.160192764027757839e+00
-1.201675973750542248e-01
9.116857520120651426e-01
-8.857838626868853593e-01
-1.087736348646375140e+00
1.762156561736357041e+00
1.645182858306061480e+00
-8.263933736150392839e-01
-5.063730248512278154e-01
3.403936847468190807e-01
-4.398608419697893623e-01
-3.656545026524890551e-01
-1.326020635628694100e+00
-2.765297757967272174e-01
-1.570930822302737173e+00
8.577981360088807739e-01
-1.026949718606553930e+00
1.545808499881832665e+00
1.554321880661229560e+00
1.439545322753600143e+00
-5.941663297595172200e-01
1.344979133814227401e+00
-1.250184415208259958e+00
-1.467616849241665689e+00
1.333132600815058799e+00
1.423615082453000946e+00
6.050672179586092936e-01
-1.570930822302737173e+00
-6.354318112367843829e-01
-1.001142818464036521e+00
-1.245896606897819670e+00
-1.367258490427319284e+00
-1.409414903130504326e+00
1.260960652980179564e+00
1.202381353918355211e+00
-1.250184415208259958e+00
-1.143604862647637610e+00
-2.826112605076484208e+00
1.260960652980179564e+00
-1.073124149441945230e+00
1.022634358039492097e+00
-6.354318112367843829e-01
-5.063730248512278154e-01
9.180477474284657324e-01
3.562259296295156585e-01
-8.385093138872877772e-01
6.050672179586092936e-01
-1.964277670206362458e+00
1.816823432238866776e+00
-6.207281210006314609e-01
2.805687242358106404e-01
-9.904110888293172765e-01
-7.399611848232773292e-01
1.910372806576826843e+00
1.127274482063646444e+00
-1.142015826771296094e+00
7.219599226188754271e-01
1.545252611449667191e+00
-3.256794885091134351e-01
5.775481006690597052e-01
3.403936847468190807e-01
-6.625811854237645404e-01
1.127274482063646444e+00
-8.642377424561242805e-01
-2.315759612652877053e-01
1.270054640982558825e+00
1.825334385332118892e+00
3.706061344322023055e-01
-8.059811270743681977e-01
-1.363047595852835192e+00
1.127274482063646444e+00
-2.160192764027757839e+00
8.032624954696184760e-01
-2.205828352376376866e+00
6.999485224085627566e-01
-1.017071549691290544e+00
2.184360348274633878e+00
1.202381353918355211e+00
5.195994848832895530e-01
-1.359193592699234898e+00
-1.206850272111006372e+00
1.333271900393249831e+00
-4.961216721357981085e-01
-1.367258490427319284e+00
1.551828328616775554e+00
8.465106355045181052e-01
-8.181874740863679385e-01
1.127274482063646444e+00
1.559218416151473052e+00
-1.359193592699234898e+00
8.947573799557740903e-01
6.050672179586092936e-01
-1.467616849241665689e+00
-4.060747977583901158e-01
1.722625665860130217e+00
-1.143604862647637610e+00
-1.143604862647637610e+00
-4.343689922195279052e-01
3.418187157573601698e-01
1.499788318455716363e+00
8.032624954696184760e-01
4.091521241371960382e-01
-5.768052574557829271e-01
9.956043807811352231e-01
-2.070257594662047840e+00
-1.245896606897819670e+00
4.744756225481053247e-02
1.321080158017266637e+00
-1.570930822302737173e+00
-4.621298652556086184e-01
1.020694929503040083e+00
6.999485224085627566e-01
1.214605152453835490e+00
8.032624954696184760e-01
-3.572595498580707907e-01
-1.245896606897819670e+00
-4.060747977583901158e-01
-1.062920795023111209e+00
2.199945694815352293e-01
1.979046239724308931e+00
9.180477474284657324e-01
7.821880395159410693e-01
1.896931953148492056e+00
8.049906768195409512e-01
-1.744087622670604576e+00
6.999485224085627566e-01
-4.288421262380947008e-01
-1.168234831243261551e+00
-6.022387859147937395e-01
-5.063730248512278154e-01
-7.590598673580272182e-01
1.438986962587135654e+00
-3.256794885091134351e-01
6.947251952131001662e-01
1.127274482063646444e+00
-9.904110888293172765e-01
-3.683539083233212663e-01
-1.367258490427319284e+00
-3.839978879186676242e+00
1.206297292312118463e+00
1.365917566151355400e+00
8.032624954696184760e-01
-7.990791256369410567e-01
5.973102406314202417e-01
-1.201675973750542248e-01
-2.538397650407236972e-01
1.520186443550253452e+00
-8.071883264286149329e-01
1.206297292312118463e+00
5.195994848832895530e-01
-2.160192764027757839e+00
-8.910261795501345228e-01
-3.160228591645657392e+00
6.898847892921327052e-01
-3.556349518356335393e-01
4.091521241371960382e-01
-6.772397962692613405e-01
1.497493938539370184e+00
1.432909793650258390e+00
-1.130074792790044524e+00
1.076953812709611880e+00
1.519001336616022435e+00
1.020694929503040083e+00
1.195229105440883233e+00
-1.247873128983109314e+00
-2.449673645634147523e-01
-6.354318112367843829e-01
1.801502786540578605e+00
6.669895574304045560e-01
-6.207281210006314609e-01
1.020694929503040083e+00
7.361918515889884773e-01
1.380674555260653857e+00
-4.172689467409226860e-01
-3.056907524897515493e+00
-2.811911373369772260e+00
1.127274482063646444e+00
1.015250567679010008e+00
7.219599226188754271e-01
-6.099717953305313634e-01
1.260960652980179564e+00
-1.724711455566661167e+00
-1.480787531209301511e+00
-1.143604862647637610e+00
1.020694929503040083e+00
-1.093067616874938697e+00
-5.768052574557829271e-01
-5.326450340797418415e-01
1.974440258018969940e+00
-3.259507690275091352e-01
-1.666700017756444496e-01
-1.245896606897819670e+00
9.116857520120651426e-01
-1.250184415208259958e+00
-3.656545026524890551e-01
-1.724711455566661167e+00
6.050672179586092936e-01
-3.042271265110541911e+00
1.321080158017266637e+00
-1.664599688054880122e+00
-3.056907524897515493e+00
-5.768052574557829271e-01
8.446334325983105851e-01
-5.619787829614721897e-01
6.622271334294470568e-01
-1.363047595852835192e+00
1.020694929503040083e+00
-7.990791256369410567e-01
-4.621298652556086184e-01
1.554321880661229560e+00
9.679698721153611185e-01
2.095784544812122174e+00
-1.964277670206362458e+00
2.184360348274633878e+00
-8.648664374353418616e-01
-1.104332144401922289e+00
1.530918159888007057e+00
-1.170177856649511572e+00
1.722625665860130217e+00
-1.155419856078447438e+00
-6.354318112367843829e-01
-1.285600340522806029e+00
1.432909793650258390e+00
5.610133750572946498e-01
5.195994848832895530e-01
1.231337268060275214e+00
9.568924517615579051e-01
-3.849845398903199434e-01
-2.532473926860719704e+00
1.211035173154120015e+00
-1.134982049602984766e+00
-1.098327904190288473e+00
-2.319411166296310167e-01
1.654423158842095676e+00
-2.070257594662047840e+00
1.020694929503040083e+00
7.219599226188754271e-01
1.801750421784815925e+00
-1.072701405044544032e+00
-1.162646098587312604e+00
6.999485224085627566e-01
1.896931953148492056e+00
1.245399754009790971e+00
-7.879204845238023669e-01
8.032624954696184760e-01
3.410148151098690850e-01
1.027451696353840704e+00
1.206297292312118463e+00
4.091521241371960382e-01
4.990872935029059820e-01
1.722625665860130217e+00
9.116857520120651426e-01
1.423615082453000946e+00
2.606136302613701439e+00
2.693648973665538904e-01
1.206297292312118463e+00
8.032624954696184760e-01
-5.272060280031627411e-01
-2.395473191014889647e+00
-7.590598673580272182e-01
1.127274482063646444e+00
-3.869898460997006850e+00
1.245399754009790971e+00
8.596976720832595342e-01
-7.590598673580272182e-01
6.999485224085627566e-01
-3.748028071870591837e+00
-9.904110888293172765e-01
-9.377467438962094892e-01
-1.234388390591550921e+00
-5.326450340797418415e-01
2.215065291039869599e+00
1.159969954412061410e+00
-2.070257594662047840e+00
4.990872935029059820e-01
1.463716570657530802e+00
-5.150454544391142031e-01
-1.570930822302737173e+00
9.568924517615579051e-01
-6.874040976212443255e-01
1.563825804383570661e+00
-1.467616849241665689e+00
-2.228951203418134686e+00
-8.300534038489703059e-01
-1.134982049602984766e+00
-4.172689467409226860e-01
1.609830627162443184e+00
-8.385093138872877772e-01
1.202381353918355211e+00
-1.804858802322437006e+00
-3.235005396391718246e+00
-8.773540182203927174e-01
7.910186983381474191e-01
-9.402577829290507117e-01
1.594908728037581491e-01
-6.207281210006314609e-01
6.050672179586092936e-01
-9.771352310686818310e-01
4.421146353914112148e-01
