9.388126330553555832e+00
9.523862616080137400e+00
1.135411600324507120e+01
8.756088876098331752e+00
1.108003682690265990e+01
9.394540567624432015e+00
9.893967032114840521e+00
1.001651962996074552e+01
1.003538658874188982e+01
9.192026941797465156e+00
9.803792891695719547e+00
9.523862616080137400e+00
9.909714813999004335e+00
9.436961419841903620e+00
9.340857635846155915e+00
9.295465858167000661e+00
9.285060521476415474e+00
9.331842589661224707e+00
9.106842260168434677e+00
8.743588618769498666e+00
9.065845071077959005e+00
9.331842589661224707e+00
1.108524192272487419e+01
9.581290998419953908e+00
9.710623523741430674e+00
9.260629083693062924e+00
8.962730764500314251e+00
1.133971395550734407e+01
9.217107976325527474e+00
1.135411600324507120e+01
8.542217468517053547e+00
9.053490417041217597e+00
9.394540567624432015e+00
1.129875816930865540e+01
1.130407280723375330e+01
9.803792891695719547e+00
9.106842260168434677e+00
1.112481982594792029e+01
1.112949930315943625e+01
1.010120974741837330e+01
1.021747908831767404e+01
9.282786594338368502e+00
8.743588618769498666e+00
1.135411600324507120e+01
9.328540144691215730e+00
9.596706713653546217e+00
1.112481982594792029e+01
9.053490417041217597e+00
1.005029328205192485e+01
8.962730764500314251e+00
9.394540567624432015e+00
9.282786594338368502e+00
9.406504415239956174e+00
1.132478034749570739e+01
1.005029328205192485e+01
9.893967032114840521e+00
9.629244130604110552e+00
1.028719780841771758e+01
9.710623523741430674e+00
9.562981411306880730e+00
9.267183084087262657e+00
9.699479878338820527e+00
9.344514964489004427e+00
9.351994821122803003e+00
9.093545764473175197e+00
9.682595973731327632e+00
9.570212865828565896e+00
9.832309484535272759e+00
9.294566438782986495e+00
1.003538658874188982e+01
9.192026941797465156e+00
9.336138437465585582e+00
9.647540162915319684e+00
9.756244243517437909e+00
9.840564076327707355e+00
1.016944540491654969e+01
1.111041777821019316e+01
9.961585170111815657e+00
9.093545764473175197e+00
1.033867600628206596e+01
9.710623523741430674e+00
1.038950330769933750e+01
9.493289524643980570e+00
9.826494802979945931e+00
9.972616748760469108e+00
1.108003682690265990e+01
1.133971395550734407e+01
9.877662010182557850e+00
1.105319803432997183e+01
9.844071415352402710e+00
1.132478034749570739e+01
9.427739835163309934e+00
1.011671393839436917e+01
9.467026891318624848e+00
1.006078483543310753e+01
9.782635175674597505e+00
9.192026941797465156e+00
9.394540567624432015e+00
9.916240322409192842e+00
1.006399433335625382e+01
9.282786594338368502e+00
9.103579039412865725e+00
9.900741648423130314e+00
9.209791307609480171e+00
9.917949615245255757e+00
1.138555347442845544e+01
9.106842260168434677e+00
9.851404369137547690e+00
9.870320152345879450e+00
9.394540567624432015e+00
1.129875816930865540e+01
9.771729097949311438e+00
9.234833462154210082e+00
9.758338344524783992e+00
9.282786594338368502e+00
1.113411707737908962e+01
9.740998103890175841e+00
1.003538658874188982e+01
9.009514418687878390e+00
9.812261851300100091e+00
9.407028488864838778e+00
1.113867248842207580e+01
9.538484478063207206e+00
9.332860708792589222e+00
9.220262492549696987e+00
9.717889544632898335e+00
9.232790473007902676e+00
1.022879567825886937e+01
9.282786594338368502e+00
1.112481982594792029e+01
8.814659001886138157e+00
9.859446211015320927e+00
9.134621689199768468e+00
9.394540567624432015e+00
8.836548893780808100e+00
9.887788713699988463e+00
9.394540567624432015e+00
9.710623523741430674e+00
1.015562443873448828e+01
9.336138437465585582e+00
1.047904001300179821e+01
1.011527390448416419e+01
9.390412715449032888e+00
9.446944085923218992e+00
9.438371517718415760e+00
1.112949930315943625e+01
1.001193135297174841e+01
9.246029532052080668e+00
1.000191000590497126e+01
9.806090411444737143e+00
1.020681265173206853e+01
9.228039178132824816e+00
9.925561134970314114e+00
1.106409357331216370e+01
9.866670901490136814e+00
9.024972331169289319e+00
9.129488534384989862e+00
9.314383516116317097e+00
9.880064427680130379e+00
9.053490417041217597e+00
9.165244390327281110e+00
9.154045937889801365e+00
1.137246105340074287e+01
9.803792891695719547e+00
9.228039178132824816e+00
1.111527840328849770e+01
9.554359719456842370e+00
9.743320571463318203e+00
9.844071415352402710e+00
9.886877935709149412e+00
9.283360177369560873e+00
1.134937548322649015e+01
9.053490417041217597e+00
9.005537284857059177e+00
9.774717802047675264e+00
9.283360177369560873e+00
9.613138376241030514e+00
9.774915074326345987e+00
1.111527840328849770e+01
1.112949930315943625e+01
1.131453810002202509e+01
1.002609724855665796e+01
1.109039125721843888e+01
9.803792891695719547e+00
9.574496714398568642e+00
9.025285326846042011e+00
1.027588121847652225e+01
9.103579039412865725e+00
1.106946199201150449e+01
8.861979920611229744e+00
9.364721485946835955e+00
9.234833462154210082e+00
9.681834949926948042e+00
9.740998103890175841e+00
9.437733634174122699e+00
1.114759358023883706e+01
8.847960855408583569e+00
1.001193135297174841e+01
1.033867600628206596e+01
9.234833462154210082e+00
1.046495623170956968e+01
1.115625729713130454e+01
9.619628923589479186e+00
9.387588385592499307e+00
1.002281571165982577e+01
9.426384776439618918e+00
9.309188300766056301e+00
9.234833462154210082e+00
9.710623523741430674e+00
9.394540567624432015e+00
9.675813160859478401e+00
9.457335355429975721e+00
9.566588589814568167e+00
9.331842589661224707e+00
1.134937548322649015e+01
8.900192357087838957e+00
9.106842260168434677e+00
9.774728104421475550e+00
1.136341325467624230e+01
9.269645492523595820e+00
9.844071415352402710e+00
9.483715784507047886e+00
8.591012674974443541e+00
1.043710716964525886e+01
9.234833462154210082e+00
9.865911446029109300e+00
9.106842260168434677e+00
8.542217468517053547e+00
9.803792891695719547e+00
9.165244390327281110e+00
1.003538658874188982e+01
9.043955179183289061e+00
9.005537284857059177e+00
9.005537284857059177e+00
1.026327286708765918e+01
1.002942190309192760e+01
9.506012236627357836e+00
9.394540567624432015e+00
9.939919701038581579e+00
1.021747908831767404e+01
9.914566745525473124e+00
9.641023975048728545e+00
9.743320571463318203e+00
1.010546418475184005e+01
9.232790473007902676e+00
9.228039178132824816e+00
1.113411707737908962e+01
9.282786594338368502e+00
9.457335355429975721e+00
9.650764823847001850e+00
9.394540567624432015e+00
9.214083274933203782e+00
9.743320571463318203e+00
1.003538658874188982e+01
1.105867203402338639e+01
9.151789047441116765e+00
9.848146871252261292e+00
1.131453810002202509e+01
1.016656083159146640e+01
9.850920116191625553e+00
1.129875816930865540e+01
9.364165987475686848e+00
9.457335355429975721e+00
9.241580576496270183e+00
9.695999652738228392e+00
1.033073221182441870e+01
1.112949930315943625e+01
1.110052000148042062e+01
9.533686979386144955e+00
1.114759358023883706e+01
9.958502311871244572e+00
9.234833462154210082e+00
1.106946199201150449e+01
9.218185726359690690e+00
9.844071415352402710e+00
1.008252939767409728e+01
9.538484478063207206e+00
9.569241958112645108e+00
9.394540567624432015e+00
1.109548417019855648e+01
9.975913106309274525e+00
1.015562443873448828e+01
9.178630900659317859e+00
9.497119479534436692e+00
9.161116538151881983e+00
9.538484478063207206e+00
8.900192357087838957e+00
9.710623523741430674e+00
1.022111876845555756e+01
9.855388005293598042e+00
8.743588618769498666e+00
1.023441940641379411e+01
9.939919701038581579e+00
1.111041777821019316e+01
9.077257032705736250e+00
9.120569355052882798e+00
9.677329800400979565e+00
1.133479426817638647e+01
9.868235680529137355e+00
9.282786594338368502e+00
9.662039384292535615e+00
9.271207296858390734e+00
1.019613751271163515e+01
1.111527840328849770e+01
9.394577874199944389e+00
9.963294951390359699e+00
1.027588121847652225e+01
9.282786594338368502e+00
9.951578134974305101e+00
9.181416469916044321e+00
1.113867248842207580e+01
9.828313728506090641e+00
9.771729097949311438e+00
9.234833462154210082e+00
1.040019230836104747e+01
9.740998103890175841e+00
9.322018758286601425e+00
9.283360177369560873e+00
9.453299796434176727e+00
9.351994821122803003e+00
9.005537284857059177e+00
9.282786594338368502e+00
9.631386096564447996e+00
1.021747908831767404e+01
1.016412724519045696e+01
9.355971954953620440e+00
9.972616748760469108e+00
1.017040777316272049e+01
9.743320571463318203e+00
9.336138437465585582e+00
9.053490417041217597e+00
1.000191000590497126e+01
9.453299796434176727e+00
9.803792891695719547e+00
9.824632573429699534e+00
9.232790473007902676e+00
9.294566438782986495e+00
9.828313728506090641e+00
1.021747908831767404e+01
9.682595973731327632e+00
9.299196487791205001e+00
1.127696841171387554e+01
9.309188300766056301e+00
9.282786594338368502e+00
1.109548417019855648e+01
1.113411707737908962e+01
9.024972331169289319e+00
9.629244130604110552e+00
8.985385053395482657e+00
9.574496714398568642e+00
9.331842589661224707e+00
9.461688457727239765e+00
9.642198991733968327e+00
9.091276097908380649e+00
9.716503317287219943e+00
9.043955179183289061e+00
9.697637356727961233e+00
1.111527840328849770e+01
9.772613828607820352e+00
9.120569355052882798e+00
1.126008681250314680e+01
8.900192357087838957e+00
9.192026941797465156e+00
1.131968743451558979e+01
9.102546412364073802e+00
9.720043222965122354e+00
9.891426396669334764e+00
9.237730714021473943e+00
1.105319803432997183e+01
9.171764412450638559e+00
9.412302607343702832e+00
9.641023975048728545e+00
9.282786594338368502e+00
9.740998103890175841e+00
9.854471379228668226e+00
9.612762731763995205e+00
9.706656880624656480e+00
9.457335355429975721e+00
9.850920116191625553e+00
1.135411600324507120e+01
9.415981703641007172e+00
9.394540567624432015e+00
9.054064000072409968e+00
9.771364929812420996e+00
9.538484478063207206e+00
9.939919701038581579e+00
9.870320152345879450e+00
9.043955179183289061e+00
9.336138437465585582e+00
1.137246105340074287e+01
9.304242992578849680e+00
1.004670317868308516e+01
9.538484478063207206e+00
9.394540567624432015e+00
1.029942647928075772e+01
9.699479878338820527e+00
1.110052000148042062e+01
9.234833462154210082e+00
1.009509363671362259e+01
1.135411600324507120e+01
9.932631121396640950e+00
1.110052000148042062e+01
9.457335355429975721e+00
1.004584866656339592e+01
1.106946199201150449e+01
8.924749760592646908e+00
1.103079063520599590e+01
1.016412724519045696e+01
9.841018546939007905e+00
1.134457458058564860e+01
9.641023975048728545e+00
9.870320152345879450e+00
9.522220365517418017e+00
9.277926723678776355e+00
9.228039178132824816e+00
1.131968743451558979e+01
9.361101551735671933e+00
1.138555347442845544e+01
9.165244390327281110e+00
9.782635175674597505e+00
1.044402797213431455e+01
9.237730714021473943e+00
1.113867248842207580e+01
8.972884796066649571e+00
1.109039125721843888e+01
1.134937548322649015e+01
9.436177639408853679e+00
9.876168007454689146e+00
1.108524192272487419e+01
1.003616240903781254e+01
9.510662126070659639e+00
9.198443657866159029e+00
1.027588121847652225e+01
9.803792891695719547e+00
9.536597323747457722e+00
1.000704355341397900e+01
