1.047871246938510970e+00
4.439504816561865574e-01
2.064501653091085909e-01
1.258874571401078502e-01
-1.420489419611050019e+00
-1.262905869056112351e+00
-3.282564136958822654e-01
3.404647961952824708e-01
-1.474163733419618927e-01
7.133995924503300223e-01
2.860287768652437501e-01
1.267318042007307133e+00
1.954426470549443851e+00
7.419423168929676349e-01
-6.089006142670875255e-01
1.381567471589369767e+00
7.601035650768954710e-01
6.087819000798879721e-01
-4.432570203758084415e-01
-1.101580752983231548e+00
-4.350041400453132368e-01
-6.549330094961233195e-01
-2.938780630575342223e-01
-2.264396598188475607e-01
5.500144040958330205e-01
-1.031401355874891568e+00
9.972042611252888156e-01
4.997136097050227654e-01
1.354161525825984536e-01
-4.927460206120299335e-01
-6.654024397521213219e-01
-2.778088300479494843e-01
3.590812666583272916e-01
-4.464346864639642809e-01
2.483153722277761932e-01
8.609627567727159460e-04
1.676495689052450055e+00
-1.309448894865962609e+00
-4.248088644666147412e-02
2.343925084183190677e+00
-3.837556795872603677e-01
-9.850061790133595174e-01
-1.598008576717020013e+00
2.064501653091085909e-01
-1.708595444665129914e+00
3.579656272167095477e-01
1.146096918099350548e+00
1.750159711120523598e+00
-1.532440862681169191e-01
2.214992657008117427e-01
-1.752087867083313988e+00
1.966175340641958869e+00
1.332784407989794362e+00
1.665565746684905257e-01
-1.420285242429606409e+00
-1.348800268310873740e+00
3.862549571881647381e+00
1.120394412743514367e+00
1.418043417074438955e-02
-1.333550216956719492e+00
1.205679001642924852e+00
3.707839151906506814e-01
2.950273239673054881e+00
5.712994685004529893e-01
-1.393156598303972593e-01
7.560619419919719641e-01
1.319018289536530553e+00
1.838408610944053834e+00
-5.263455492165388661e-01
1.852484257603349282e-01
-7.745025535417370266e-01
1.298967835471638299e-01
-1.418052065163504682e+00
-4.444987029781913845e-01
-6.342097550610533707e-01
-1.841912731056577490e-01
5.721680933900540333e-01
-9.436811922078937043e-01
-1.128016586788266551e+00
3.303976972333229067e-01
1.120621623454037596e+00
1.746212409686086708e+00
8.629121939066837221e-01
-4.703881374678199334e-01
1.782273967221930100e+00
3.981314222828520877e-01
-1.409554746359128252e+00
-3.361848459940696143e-01
2.121334055665504703e-01
-3.709890455752088423e-01
9.290039389811776127e-01
4.963442187251374538e-01
-1.263819921891701448e+00
-1.283384826348772156e+00
-1.356912444563470599e+00
-2.027534327022508354e+00
2.863320066491170657e-01
1.130268226035631152e+00
1.875848966903844450e-01
1.130847108169287463e+00
-2.755020285744327890e-01
-1.444085962943995050e+00
7.348848723501351377e-02
1.023837466303881394e+00
1.771872079910213005e+00
-2.461333564847163202e-01
-1.142307626845654012e+00
1.283041238595627132e+00
1.906397022803457131e-01
-7.638857204155645730e-01
1.251058823533101716e+00
-1.616308215922408253e+00
3.670355524259900221e-02
-7.266808451601830532e-01
1.626993517148469737e+00
1.284794813124242596e-01
7.511578890419667864e-01
-1.005885578690288273e+00
1.934568266950311255e+00
-8.442559190950146286e-01
-3.465966674521220869e-01
-1.502098672754263176e-01
6.404158522386759200e-01
-2.143418078295067364e-01
-5.519902585729591360e-02
-6.739675899475346954e-01
1.095838644671830675e+00
8.683677690092014290e-01
1.989429366317771564e+00
-8.621803042333112677e-01
2.786662917438172737e+00
2.710685183366113638e+00
-5.793029802299546338e-01
-1.464502233047677571e-01
2.696256030112426094e-01
1.638825103752288515e+00
2.303880121042447549e+00
9.352874601862917192e-01
-1.647136610953702451e+00
1.310869490832084622e-02
1.605332446148745040e+00
1.067586957680773802e-01
-2.809973655979567386e+00
-3.341690375449459793e-01
-1.186699644059958869e+00
-1.461868807185162877e+00
2.167872849669045365e+00
1.313232264527992799e+00
-8.435617742089968063e-01
7.408889361061551382e-01
-1.670568765724279869e-01
1.169980404549487707e+00
-1.147419124208656882e+00
1.025734535344274612e+00
-3.892958764388233517e-01
-7.057148447288598136e-01
-1.114421449484161997e+00
5.016789947211570677e-01
3.281699038050068795e-01
1.019473706842012328e-01
4.733795675821090843e-01
3.333418886149546734e-01
-2.522401435961593386e+00
-8.236803684732618702e-01
8.847204651449449564e-01
9.829142586862568143e-01
-8.736553551237690174e-01
-8.948380324040446920e-01
-2.112390856574621001e+00
-4.349415661753557871e-01
8.609796312934944185e-01
8.146035341696130638e-01
4.578015573903608804e-01
1.257403548009368599e+00
-2.190405652099655098e-01
-1.243188791217173961e+00
-1.068825583209530583e-01
2.539894506251853201e+00
1.601981236663273522e-01
8.983977834600477552e-02
3.527382100038791712e-01
1.108100461985906060e+00
-1.205964935209559830e+00
-1.232357614863870632e+00
1.151637694830600217e-01
5.658928667613605246e-01
-7.412319908309193961e-01
-1.149577537565666052e+00
1.192408252247416200e+00
1.300464839097221548e+00
1.424389514679038182e+00
5.272034573021060488e-01
-2.104035373277282975e-02
8.653355413158367870e-01
1.133413081718951387e+00
-2.468221193149067461e-01
-4.372102862577874061e-01
-1.514216955512719398e+00
2.055698768113743302e+00
4.976828056335100836e-01
-9.450629254811980795e-01
-3.584979381165416812e-01
6.509278940859927198e-01
-1.124778923684388809e+00
8.603436723306961964e-01
8.196012188315543456e-01
-1.509435748202483163e+00
2.588105645630455420e+00
-2.966347628910980406e-03
4.182723776101702207e-01
3.185345460638680515e-01
-1.088825199236807872e+00
9.126378039357254668e-01
1.787806430654956369e+00
2.426985389823335393e-01
2.427718257017076053e-01
3.187742892077647383e-01
3.800514853779318747e-01
1.376526091754293413e+00
-4.115703823094136182e-01
-2.110864855542594898e-01
1.094260864513858955e+00
1.000953531641181893e-01
-1.258878685233519867e+00
-1.008486632977394631e-01
9.304802067609981853e-01
1.371206467654945416e-01
1.309472065674991380e-02
-7.059435985115694034e-01
9.848660775567463777e-01
2.332863386769097047e-01
9.858164891454502810e-01
4.295857320336490814e-01
9.442217366446034044e-01
-1.204694415600623625e+00
5.685440323034606641e-02
7.095098397060090045e-01
-1.067276711244717458e+00
-4.686009755600046844e-01
1.561420516126778568e-01
1.114284062748690740e+00
-2.527661279830245022e-01
-5.978804694406784082e-01
7.518729889861677229e-01
-9.985830848129250148e-01
1.879327532831049252e+00
-7.884954087755641217e-01
-1.962851404326003135e-01
2.092821407293184333e+00
2.135798955132220678e-01
-1.060261760059355796e+00
9.768551425927393117e-01
-5.030963297442361259e-01
1.852484257603349282e-01
-3.067740096912283457e-02
-4.896206969368885886e-01
-6.550399089327377800e-01
-2.473944170602444093e+00
6.792834606918959350e-01
1.360218502907694083e+00
2.850440422623007897e-01
2.192486599204139353e+00
1.541581044556561642e+00
-5.952807443523578934e-01
-1.005388641459617372e+00
2.196471754046745162e-01
6.973410332421101643e-01
-3.118691533566020913e-01
1.430751631680563296e+00
-3.460402999169383542e-01
-3.779263459791735169e-01
-1.801703555275714075e-01
-3.119168303232891515e-01
1.236163783388388504e+00
1.770378340357322999e+00
2.097168879834760080e+00
-4.935987760128521806e-01
8.791868829605191671e-01
2.139246061569191948e+00
4.120655103923753226e-01
3.676128714493736571e-01
-8.793004953329514040e-01
8.604043187859758968e-01
-7.707742380402261562e-01
3.590918223801625175e-01
2.199398508966825094e+00
-6.704642482141237592e-02
8.210267271830178348e-01
1.212339942410068483e+00
-8.420654830355896181e-02
4.086413971078770579e-01
-7.458468558880741728e-02
-2.509812035063261781e+00
-7.396692802193459426e-02
1.584328014613496094e-01
2.020058424135992681e+00
-4.312724973829574204e-01
3.177041056510078107e-03
5.812894425382243435e-01
4.530867893866541984e-01
1.083647552811071169e+00
-6.175089894897433096e-01
-9.935673376790974398e-01
-9.707397823020424976e-01
1.463250508631636526e+00
1.131183618375457778e+00
9.117196641489209163e-01
9.292414753963305074e-01
4.346758647959922395e-01
-8.446656675729512509e-01
-1.291822844403326120e-01
1.851058447363895576e+00
1.352519163329102270e-01
8.688403567794912297e-01
1.722146372414259663e-01
1.432670429357921105e+00
3.266132924993179754e-01
1.238345073313011246e+00
5.895765690357507305e-01
2.629911855217572203e+00
1.033367119509058796e+00
1.102218383829496329e+00
-1.897475271595630453e+00
2.044470545063622191e-01
-6.491176167150484178e-01
-7.226657605524322570e-02
2.430447037847963954e-01
7.258384210699125871e-01
4.982468344805363603e-01
1.730109781390563706e+00
2.915126530468547639e+00
-7.161852653523858026e-01
-1.018461980848712090e+00
1.042867270760009513e-01
4.255576694932810544e-01
6.005782837204861613e-01
7.913528567514242773e-02
9.385360152618109630e-01
6.584021023111563675e-01
4.945301756303596141e-01
1.502347653192267041e+00
9.690025150960152045e-01
-3.736667246054802272e-01
4.309547358767787939e-01
1.554819556645686274e-01
-3.660060720784698574e-01
-1.436470365080715350e-01
-1.548523744258930579e+00
-5.117109807133052302e-01
-1.233251583592939848e+00
9.737857344749885347e-02
-2.087845924083036597e-01
2.587108868331562839e+00
8.752122734227378853e-01
-1.183457721897168025e+00
6.235017579662899267e-01
1.172904413179042260e+00
1.814931489330390002e-01
-7.263106016997285599e-03
1.128888397493072321e-01
2.206779826647158604e-01
1.623677951811178799e+00
-1.271878310468860240e-01
-4.117174692353940402e-01
1.798367276276640725e+00
-1.066411121512290672e+00
-1.995464657177737688e+00
-1.302595670902797931e+00
-9.188045004018193795e-01
1.043532733431069115e+00
-2.063068677805546702e+00
-1.230114970223349591e+00
1.026890805958909247e+00
-1.221623498981087158e-02
1.555841565094274959e+00
-1.181467440672151925e+00
8.838471009032575765e-01
9.843775383740333007e-01
1.711838246855556800e-01
1.204747489385036063e+00
8.850224893624496492e-01
7.459579314222416491e-01
7.149116452287510581e-01
-3.536659264762408439e-01
1.261420587643965252e+00
-2.148084253992156079e+00
-5.136127664802400128e-01
1.602130731780163853e+00
5.944301902880564370e-01
6.963189967070363418e-01
-9.521254001169862091e-01
1.545218367967140793e-01
1.314392352055301805e+00
-1.676948543696148430e+00
-7.138586034979684802e-01
7.498381683246028162e-01
-1.550434405908160951e-01
8.755336866025538456e-02
2.669939652163744737e-01
-5.292313560444745768e-01
-1.667625749739509722e+00
-1.184485936016846708e+00
2.108481081957557013e+00
1.053373745104731585e+00
-7.344061670203833048e-01
5.368651138016198310e-01
-1.066109981055984424e+00
-1.105686794953144148e+00
5.770910780059917977e-01
-1.197902182872399024e+00
5.541375372475886296e-01
1.390429014808749253e+00
2.160968763958181493e-01
1.985110450290284712e-01
8.100973306030986310e-01
9.277360493456547896e-01
-2.832757046802636403e-01
-3.928716671090728280e-02
1.179899688445700257e+00
3.684659580791360689e-01
8.285784257059124469e-01
7.866925479226332119e-01
9.303455666779641975e-01
4.263377763298684120e-01
2.023132724040195007e-01
-1.387677286046768099e+00
2.042501897743257411e-01
2.778087034514233444e+00
-1.111662915334005852e+00
-8.938723501622848344e-01
4.198222118803754954e-01
5.560097331581796976e-01
-7.953620295416686803e-01
1.512725171005768976e+00
1.090959488833343149e+00
1.501018292491444361e+00
