-6.324383368670108974e-01
-4.500301336235903449e-01
1.942927607538393053e-01
3.251708534213779145e-02
5.409535479813271097e-01
-1.362828923627634525e+00
-5.254636574722599818e-01
6.810277171643590588e-01
1.221964337621145313e+00
-2.572845194393585277e+00
-1.974452455403368778e-01
1.215515382982467196e+00
1.737263645196058526e-01
-5.683664694116237204e-01
-8.356471988992263122e-02
-1.171453526594938177e+00
-4.597409600805573565e-02
1.447871448159447905e-01
1.999184754489697624e-01
8.704661216531610624e-01
1.488510445178175434e+00
-2.224454996895215697e-01
-5.835528495880081268e-01
-2.145575053025813528e+00
9.318407997385822483e-01
4.645361271052779184e-01
3.214531184505952099e-01
9.351348133823913500e-01
1.015686102416135661e+00
1.046227577168149070e+00
-5.713317289219140838e-01
-1.734229495396915510e+00
6.727959202216253765e-01
1.161482815985797723e+00
-9.084771655914050115e-01
-5.350718607313555975e-01
-9.375052849489019791e-02
5.498942101758307333e-01
-2.043488534769231646e-01
1.189093067583323560e+00
-6.737514614101176580e-01
-6.686596715361661225e-01
-1.479018914618541292e+00
-1.013272034287640233e+00
-4.721705402285835684e-01
8.597684367131223082e-01
2.052864786118039492e-02
2.347847415319929798e+00
-1.399212121634779038e+00
-3.032670912039172606e-01
-9.110686523502229406e-01
2.008025725308126841e+00
-1.865638415896733460e-01
1.891046442937480032e+00
-4.450655149069374650e-01
-4.991247988739314634e-01
-2.503454517175993099e-01
-7.791681210006876634e-01
3.269084348626984382e-01
-1.086181715167364947e+00
7.959668016065192253e-01
2.949726930171743811e-01
-5.565645290523916211e-01
-8.612457796062147342e-01
1.117989753772667960e+00
5.536239263602680261e-01
7.197588242820908144e-01
4.419455202703242436e-01
-1.070999386427808009e+00
2.138362581244928506e+00
1.451699612598107203e+00
-9.012115780036742407e-01
-1.188793179230759112e+00
4.395187837577085865e-02
6.351411717033145221e-01
1.316128321553285963e-01
-2.408776570945193818e+00
-8.261749850142905416e-01
7.563588584646971924e-01
7.670011210900695708e-01
2.842160780377115392e-01
9.683464641395028716e-01
-2.708978905937349801e-01
-4.358810784624775336e-02
1.666145021894273714e+00
1.458753687734900772e+00
-9.733959334923870665e-01
-5.911359562204298035e-01
-5.080349126077581268e-01
4.905585531067691574e-01
-1.159438532617132811e+00
-4.676370484835074004e-01
-5.917768117950827911e-01
-8.392891897333609741e-01
1.715297512030585295e-02
-1.801972445400565226e+00
2.632267465241896476e-01
-5.239661818240477498e-01
4.174964026108755610e-01
-4.932066628076536841e-01
6.467354286377065276e-02
-1.428525827106250264e-02
6.514768962032919664e-01
1.034613880215531800e+00
6.618302923066532450e-01
2.100306269611895149e-01
1.195821657424641499e-01
-5.651689917236462080e-01
-3.158703139934647686e-01
-9.373007573055122110e-01
-1.132032909383551056e+00
-8.165936836654499320e-01
1.193450781256162330e+00
6.084538549121198958e-01
5.574502238052802400e-02
-1.602910345706453521e+00
9.922300127033296946e-02
-1.198764615146286960e+00
9.374121160044321388e-02
-6.784248741964460372e-01
1.347154336828083609e+00
-8.430837899295081650e-01
-2.803197486844549169e-01
1.193311980165247199e+00
1.858147872370322085e-01
-9.417809746770953172e-01
-2.349820859768423364e-01
-1.832315260559830850e-01
3.248554559769639472e+00
-6.205420880336872669e-01
1.966569295622994651e-01
2.410410703358470963e-01
-7.546054982297817348e-02
-2.439765233129222555e+00
7.846366823025697768e-01
-7.596124328410958082e-01
2.022404771865990991e+00
-9.407953927109280468e-01
-2.162634326310016508e+00
5.312002950743408003e-02
-5.245177410418372377e-01
-3.357607239993941617e-01
-1.620381093599821520e+00
-3.937570478868623325e-01
-6.711553372443340715e-01
4.361319090382641539e-01
-8.749234220997506029e-01
1.534135833795917447e+00
-7.997849196713336939e-01
9.708636223037875324e-01
-7.342672809758811203e-01
4.009764653199651696e-01
-7.172914543537661780e-01
-1.137012266051311560e+00
3.587039091634772192e-01
6.006254285818546368e-01
3.077036590979649322e-01
-5.458940828825411540e-01
1.303159466988144777e+00
-1.337427893228993137e+00
2.343969271932767384e+00
3.798507319081578792e-01
2.255819342844506359e+00
1.350538478677012044e+00
1.663111109676473687e+00
-1.241744009281263050e+00
-1.133434274643730921e+00
-9.368296344297730727e-01
8.732111689947928967e-01
-3.930932467395972241e-01
1.088029290313065750e-01
-1.965603297987721154e+00
1.916600818547163021e+00
1.486321806195883832e-01
3.210571720621832603e-02
-1.117521702491554247e+00
-9.205779885873076607e-01
6.315786412642167280e-02
-6.336623492404241942e-01
2.022891374626510697e+00
7.875297785356298597e-02
-6.450237721246874223e-01
-9.190928009980819935e-01
-1.648670718099543908e+00
-4.994821676310337022e-01
3.259886802863221078e-01
1.055931954008618168e-01
7.061210979067783500e-01
1.357838866788300958e-01
5.665209735886591602e-01
9.107655032349984969e-01
6.333206566161060647e-02
-3.414957223444154422e-01
-4.888857758552078714e-01
1.369669291652616527e-01
-4.111255152424515003e-01
3.596137539908725866e-01
1.283681212173546582e+00
-2.370012505387991131e-01
2.009921234095885634e+00
-3.113640515417680499e-01
-7.791324944244878425e-01
-7.352765828759134648e-01
-3.901531154676623481e-01
1.660464329098520209e-01
-2.249489653112689558e-01
-5.098337195870840111e-01
3.644812980870924868e+00
3.208052845916381512e-01
-1.592910141501291676e-01
-2.402443568070576907e-01
2.049620521945606733e+00
-5.224468804883198869e-01
8.843415734506872017e-01
-5.478080042160378138e-01
-3.777378105727907665e-01
3.790989483033619933e-01
-1.303224505236683317e+00
1.308136441998279720e+00
5.593459741947326425e-01
4.741000269695528901e-01
1.282364878258775542e+00
-2.405737003173808938e-02
-1.403802944689186427e+00
2.865448376574460942e-01
3.318044547210743933e-01
-9.425744121784426222e-01
6.155604906551968014e-01
-1.457518864505892520e+00
2.472705854624750732e-01
6.760840240423720005e-01
1.427371936202542768e+00
2.161911258360558197e+00
-1.845277353668760334e+00
-6.755724092145158899e-01
1.733498714762900239e-01
-4.998353124140967330e-01
-8.935691197752255732e-01
5.217182979078796579e-02
2.746144636713379952e-02
-5.336726020590857322e-01
2.942693579097572232e-01
-3.371991689579840745e-01
3.988844889563451096e-02
-6.356106330445594754e-02
8.659557785196575486e-01
-2.212682895163488705e+00
2.886208284514212297e-01
-1.116556997846674726e+00
-1.363757282391378223e-01
-1.500576559480713001e+00
5.129738376887050810e-01
1.220302425719121731e+00
-1.754953959132773966e-01
-5.482701332022740237e-01
1.188640999165629042e+00
-1.479118474685874873e-01
2.381651027221487915e+00
-9.781290988332520531e-01
7.598391665322595800e-01
-4.430431007575048596e-01
-7.893682735950422469e-01
-1.670798082960694320e+00
-8.560905823979272355e-01
2.958180973139462600e-01
-2.412055623121060477e-01
1.688837029142266632e-01
-6.532504450275453678e-01
-5.989968920386721241e-01
-7.198778707271724642e-01
-6.426544557909340538e-01
1.184271142267527388e+00
5.171208154899907816e-01
5.319441670773545905e-01
2.291237200567718180e+00
1.678066089239730607e-01
-3.503304259065215254e-01
7.509709836526445859e-01
1.188531370560543809e+00
-3.932330315860289166e-02
-1.128333556583430708e+00
-7.204471883480820793e-01
9.401261726116063588e-01
8.370049599864374246e-01
3.942884379179756871e-01
-1.585247266860254189e+00
5.137680831481341581e-01
-4.190339985315511551e-01
-1.377158065266782527e+00
5.890856267893986864e-01
5.788122132810237241e-01
-3.815336315880750728e-01
-2.107890680146477180e+00
-6.529655212127686292e-01
-1.001705894082061121e-01
8.535413468963140016e-01
-5.482330010151530431e-01
-7.317302336884475011e-02
-1.184747523210516462e+00
-1.933335737561001910e-01
8.790675221933173800e-02
-1.334089287873299612e-01
2.151167791630878567e-01
-3.355937914015471701e+00
9.026591516293681894e-02
-9.619218674567795446e-01
-9.128316413149399899e-01
7.134494441458593128e-01
-3.531102020434772060e-01
1.508059184729880486e-01
-7.074017141193503777e-01
1.588003384879195790e-01
-1.151044561251657106e+00
2.311040269404998515e+00
1.038111974865846054e+00
-6.059772979103661417e-01
-1.143408777281478494e+00
-7.813171339679855221e-01
9.392636312507401941e-01
5.905419369319026002e-01
7.204153785050196879e-01
9.688891680378227678e-01
5.631056655031831809e-02
7.366913008241708916e-01
-4.303311300544361284e-01
-3.943866929724359482e-01
2.940067166100546192e-01
-2.368425725380045310e-01
-6.343052314602547481e-01
6.089883121788449927e+00
2.521900106409784639e-02
9.028349973385959570e-01
5.788460862985271849e-01
-3.461035471582836198e-01
6.097881575968914225e-01
1.493703896416483379e-01
1.339713119887849357e+00
6.661329614894609744e-03
-3.228544440471328714e-01
-5.089888518656591199e-01
2.770125557090704627e-01
-1.065304786497039524e+00
2.080262406363487249e-01
-2.464759882804010149e-01
7.572448836220574409e-01
3.808815076168272085e-01
-4.736138011650583013e-01
-9.092285925049799211e-02
-9.251722264845004817e-01
-2.129403475363430776e+00
-9.486271593785298994e-02
-3.074843804080061305e-01
-3.735700294088935558e-01
-1.070081104286402462e+00
-4.595493334944941721e-01
1.491333408755784351e+00
6.497669406903673339e-01
-1.815838211501905886e-01
-2.019714878075276332e-01
-1.324617796941159220e+00
2.016461034626241489e+00
-5.702207665233652856e-01
1.185297150047362580e+00
-2.557771692524982710e-01
-4.877556793397718748e-01
8.526251080158385731e-01
9.073648203275069823e-01
9.531445861871723491e-01
-3.230310477382805523e+00
-3.041393927325665159e-01
1.543398376464762481e-02
-2.818689286556416151e-01
7.771453235991250263e-01
1.608012816604508677e+00
1.346490414016886961e+00
-1.183125914825471359e+00
-5.686511316857805198e-01
-2.506980293423619749e-02
-4.073032732903290043e-01
-1.247288148201199709e+00
-5.278375225320111053e-01
8.469977691092197558e-01
-2.550661832759294409e-02
-3.528549343931119409e-01
6.693760955337327290e-02
-2.447983854658188463e+00
-9.431705586974033217e-02
4.011828376505053861e-01
9.143628518376947234e-01
-2.501010251889698374e-02
-8.306583257686271926e-01
-1.465352283834819413e+00
3.731388056778916357e-02
-3.750078380464538341e+00
3.359768725855547533e-01
-9.680428880707137029e-01
-4.526026930579033491e-01
-7.110657570472475042e-01
-1.375574222356299225e+00
-2.027423797236626024e-01
-9.992513896993501232e-01
-1.614476886752134632e+00
-1.160196870356420717e+00
-1.974611604112430419e+00
-2.076443587290325077e+00
3.491886416928465242e-01
7.067425420239079603e-01
-6.225332384376812689e-01
2.342734346220056718e-01
4.883731456553468409e-01
-7.867293578609956262e-01
-7.998602592841209669e-01
-1.063568514196644665e+00
-1.911125807069322391e-01
-6.260401547666756272e-01
-7.030429557155110087e-01
-1.045041365136395450e-01
-1.885728895127002369e-01
8.592688342296352089e-02
-2.507179445332449852e+00
-4.285963842136794599e-01
1.082327015359808506e-02
-1.153321100815425604e+00
-9.539530244238787482e-01
8.493538198368230097e-01
-5.262979155153443278e-01
-1.230174124211181663e+00
1.333960059853823044e+00
6.022768549738396482e-01
5.039735004084910930e-01
3.451167934368777335e-01
4.780214265159442588e-01
-1.184681528318577565e-01
1.757779373355794039e+00
7.139523655791376600e-01
4.078035448140188701e-01
