-1.176271831385226757e-01
1.038187759951848976e+00
1.503583787627079005e+00
2.119196461017083533e-01
-3.429947746275963993e+00
3.052464415414703480e-01
-4.548539390299990992e-03
1.316478210151079686e+00
-6.329836740355027080e-02
-5.338651613700245990e-01
-5.385489230161899510e-01
-2.223936165917249907e-01
-1.488003594136210195e-01
-9.152716723370611929e-01
-1.256057999518038759e+00
2.697668142530580404e-01
5.297342317386344313e-01
-7.247061045677856139e-01
1.009498162339842464e+00
-1.115832766442238944e+00
2.052099884552524844e-01
-1.084669992453638265e+00
-4.815041337232003893e-02
-1.124094515640355896e+00
-7.354307565579882855e-01
-9.046232139467601241e-02
1.097190948421824075e+00
4.014266265170156611e-01
1.490043415828802953e+00
-7.936642442213543980e-01
-1.049147664353049236e-01
-1.101856805034771014e+00
-9.352096708062218600e-01
-7.097639919208728054e-01
-3.109152166069523160e-01
8.550100361744787936e-01
3.034994874890839522e-01
6.368240670759780508e-01
-4.861282041033725410e-01
6.799865737565418122e-01
-1.535575766594203806e-01
-1.916156232256739145e+00
-7.332139098588342785e-01
-3.869965233484573552e-01
1.351932330259353610e-01
-5.765105712138206551e-01
-1.633817902207509443e+00
-4.204009791377015803e-01
-9.768435015237836305e-01
-2.002302561649786039e+00
-1.532433303423338611e+00
-1.679283341600876778e-01
2.983939991078896625e-01
-1.762176099224467052e+00
1.002138868910452008e+00
-1.203396934911437732e+00
2.255882139133135844e+00
1.243751967738948361e+00
-1.181306905617568286e-02
-3.855111589823746465e-01
5.974933257788341834e-01
1.825030762490704950e+00
3.979715330747944924e-01
-1.320585961189908231e+00
4.101455942652921238e-01
-3.863214530513470191e-01
3.901138718410381290e-01
1.231097718416922282e+00
-1.071345988935307414e+00
1.121681601157944685e+00
-1.900997099102577970e+00
2.230980400756710502e-01
-3.962622840936032009e-01
-5.863523931340402368e-02
8.261731633806745911e-01
1.409246841534886663e+00
8.616848122201712368e-01
6.100379347295482590e-01
1.339862367239568197e+00
9.293397537296392841e-01
-4.225677659171132583e-01
4.204717420800809236e-01
2.353826893384028396e-01
5.522669500002700405e-01
1.462522459536512054e+00
1.054959239957929729e+00
-2.034914206079888377e+00
-1.265202212258071723e+00
7.826616726445094485e-02
1.248594736748964262e+00
-7.631024604269408540e-01
-7.049147232384045392e-01
-3.461454677914728717e-01
-9.948911304374680187e-01
1.500259876848899221e-01
6.123255149739247338e-01
-1.418418815504646435e+00
-4.546927557375798346e-01
7.943011456871666987e-01
-1.050855383540351129e+00
-2.998521526190972009e-01
-5.267242933617332090e-01
1.082732088725620656e+00
-1.046659842267418927e+00
2.732949437351454569e-01
1.349828880885441507e+00
7.515021091381003382e-01
5.643115628637655756e-02
2.674889998249668777e-01
-1.281113075776911581e+00
-1.058951206634585196e+00
1.185379805797317276e+00
-4.607983158848309446e-01
-2.392313963918144548e-01
-3.875707571308694699e-01
-1.648546442893786157e+00
2.316036443647033316e+00
1.853956937294066465e-01
-2.203277645381862271e-01
-4.577788946040321771e-02
3.333346226964151726e-01
-3.778192085571953074e-01
3.624263136111580685e-01
-5.234293763248813736e-02
4.641864664803938695e-02
-1.325216057062312824e+00
-7.977889353078029266e-01
2.055804974830749199e+00
-1.205437559191970820e+00
-2.768943081850163135e-01
2.639925363853018458e-01
2.749392048542349531e+00
4.088605976278436027e-01
-1.712823332125406328e-01
-1.270278131144000122e+00
6.614221644677500400e-01
-1.143734637808936361e-01
-9.758615120026156164e-01
-1.921959874505746679e+00
-4.461151429256290379e-01
-7.474999661360111347e-02
4.117707158485731100e-01
-1.531957488344824592e+00
-3.009136080983570993e-01
-2.125811895913402860e-01
-3.505632406633934384e+00
-4.538786185857392463e-01
1.419434057274392647e+00
-8.553768057048323215e-01
-1.092249173016393432e-01
-3.931668303242641382e-01
1.337804090328895690e+00
7.022524496987309420e-03
1.027536980168591185e+00
2.953029258038965266e-02
4.096720016737508407e-01
-9.123512014548712523e-01
6.740252921428607769e-01
3.793576775208742924e-01
-1.445901815379385669e-01
-1.606560493500074072e-01
4.405135931442525354e-01
-2.788193481645627081e+00
-1.245000745025328787e-01
3.476306530830978181e-01
9.506783965715503992e-01
2.857939024158852592e-01
7.118146586728152370e-01
-5.260847049588385227e-01
-4.204855313033014630e-01
-1.435595825779410806e+00
-3.006723609961535204e-01
2.490378371952662651e+00
-1.182026250454469296e-01
-9.268160217253322841e-01
-1.134835145250663535e+00
-4.772433790194881564e-01
4.428268364823070291e-01
-1.440914461662013042e-02
6.776123982118363587e-02
-8.431320550780969925e-02
-7.296242615703726342e-01
3.627593053064165352e-01
-1.285133636549189218e+00
5.065076505829525511e-01
7.704886101191414649e-02
-1.645942842334177980e+00
5.156180201879431158e-01
-1.549917649907030626e+00
-8.729181685591062001e-01
-1.656539251438812477e-01
-5.231038512437750088e-01
-7.083374805932249885e-01
7.726656324968429468e-01
-4.117508572315342619e-02
1.205453157392757380e+00
6.777100265934852263e-01
-1.393777540303082763e+00
-2.338836523444665083e-01
1.801086855102214668e-01
-2.872212659990662220e-01
-6.422934439136386287e-01
-7.734161252919349305e-01
-3.661998034976318150e-01
-5.752455574967869634e-01
1.421949776577987601e+00
2.583825541035483231e-01
5.744116058854339402e-01
7.846306282252158981e-01
-2.659628591579869528e-01
8.820031489902795119e-02
3.094499558125195227e-02
5.669282034679961058e-01
-7.304466571633296823e-01
-1.829690728811460623e-02
3.155339796115775308e-01
-6.474707720820412904e-01
-4.673137515249318752e-01
2.439449855188075833e-01
-9.029719728646580235e-01
-5.006557885143341213e-01
-4.978109752690435541e-01
3.953304055029742137e-01
-2.415462026015653851e+00
-1.091812531966565025e+00
-6.190214382858003628e-01
-1.021632595212988714e-01
2.500515806600651647e-01
-8.843864020117143676e-01
-7.002224394050688971e-01
2.077786018048898842e-01
-6.053999599559487521e-01
-6.424418589627970411e-01
-1.646316003160377628e+00
-1.190225840851153460e+00
9.159986974934412052e-01
4.073048143255013631e-01
-5.800427350693022621e-01
-1.400593831919670351e-01
-1.498498032039473349e-01
-8.685158906851047078e-01
2.040604294490976356e-01
2.312178959355363494e-01
4.837432259145971747e-01
-8.012833562685380828e-01
-6.337282511185992062e-01
-1.044230615318695765e+00
-4.688579175719110870e-01
6.331447890216145291e-01
-2.843708600980493495e-01
-6.613175900007081109e-01
2.456414161493306880e-01
-2.071726571462515626e-02
-3.133364130686286386e-01
1.055772007094067044e+00
3.895749883148518777e-01
3.678948249379645485e-01
-2.698354804632161041e+00
-1.408092045974867812e+00
4.123297737247164640e-01
5.817570719974717031e-02
-5.008415769059205297e-02
1.328776982920367167e-01
3.161947694285869859e-01
1.133891889478146585e-02
-8.922465905210262838e-01
1.275715203765561412e-01
-5.539595702562144508e-01
1.082246050474264948e-02
-1.452010544358185162e-01
1.975265806947914538e+00
-4.545625294539666350e-01
3.988223977236790563e-01
8.108517952124876249e-01
2.123127411565607137e+00
1.172467367125664239e+00
-2.347755646062114343e-01
9.092294260719886445e-01
1.104349371162567595e+00
-4.728253254762991853e-01
-8.408798975631307515e-01
-6.984819832809952000e-01
-6.780246029611448622e-01
2.215557766298704989e-01
-1.268917468467093967e-01
4.995878959740713277e-01
1.120294874021181109e+00
-5.409009568768828879e-01
-4.571698710064131532e-01
1.849800540021358630e+00
-3.345115281484477981e-02
-7.497151652008916534e-01
-4.671153857464436232e-01
9.785327930250198314e-01
-3.866451409822958540e-01
-7.647378684148429251e-01
-9.745481905439038472e-01
2.886311409688805396e-01
-8.427103453695110602e-01
1.731969288076881941e-01
2.643427187718490057e-01
1.330834570019177265e+00
-2.234512498831887073e-01
8.744731699952893456e-01
1.732051026545537442e-01
6.107429165256433867e-01
-3.382041422605131520e-01
1.161544453597997267e-01
1.500641907424476562e+00
-9.737318064211288871e-01
-1.027334731595427098e+00
1.085184360349501942e+00
7.800404584907013605e-01
-2.545167582610052825e-01
-2.687880024081427677e-01
1.715273029835387431e-01
-6.749647989969960182e-01
5.744476666358457884e-01
4.119240581026969994e-01
9.971100186042087810e-01
7.702012832009182963e-01
-9.778790726732852212e-01
-1.288089088964217421e-01
-2.054124943800336445e-01
-2.167747422995010276e-01
-1.099725390440312811e+00
7.065755669442058684e-01
2.769557526782452928e-01
5.720476025172268608e-01
-7.519003029211692724e-01
8.413533386487966892e-01
4.735789439806285112e-02
-2.180934170341941036e-01
-3.261119459813855426e-01
1.921599595099388325e-01
-3.779663006735216602e-01
2.088134632166194216e+00
3.346508481786037992e-01
7.584211836002249241e-01
9.638252121049977195e-01
5.526338771362122593e-01
-6.927479663076724359e-01
-1.667857768575316535e-01
5.106286273876944337e-01
1.159296651011097357e+00
3.001936047369234695e-01
4.609829181185439162e-01
7.403365174877211963e-02
-5.982343219566312875e-01
1.465430474545208195e-01
-7.935358276798022414e-01
1.930224743802207432e-01
2.549738915938867256e-01
-1.031277372149822513e+00
-6.942765125494215761e-01
-2.964125869617979525e-01
8.927473141785888799e-01
5.810912166238418886e-01
-2.890645067821845937e-01
1.130996772678856566e+00
-1.667737824723868778e+00
-4.113779330527173039e-01
1.003446772708262325e+00
3.209450737940312826e-02
7.160990879718677204e-01
8.358199287086048868e-01
1.516930183382146913e-01
5.057931883112745108e-01
9.671484818763604885e-01
8.257087237527062362e-02
-1.474251438159834171e+00
-4.210815009786174623e-01
1.858832185122644698e-01
2.731551018635658412e-01
1.242092928851379785e+00
-5.562344441899226277e-01
4.328131304260273704e-01
3.054208918412770202e-01
9.622505767096998230e-01
-1.142851458935066677e+00
-1.821660789684945991e-01
6.257956726095832423e-01
-9.273518869569349343e-01
-2.628501877988435598e-01
-1.111750705565382358e+00
-2.443963378027336208e+00
-3.768714148526392527e-01
-3.150197007041575237e-01
-8.450507871741467225e-01
5.611888764925898609e-01
-1.026509025797006425e+00
1.884155353778876330e-01
-1.171846955707036980e-01
-2.154926810887100030e-01
3.815838595115093601e-01
6.649979518019482061e-01
-1.157477494195376100e-01
-4.919629823311638117e-01
-1.429944288502989158e+00
6.005694498462473829e-01
-7.355060101709792741e-01
-4.264611535284000277e-01
-7.219081185351217470e-03
-1.066534938711055869e+00
-9.456018223319402338e-01
-4.961468798210190156e-01
-8.172497784987489133e-01
-1.465419908673512295e-01
-1.224606060458554468e+00
-3.080085847550222966e-01
-6.627360011664523709e-01
-1.561974722444983810e+00
2.077149279698384532e-01
4.801981781288843787e-01
-1.013760835341661171e+00
-1.910308616378953162e-01
1.538855898619991280e-01
2.078878345872283706e-01
-4.250349540579728136e-01
3.034106439030687108e-01
6.866831428393488368e-01
-5.753841122005303177e-01
-1.340605517202083208e+00
-1.221360178082026432e-01
3.176986512498682913e-01
-7.862366064087346063e-01
-9.927465420265170204e-01
2.588237327492073359e+00
-8.963120653701992513e-01
-1.213935563397282813e+00
5.800736472584453463e-01
7.012164171245491850e-01
1.382461655354754182e-01
-3.793212567006883917e-01
-5.189284192787491090e-01
3.170064564882989488e-01
