7.048212356126333233e+00
7.923700132417818232e+00
9.112600106219572282e+00
7.316654666627823822e+00
9.070596361749927894e+00
7.790352837376580020e+00
7.318714141945698692e+00
7.791932265659922585e+00
7.856395889677878941e+00
7.570312305828784893e+00
8.117197094662111923e+00
7.923700132417818232e+00
7.345831917201267380e+00
7.408702568769502506e+00
7.305359296963420235e+00
7.254292458681588229e+00
7.242319084268325824e+00
7.542002775386537294e+00
7.765762452150469564e+00
7.128798441292211407e+00
7.411275592236643561e+00
7.542002775386537294e+00
9.079350556219324631e+00
7.881102981085609471e+00
8.293800442362821101e+00
7.213747340500530569e+00
7.606878619384048967e+00
9.086468792594232013e+00
7.160940771994599885e+00
9.112600106219572282e+00
7.045475984793061919e+00
7.708663155569730030e+00
7.790352837376580020e+00
9.016506658861242585e+00
9.025270758423360462e+00
8.117197094662111923e+00
7.765762452150469564e+00
9.149166419774836356e+00
9.157861908527937800e+00
7.597627260870337018e+00
8.060316545328191751e+00
7.672096842014465956e+00
7.128798441292211407e+00
9.112600106219572282e+00
7.291674554745304349e+00
7.297906992822687400e+00
9.149166419774836356e+00
7.708663155569730030e+00
7.537847851072482008e+00
7.606878619384048967e+00
7.790352837376580020e+00
7.672096842014465956e+00
7.073095442052794724e+00
9.060276203652765759e+00
7.537847851072482008e+00
7.318714141945698692e+00
7.934011264328443502e+00
7.798588808461565769e+00
8.293800442362821101e+00
7.539394106430590270e+00
7.221479051450677034e+00
7.412646915487738575e+00
7.309399896210283742e+00
7.917669294640875322e+00
7.559420125742166263e+00
7.991110560909181260e+00
7.546832240712149087e+00
7.176037054604199383e+00
7.960266445973084082e+00
7.856395889677878941e+00
7.570312305828784893e+00
7.729196138595203713e+00
7.626329192934061751e+00
7.465710340611934726e+00
7.552466634065135409e+00
7.897017565208946266e+00
9.123035106149496087e+00
7.733586641311444687e+00
7.559420125742166263e+00
8.186403079081122414e+00
8.293800442362821101e+00
7.904168877173046504e+00
7.181156254314851495e+00
7.165999751164734199e+00
7.777070133122837348e+00
9.070596361749927894e+00
9.086468792594232013e+00
7.632463750894868504e+00
9.026754670096194033e+00
7.937999026117037005e+00
9.060276203652765759e+00
7.283364787450373079e+00
7.840282027226724182e+00
7.745799912192898873e+00
7.780926489947812996e+00
8.368336619352605865e+00
7.570312305828784893e+00
7.790352837376580020e+00
7.356455702915916994e+00
7.841483025318447098e+00
7.672096842014465956e+00
7.279315713464799664e+00
7.330668645172151443e+00
7.151773411908708411e+00
7.632122115734622625e+00
9.173291575933694375e+00
7.765762452150469564e+00
7.225122919120429366e+00
8.185614554731795778e+00
7.790352837376580020e+00
9.016506658861242585e+00
7.513109747187814769e+00
7.619188558771631925e+00
7.467870722367738523e+00
7.672096842014465956e+00
9.166549446868209827e+00
8.052267259690557566e+00
7.856395889677878941e+00
7.324896963381921644e+00
7.523377997572829656e+00
7.073791667908400527e+00
9.175228749284565666e+00
7.832226728142762440e+00
7.296488394551161605e+00
7.164864609792488181e+00
7.778962312524896561e+00
7.200475590681202576e+00
7.737432109680189463e+00
7.672096842014465956e+00
9.149166419774836356e+00
7.416236800733536860e+00
7.619826263506689124e+00
7.050334983672300382e+00
7.790352837376580020e+00
7.447841905791908523e+00
7.307353555776028742e+00
7.790352837376580020e+00
8.293800442362821101e+00
7.658673329750894432e+00
7.729196138595203713e+00
7.996257762106838918e+00
8.129313606252074109e+00
7.641584909492250333e+00
7.125047263473488712e+00
7.410184876192479564e+00
9.157861908527937800e+00
8.331770305797340015e+00
7.196331452665646111e+00
7.815005896611909364e+00
7.892962203233143015e+00
7.714089862785511009e+00
7.891848985903398450e+00
7.639979697952810511e+00
9.044304348574668140e+00
7.263812553700475405e+00
7.113815430215380431e+00
7.157259040528707317e+00
7.275793112055220391e+00
7.292400676936520831e+00
7.708663155569730030e+00
7.826919150931844094e+00
7.525275482944890904e+00
9.147333216710645587e+00
8.117197094662111923e+00
7.891848985903398450e+00
9.131752733074524286e+00
7.530522237997338664e+00
7.813636446678103198e+00
7.937999026117037005e+00
7.986875279059885813e+00
7.221775067958597916e+00
9.103896952564737077e+00
7.708663155569730030e+00
7.655754872326897775e+00
7.516953114677844106e+00
7.221775067958597916e+00
7.590955395945108819e+00
7.484956326335305832e+00
9.131752733074524286e+00
9.157861908527937800e+00
9.042784242664060557e+00
7.508252165027569980e+00
9.088099369875722644e+00
8.117197094662111923e+00
8.153763408217375996e+00
7.350941810973707469e+00
8.121473244109568057e+00
7.279315713464799664e+00
9.053072972416506659e+00
7.482516039945115160e+00
7.014948595956473909e+00
7.619188558771631925e+00
7.661654155042004533e+00
8.052267259690557566e+00
7.707864148703826856e+00
9.192561504301151487e+00
7.172087201399703460e+00
8.331770305797340015e+00
8.186403079081122414e+00
7.619188558771631925e+00
7.981750571295177288e+00
9.209857889488960225e+00
7.322655792222853677e+00
7.047469208900070115e+00
7.504167001467158649e+00
7.397561343584984073e+00
7.868793041698026514e+00
7.619188558771631925e+00
8.293800442362821101e+00
7.790352837376580020e+00
7.374702756063075348e+00
7.855282672348134376e+00
7.543104700236661131e+00
7.542002775386537294e+00
9.103896952564737077e+00
7.193825354083972279e+00
7.765762452150469564e+00
7.757961445924491883e+00
9.129983133312945753e+00
7.224370806837322689e+00
7.937999026117037005e+00
7.169807221317832102e+00
7.065676065714829868e+00
7.953098744509582652e+00
7.619188558771631925e+00
7.262062321033178058e+00
7.765762452150469564e+00
7.045475984793061919e+00
8.117197094662111923e+00
7.826919150931844094e+00
7.856395889677878941e+00
7.379670487178272786e+00
7.655754872326897775e+00
7.655754872326897775e+00
7.773657363985038593e+00
7.512372641284716046e+00
7.196069416440296962e+00
7.790352837376580020e+00
8.257234128807557028e+00
8.060316545328191751e+00
7.353760269459027832e+00
8.222180868287061628e+00
7.813636446678103198e+00
7.602494437112761183e+00
7.200475590681202576e+00
7.891848985903398450e+00
9.166549446868209827e+00
7.672096842014465956e+00
7.855282672348134376e+00
7.355801827566098794e+00
7.790352837376580020e+00
7.157162433268855040e+00
7.813636446678103198e+00
7.856395889677878941e+00
9.035531485964201082e+00
7.299875439993863679e+00
7.215958293410617230e+00
9.042784242664060557e+00
7.893892188655975417e+00
7.223774003268884414e+00
9.016506658861242585e+00
8.031886020048844443e+00
7.855282672348134376e+00
7.190968033609140164e+00
7.747357207466524898e+00
7.843660501551663167e+00
9.157861908527937800e+00
9.105579712705157647e+00
7.227911141430130471e+00
9.192561504301151487e+00
7.419511563321629311e+00
7.619188558771631925e+00
9.053072972416506659e+00
7.162283253836989161e+00
7.937999026117037005e+00
7.860690268283785365e+00
7.832226728142762440e+00
7.267783982994506786e+00
7.790352837376580020e+00
9.096842517208031609e+00
7.443449749459573717e+00
7.658673329750894432e+00
7.111550150580766783e+00
7.185665263784132506e+00
7.678151223047514407e+00
7.832226728142762440e+00
7.193825354083972279e+00
8.293800442362821101e+00
8.255237845148254650e+00
7.615114590469034717e+00
7.128798441292211407e+00
7.743369851363646639e+00
8.257234128807557028e+00
9.123035106149496087e+00
7.135520887844439386e+00
7.483885489878921327e+00
7.718628531261960468e+00
9.077744357300746358e+00
7.267368881062600039e+00
7.672096842014465956e+00
7.367697829386091968e+00
7.823756218814132524e+00
7.702667968396945675e+00
9.131752733074524286e+00
7.057056189747882513e+00
7.426194704616968956e+00
8.121473244109568057e+00
7.672096842014465956e+00
7.409716547060126501e+00
7.178940428172766453e+00
9.175228749284565666e+00
7.583197134008460516e+00
7.513109747187814769e+00
7.619188558771631925e+00
8.158027432881787888e+00
8.052267259690557566e+00
7.284379681422034736e+00
7.221775067958597916e+00
8.027676874464447110e+00
7.917669294640875322e+00
7.655754872326897775e+00
7.672096842014465956e+00
7.609713742337012476e+00
8.060316545328191751e+00
8.003217248747453993e+00
7.586811385695899190e+00
7.777070133122837348e+00
7.674855054304798863e+00
7.813636446678103198e+00
7.729196138595203713e+00
7.708663155569730030e+00
7.815005896611909364e+00
8.027676874464447110e+00
8.117197094662111923e+00
7.578787222568773352e+00
7.200475590681202576e+00
7.960266445973084082e+00
7.583197134008460516e+00
8.060316545328191751e+00
7.991110560909181260e+00
7.258559061825367920e+00
8.981407872926478575e+00
7.868793041698026514e+00
7.672096842014465956e+00
9.096842517208031609e+00
9.166549446868209827e+00
7.113815430215380431e+00
7.934011264328443502e+00
7.280088353072559748e+00
8.153763408217375996e+00
7.542002775386537294e+00
7.434603680039767681e+00
7.620834184730401972e+00
7.445949726389849310e+00
7.697468309515139495e+00
7.379670487178272786e+00
7.677963389585620746e+00
9.131752733074524286e+00
7.851572210167175214e+00
7.483885489878921327e+00
8.955047270715366992e+00
7.193825354083972279e+00
7.570312305828784893e+00
9.051533056320458570e+00
7.578569088941801368e+00
7.443078336975662346e+00
7.314099985632704026e+00
7.782366225748164723e+00
9.026754670096194033e+00
7.102388084952600877e+00
7.673190014550621108e+00
8.222180868287061628e+00
7.672096842014465956e+00
8.052267259690557566e+00
7.233511726102621608e+00
7.590569310750463927e+00
7.687283443573774022e+00
7.855282672348134376e+00
7.223774003268884414e+00
9.112600106219572282e+00
7.386560135622486811e+00
7.790352837376580020e+00
7.258341381513861990e+00
7.481299355017061004e+00
7.832226728142762440e+00
8.257234128807557028e+00
8.185614554731795778e+00
7.379670487178272786e+00
7.729196138595203713e+00
9.147333216710645587e+00
7.476117087515829596e+00
7.533511454029876653e+00
7.832226728142762440e+00
7.790352837376580020e+00
7.811282060915607950e+00
7.412646915487738575e+00
9.105579712705157647e+00
7.619188558771631925e+00
7.873678519366834827e+00
9.112600106219572282e+00
7.381936771921753682e+00
9.105579712705157647e+00
7.855282672348134376e+00
7.822612795010395637e+00
9.053072972416506659e+00
7.561841796500154977e+00
8.991613584270631065e+00
8.003217248747453993e+00
7.196098603776626135e+00
9.095186419519260212e+00
8.222180868287061628e+00
8.185614554731795778e+00
7.214811517123902007e+00
7.234045308832945054e+00
7.891848985903398450e+00
9.051533056320458570e+00
7.327601107810171044e+00
9.173291575933694375e+00
7.826919150931844094e+00
8.368336619352605865e+00
7.960215668073534978e+00
7.782366225748164723e+00
9.175228749284565666e+00
7.092232127736947334e+00
9.088099369875722644e+00
9.103896952564737077e+00
8.106422197038629207e+00
7.639060750668025257e+00
9.079350556219324631e+00
7.755023922229606015e+00
7.485456749456705694e+00
7.319931101005637153e+00
8.121473244109568057e+00
8.117197094662111923e+00
7.512227406507314242e+00
7.484264133107655148e+00
