1.384552031780025949e+00
2.085936454137381713e+00
-1.116915108392060541e+00
-2.396326098709136987e-01
-1.424757545449210738e+00
-1.386671984931581614e+00
-1.124735210553593712e+00
-1.026457314452995595e+00
-1.113494927961423020e+00
-1.083077919416707502e+00
-1.373600820380178389e+00
-3.585326683913130918e-01
1.749131120630826208e+00
7.402868900441586519e-02
4.993281294386044067e+00
-3.228109521167375484e-01
-9.309112905971966834e-01
-2.478677740076710989e-01
-1.174777146787113535e+00
-4.584303673167005044e-01
-4.215877711981936837e-01
1.812662760602195888e+00
6.175799243352482204e-01
4.756431830490887580e-01
-6.295916991064824941e-01
1.210924316254446076e+00
-7.316143446162209907e-01
-7.196952998212033381e-02
6.867611660023124065e-01
-5.843683387871844159e-01
-1.452208215855919637e-01
-9.145380987426545705e-01
-1.004876865346394865e+00
-5.199558673083046756e-01
-3.358756922181195259e-01
-1.144600050181103557e+00
1.882002885156105476e+00
-1.773987930501275345e+00
-3.035118331956186966e-01
2.877611231522291479e+00
9.368709628855305394e-02
-5.231889565731092651e-01
-9.873844293615801071e-01
-3.944134934816837523e-01
5.390179521440160437e-01
1.985262090168462112e+00
1.364741818547447583e+00
2.015059904050074291e+00
-1.134234520525163825e+00
-1.193973200018810105e-01
-8.061192346300920519e-01
1.471530035073866371e-01
2.954973705158279174e-01
1.592340517452876636e+00
-9.285187586690515360e-01
6.388392488374036171e-01
5.585385152227044792e-01
-7.809528834031045363e-01
-4.441710149608590341e-01
-3.477950615491860464e-01
1.499449569105798519e-01
1.215558425233064233e+00
1.194522684351338349e+00
-9.230631226671728307e-01
-2.469881594072740882e-01
1.147213430087816732e-01
1.575037889149775439e-01
-3.164844209013838450e-01
-2.834611566666302984e-01
-9.903895249693769332e-01
-1.378590255425661548e-01
-2.235915143827907348e-02
-1.013544367670418112e+00
-4.854719878971729408e-01
-1.719967385013136951e+00
1.565845641143756906e+00
6.919802595853791205e-01
3.323165813008514546e-01
1.492210481416412493e-01
-4.447788744095415026e-01
1.300560693205947471e+00
6.330968644500187814e-01
5.699637351011630493e-01
2.415852194823573829e+00
-2.112586135406508137e-01
-1.318989419848038969e+00
1.518623888145654410e+00
-1.017835955757887545e+00
1.592328071075230111e+00
-5.098715420209789517e-01
2.771095570316425061e+00
4.208533696210520758e-01
-6.987729916209063363e-01
-6.458552950131306591e-01
7.191977733683682095e-01
-6.859951783940561043e-01
2.435785464715674031e-01
-8.311029095720804394e-01
-1.638857692954596823e+00
-1.067936437794093418e+00
-1.211420183038780518e+00
-4.766630653015560548e-01
2.677837838246575064e+00
-3.815330139594830805e-01
8.375380364895325114e-01
1.181186249136552818e-01
-8.835787495421056903e-01
6.463310022225027263e-01
7.247747918600083716e-03
4.252310383791192971e-01
-3.568104489458486239e-01
-1.106201536579455441e-01
-8.047672855353887877e-01
-1.577996562277833303e-01
-1.451051947365782357e+00
-1.085303369228205889e-01
-5.464957494126039539e-02
-1.628642747525736456e-01
-7.842183783048294332e-01
6.965502231539215661e-01
-2.120389102931366787e-01
-8.007407150479921576e-01
7.257190087443337045e-01
1.126232560002716543e+00
1.155989855790023890e+00
1.343228091130743707e-01
6.828306517248157181e-01
-1.000608724414067119e+00
-4.936702023545699314e-01
-8.550221238920455713e-01
-1.096430634690022388e-01
1.131867967295093091e+00
7.016278781273365128e-01
-1.135962164140972286e+00
-9.035157381900994489e-01
1.764354928073308182e+00
1.104275385322787684e-01
-7.653275275896227470e-01
-1.832788237689954691e+00
-1.394645641571881922e-01
2.315675892976238437e+00
-4.680833737011088069e-01
-1.112845348666533729e+00
-3.969520933474912638e-01
2.461919671235318630e-01
-1.483252580203941795e+00
4.793680359112894585e-01
-2.977948070750639498e-01
4.542930822550254183e-02
1.348423397927356326e+00
-1.226766924886034948e-01
-1.418198345455310649e+00
-6.137550408554994785e-01
-7.912361395257483387e-01
-1.210551179097536512e+00
-4.491269623751637519e-01
-6.330597788874013920e-01
1.532707527511169898e+00
2.473629816469952392e+00
-1.831949577516858607e+00
8.535107121364443605e-01
3.985686457348938116e-01
-1.213194621988847421e+00
1.433580193076808618e+00
-4.243403504390905745e-01
-8.498537323722893388e-01
-2.364580056606005176e-01
-8.447300882907214925e-01
-2.792508459608952776e-02
4.365546321847666444e-01
1.392154151633437476e+00
2.349781727593331926e+00
4.633714948343101159e-01
2.469318356840624507e+00
4.142315463401581299e-01
-1.746778471643977426e-01
4.537841787834793750e-01
2.588880519031627525e+00
1.521946739955849948e+00
5.934949195755754303e-01
-8.874055713780769628e-01
-6.433588923360316070e-01
-7.306252347465758135e-02
2.642203930863891603e+00
3.857244663505867560e-02
6.052037762731557469e-02
-6.382700325680485953e-01
-4.570473857900374248e-02
1.429154290026327434e+00
7.573342732998077365e-01
1.090522259638764924e+00
5.309018304991123260e-01
-5.479286484839560600e-01
-8.485993211020549376e-01
6.460114697263451555e-01
-7.237883903475093028e-01
-6.149140438424836042e-01
1.359529421756687784e-01
-1.217003496642662941e-01
-1.054408782048303683e+00
-1.143290289153916922e-01
7.813903407685278690e-01
1.363441081101139929e+00
6.281570099279352171e-01
-1.366005246479007118e+00
6.251134381800368400e-01
4.940250618583971742e-01
1.776708654409492549e+00
6.761197454755971115e-02
-2.973294716838700488e-02
2.715020748267618633e-01
2.162363881461855541e+00
8.694355270879965403e-01
2.161896603243390391e+00
1.646345874628238892e-01
-2.714448902304194555e-01
5.146449681911640095e-01
3.527774868934333563e-01
-2.911679506889309696e-02
-1.209002354234659071e+00
-7.731809438575582005e-01
1.131297207764762280e+00
1.527936055773956747e+00
-1.851175738902680834e+00
-5.677690917762536760e-01
2.969032086086327293e-01
7.997856492688928953e-02
-6.045326173939831182e-01
-3.769836693590537524e-01
5.538916240614726733e-02
-9.434714156790994233e-01
-2.165583022812604119e-01
-6.885673532376995754e-01
-1.288985074892097016e+00
2.138979407772836350e+00
-1.046844252202840719e+00
2.723942483062639919e-02
5.283298503225725140e-01
5.603969862762302467e-01
-4.693619011440902100e-01
6.263264413173904588e-01
-1.982010444992652332e-01
2.101579043189481522e-01
1.233748291661109331e+00
-6.270612578415948324e-01
2.599643352453862022e+00
-1.361416095057313314e+00
-1.180632080693671537e-01
-2.491627145530164178e-01
1.177151831536717763e+00
-8.560469871443587841e-01
2.742518055771631325e+00
-5.507835360238044764e-01
9.046013450705664427e-01
-9.244401826590240567e-01
1.473554747481741423e+00
-4.536571291795794547e-01
-1.143114320011440421e+00
-1.048468857957502332e+00
1.481323494626178405e+00
2.232132414236584761e-01
1.149387743229841607e+00
2.817576086510748534e-01
-7.359188835504802961e-01
-5.067624871979902190e-01
-2.286289412244363883e-01
-2.289398520273730198e-01
8.512891244276202807e-01
9.070634317819564751e-01
5.416934079817946612e-01
1.091954348592338420e+00
7.011015982014771053e-01
3.070263044524181861e+00
1.325153682687224554e-01
4.387599395244522471e-01
1.115796462417933066e+00
-6.731138475758127182e-01
1.851858898379580426e-02
-9.471689511590046795e-01
3.545630091119693073e-01
9.662804098266954966e-01
7.911187055773644117e-01
3.775160631122375654e-01
2.475237401415372407e+00
-3.550059215439730353e-01
-2.016281880236261703e-01
1.656398674636269386e-01
-6.073551307758430218e-01
-1.225966532475202708e+00
1.160671422491084126e+00
-8.822678131387289013e-02
9.010740648336470482e-01
-1.511673360735810601e+00
-9.830948005797066624e-01
1.195126721798291519e-01
2.850162482160374822e+00
-1.141410448327021987e+00
3.533159300803622727e-01
-5.984587341354417056e-01
3.187716368575808090e-01
-8.264010941125717880e-01
-9.595486603661113056e-01
8.903076132799527809e-01
2.134062588752680054e-02
-7.695014631574526032e-02
-2.451898398231255050e-01
-3.096186930918550240e-01
3.798164264054210149e-02
5.162465667264728442e-01
9.664257178466155729e-01
-8.072790775182652201e-01
4.106777582453797204e-01
-6.113828502481789551e-01
2.980070758094664818e+00
-1.660686312026108946e-01
-5.243817434829715074e-01
-9.691458774274750443e-01
-5.604759144166978624e-01
-3.168632611765543894e-01
8.747908413973869424e-01
3.866754238343863559e-01
-7.918104566156665414e-02
-4.286970270248940396e-01
-6.551258954348629926e-01
-9.958303228808149665e-01
1.775363710597142708e+00
3.957267415424433055e-01
-7.777139763003405593e-01
-6.079504119461903722e-01
-2.643803757883139705e-01
-3.856942105601966764e-02
-1.074194712986550782e+00
6.629782444903981053e-01
9.297318102140265939e-02
-3.350820931013703263e-01
4.935227188652822061e-01
-1.261039796917358569e+00
3.091285988614423941e-01
-2.567578232064317012e-01
-1.801598065315102914e+00
1.194239366432095634e-01
2.823961860819566905e+00
-7.744782705482207152e-01
-2.213265454541669952e-01
8.282504169104644154e-01
2.994198542988629530e+00
-4.407960909090157808e-01
-8.793531528708864453e-01
-7.807507442419123027e-03
-1.433394209970057176e+00
-2.195517882865214987e-01
-1.056610458331971314e+00
-5.752257814741793540e-01
1.946629781165548079e-01
1.561358807125183601e+00
8.458561942428103331e-01
1.401486663777223862e+00
5.717627572922959756e-01
9.268939775036726392e-01
-1.004921099934972473e+00
1.662876603189378244e+00
-2.749693656623584254e-02
-5.695842695493994468e-01
-2.862441332340501243e-01
-7.557740751671163659e-01
5.564625858194063301e-01
-1.313340169400604163e-01
7.660431824865662209e-01
9.172195700690692621e-02
-9.165292576073292841e-01
-8.012213760311370780e-01
3.907419007610032913e-02
1.672145015711894445e+00
-3.590102885709483549e-01
-5.325836159464345521e-01
-9.398683202391022729e-01
-4.387745747121334361e-01
8.415906811866825654e-01
1.078189547213457278e+00
-4.212229204247284753e-01
1.243729228596524905e+00
7.361563732753066969e-01
-2.944637690686979226e-01
-2.877920865988208704e-02
1.204533439496552338e+00
3.215862037237590676e-02
1.165479034101607692e+00
1.386458014732253607e+00
-3.756084820701942051e-01
1.590298780181294891e+00
2.264980612498213475e+00
2.822273048819612828e+00
3.575667256020020890e-01
-8.560469871443587841e-01
8.745455679703165730e-01
2.790430543824415910e+00
-1.531530968091191269e+00
-6.137836587807892208e-01
2.834067008626630635e-01
1.483792006937731667e-01
-1.434860502294186491e+00
-5.697266798248646902e-01
-2.491627145530164178e-01
-3.818053141071719447e-01
-1.285351593521761204e+00
9.337207897516790478e-01
-1.118304446051739731e+00
-1.705518797134572551e-01
4.455954156153896784e-01
9.888446499026639636e-01
-1.940051646893284021e+00
-7.802576541363578366e-01
1.646454486310668486e+00
-1.194796412440392447e-01
-4.970938601322413275e-01
1.756265988724889260e+00
-5.225116578634461106e-01
2.892696015921006891e-01
5.042533394702746197e-01
1.517953514733510756e-01
4.754967439838183596e-01
3.197508242638252840e-02
5.497472149705756594e-01
-9.882305576144506665e-01
6.831563824826644149e-01
-6.413010268581564866e-01
-7.295258389672812926e-01
1.144532727376007530e+00
-1.177115482169683869e+00
-1.370984551029709397e+00
-1.606505873382784166e-01
3.076863303586412357e-01
7.014853948710803033e-01
2.163141804840751636e-01
2.257109780386143127e-01
1.220171924098294031e-01
