1.302968710889379267e+01
1.372742894532314573e+01
1.562730199699646860e+01
1.307679378215078714e+01
1.567343782055905876e+01
1.356886559925777291e+01
1.358453624012129168e+01
1.428963532458035068e+01
1.434239046927097583e+01
1.330221068232908621e+01
1.379901761136576965e+01
1.372742894532314573e+01
1.362150877864086951e+01
1.358471485132777268e+01
1.345992890551414867e+01
1.339731094531173916e+01
1.338252145129560766e+01
1.307622962510422759e+01
1.364914323668429574e+01
1.364888444004543011e+01
1.310034563492137849e+01
1.307622962510422759e+01
1.568529610226092075e+01
1.351529172274999624e+01
1.411879258484479571e+01
1.334704912208369265e+01
1.345563428352086177e+01
1.559140111978616261e+01
1.328075074323360383e+01
1.562730199699646860e+01
1.350848654065142540e+01
1.358031140062886166e+01
1.356886559925777291e+01
1.549634644515756854e+01
1.550817214459874016e+01
1.379901761136576965e+01
1.364914323668429574e+01
1.578072559818824416e+01
1.579272216455735034e+01
1.394479557885141396e+01
1.459205298954704055e+01
1.342688779943708788e+01
1.364888444004543011e+01
1.562730199699646860e+01
1.344321849997905360e+01
1.334189810352444461e+01
1.578072559818824416e+01
1.358031140062886166e+01
1.387048785028775377e+01
1.345563428352086177e+01
1.356886559925777291e+01
1.342688779943708788e+01
1.306188363555547305e+01
1.555563701169658053e+01
1.387048785028775377e+01
1.358453624012129168e+01
1.357974724358230212e+01
1.418785931091142949e+01
1.411879258484479571e+01
1.374046317079559110e+01
1.335667412439146240e+01
1.381552246636921844e+01
1.346485357793479132e+01
1.366871532394177002e+01
1.320264662894094876e+01
1.364857907963773620e+01
1.374929940700001119e+01
1.338190474884742365e+01
1.388085254651491951e+01
1.434239046927097583e+01
1.330221068232908621e+01
1.349571963549252196e+01
1.384371260708127949e+01
1.354291953237388846e+01
1.364599397695451088e+01
1.405786539899387577e+01
1.574482472097793817e+01
1.421949217821772393e+01
1.320264662894094876e+01
1.474249152127507401e+01
1.411879258484479571e+01
1.431344773773868262e+01
1.319857664118563534e+01
1.336860081267852962e+01
1.424162384096067591e+01
1.567343782055905876e+01
1.559140111978616261e+01
1.404928510298964994e+01
1.561439288393065183e+01
1.455196763757538037e+01
1.555563701169658053e+01
1.368900834256853472e+01
1.398942402480063940e+01
1.334666512601854471e+01
1.391815658631940167e+01
1.420751460105380559e+01
1.330221068232908621e+01
1.356886559925777291e+01
1.363583863815647135e+01
1.434882835021254621e+01
1.342688779943708788e+01
1.381101033326944538e+01
1.360090758419108070e+01
1.326913358779090224e+01
1.374063029767481758e+01
1.571157705063570731e+01
1.364914323668429574e+01
1.345202556477761213e+01
1.388028838946835997e+01
1.356886559925777291e+01
1.549634644515756854e+01
1.394637785826881604e+01
1.336243227860478200e+01
1.354548902055644000e+01
1.342688779943708788e+01
1.580473325391919559e+01
1.372172504340298715e+01
1.434239046927097583e+01
1.298527418292587399e+01
1.361144985019822506e+01
1.306278008813629832e+01
1.581675869787972033e+01
1.345507012647430045e+01
1.344910227246783840e+01
1.328571288222757651e+01
1.435010259016767087e+01
1.362033532346848830e+01
1.411471334714617853e+01
1.342688779943708788e+01
1.578072559818824416e+01
1.321222883171721563e+01
1.408046435621575654e+01
1.313799579407881524e+01
1.356886559925777291e+01
1.325376923611315227e+01
1.356886670209451218e+01
1.356886559925777291e+01
1.411879258484479571e+01
1.401958061450583948e+01
1.349571963549252196e+01
1.442282854924994950e+01
1.445039418128511066e+01
1.321166467467065608e+01
1.312817841271022345e+01
1.358649026206099997e+01
1.579272216455735034e+01
1.405409099986203181e+01
1.332529461560322126e+01
1.429013903592784906e+01
1.449581407046274961e+01
1.408665373108432028e+01
1.379958176841233097e+01
1.374997477892032371e+01
1.563796089062960348e+01
1.350773263396087387e+01
1.352453931984992508e+01
1.357630316872968024e+01
1.342376292740438437e+01
1.354806889990561558e+01
1.358031140062886166e+01
1.372228920044954847e+01
1.324605711521645723e+01
1.567537472685309652e+01
1.379901761136576965e+01
1.379958176841233097e+01
1.575677670800448027e+01
1.372992188049156326e+01
1.439504744215244969e+01
1.455196763757538037e+01
1.461218923385107438e+01
1.363974918678857584e+01
1.561532012201416109e+01
1.358031140062886166e+01
1.351585587979655578e+01
1.395128367943954295e+01
1.363974918678857584e+01
1.380170050081936850e+01
1.356580277117864775e+01
1.575677670800448027e+01
1.579272216455735034e+01
1.553187250106914519e+01
1.383324232811708399e+01
1.569717042250203676e+01
1.379901761136576965e+01
1.395244121255754521e+01
1.302050337832479165e+01
1.466519895331229151e+01
1.381101033326944538e+01
1.564977004634934232e+01
1.329871408809793110e+01
1.298612906727183791e+01
1.336243227860478200e+01
1.388569041512105962e+01
1.372172504340298715e+01
1.329814993105137155e+01
1.584085197602058415e+01
1.370487074149990114e+01
1.405409099986203181e+01
1.474249152127507401e+01
1.336243227860478200e+01
1.440558906166388375e+01
1.586500065182747932e+01
1.337182456007757914e+01
1.302872066823163344e+01
1.382807497026004562e+01
1.357136059342842493e+01
1.360849372766607601e+01
1.336243227860478200e+01
1.411879258484479571e+01
1.356886559925777291e+01
1.376449948528583889e+01
1.364615816722055541e+01
1.374487138024596788e+01
1.307622962510422759e+01
1.561532012201416109e+01
1.372972676992145402e+01
1.364914323668429574e+01
1.400039248635090772e+01
1.565130965272742358e+01
1.336026895747659538e+01
1.455196763757538037e+01
1.318442746157262846e+01
1.354743634881409520e+01
1.437155446647320822e+01
1.336243227860478200e+01
1.350523848752134093e+01
1.364914323668429574e+01
1.350848654065142540e+01
1.379901761136576965e+01
1.372228920044954847e+01
1.434239046927097583e+01
1.305880523052544184e+01
1.351585587979655578e+01
1.351585587979655578e+01
1.415809390283439129e+01
1.383844771193945711e+01
1.321710491495160689e+01
1.356886559925777291e+01
1.396536898365302193e+01
1.459205298954704055e+01
1.363221074700711988e+01
1.403371199066013375e+01
1.439504744215244969e+01
1.395079632001310976e+01
1.362033532346848830e+01
1.379958176841233097e+01
1.580473325391919559e+01
1.342688779943708788e+01
1.364615816722055541e+01
1.341170586172005663e+01
1.356886559925777291e+01
1.327596682430137953e+01
1.439504744215244969e+01
1.434239046927097583e+01
1.562616844702535701e+01
1.382739042902895754e+01
1.343871698341139442e+01
1.553187250106914519e+01
1.405408629401573251e+01
1.345006732898753476e+01
1.549634644515756854e+01
1.396593314069958147e+01
1.364615816722055541e+01
1.331857377418353217e+01
1.430856218577173422e+01
1.424153873449107088e+01
1.579272216455735034e+01
1.572096650502581738e+01
1.325643437125467194e+01
1.584085197602058415e+01
1.371933934657503507e+01
1.336243227860478200e+01
1.564977004634934232e+01
1.328244914838868773e+01
1.455196763757538037e+01
1.437171177685184809e+01
1.345507012647430045e+01
1.330527488331179420e+01
1.356886559925777291e+01
1.570906061288835431e+01
1.375043340519163415e+01
1.401958061450583948e+01
1.321773817546064755e+01
1.320418627371157960e+01
1.336508827586242987e+01
1.345507012647430045e+01
1.372972676992145402e+01
1.411879258484479571e+01
1.460723885043654668e+01
1.407462799517451835e+01
1.364888444004543011e+01
1.412183654710316993e+01
1.396536898365302193e+01
1.574482472097793817e+01
1.355144714030812558e+01
1.319380568187333047e+01
1.427026033357108403e+01
1.557946432932858727e+01
1.351279187193362041e+01
1.342688779943708788e+01
1.342597335832398819e+01
1.355234016055344526e+01
1.407288619082985903e+01
1.575677670800448027e+01
1.304116609157795992e+01
1.372805065251228918e+01
1.466519895331229151e+01
1.342688779943708788e+01
1.370652730649983120e+01
1.359922627361599368e+01
1.581675869787972033e+01
1.403490322590947237e+01
1.394637785826881604e+01
1.336243227860478200e+01
1.437794770751866658e+01
1.372172504340298715e+01
1.343429044383088922e+01
1.363974918678857584e+01
1.380200268082950998e+01
1.366871532394177002e+01
1.351585587979655578e+01
1.342688779943708788e+01
1.382397728767281286e+01
1.459205298954704055e+01
1.452322115349160647e+01
1.313813362707108823e+01
1.424162384096067591e+01
1.403924070438374727e+01
1.439504744215244969e+01
1.349571963549252196e+01
1.358031140062886166e+01
1.429013903592784906e+01
1.380200268082950998e+01
1.379901761136576965e+01
1.402938766213026156e+01
1.362033532346848830e+01
1.388085254651491951e+01
1.403490322590947237e+01
1.459205298954704055e+01
1.364857907963773620e+01
1.340257071462919392e+01
1.544921076854777908e+01
1.360849372766607601e+01
1.342688779943708788e+01
1.570906061288835431e+01
1.580473325391919559e+01
1.352453931984992508e+01
1.357974724358230212e+01
1.292337018095901335e+01
1.395244121255754521e+01
1.307622962510422759e+01
1.361569717192553064e+01
1.383718531902354165e+01
1.314529048690615731e+01
1.392829202854872861e+01
1.305880523052544184e+01
1.390508422115952136e+01
1.575677670800448027e+01
1.444356263711962285e+01
1.319380568187333047e+01
1.541403920333668864e+01
1.372972676992145402e+01
1.330221068232908621e+01
1.554374682131026475e+01
1.322965322629600138e+01
1.385574754243981310e+01
1.357818536945317334e+01
1.350008872721031850e+01
1.561439288393065183e+01
1.320592773776590256e+01
1.325320507906659273e+01
1.403371199066013375e+01
1.342688779943708788e+01
1.372172504340298715e+01
1.346418914516322118e+01
1.380124202080464357e+01
1.391617159244251845e+01
1.364615816722055541e+01
1.345006732898753476e+01
1.562730199699646860e+01
1.355815552681731617e+01
1.356886559925777291e+01
1.379317278798034963e+01
1.356145585748528859e+01
1.345507012647430045e+01
1.396536898365302193e+01
1.388028838946835997e+01
1.305880523052544184e+01
1.349571963549252196e+01
1.567537472685309652e+01
1.298199410547487709e+01
1.386505082687011381e+01
1.345507012647430045e+01
1.356886559925777291e+01
1.420299148477803008e+01
1.381552246636921844e+01
1.572096650502581738e+01
1.336243227860478200e+01
1.438717163759686457e+01
1.562730199699646860e+01
1.366988479621594088e+01
1.572096650502581738e+01
1.364615816722055541e+01
1.432631660240450344e+01
1.564977004634934232e+01
1.339948071640823102e+01
1.556746280452846420e+01
1.452322115349160647e+01
1.341001335443710296e+01
1.560335310681270826e+01
1.403371199066013375e+01
1.388028838946835997e+01
1.324029116443312759e+01
1.337227611348079925e+01
1.379958176841233097e+01
1.554374682131026475e+01
1.348698625217161506e+01
1.571157705063570731e+01
1.372228920044954847e+01
1.420751460105380559e+01
1.438000714678804925e+01
1.350008872721031850e+01
1.581675869787972033e+01
1.349546083885365455e+01
1.569717042250203676e+01
1.561532012201416109e+01
1.405465515690859135e+01
1.410421992120488532e+01
1.568529610226092075e+01
1.388714977901042325e+01
1.367632960181846613e+01
1.384243194376030850e+01
1.466519895331229151e+01
1.379901761136576965e+01
1.370817642878012421e+01
1.380280276411606799e+01
