6.372870422935300594e-01
6.982652314501830437e-01
1.143393546154704676e+00
-9.764738123734035824e-01
-3.065319515892465319e+00
-8.552550400620918536e-01
1.720361456975269265e-01
-3.307858381219285215e-01
3.888320244774099432e-01
3.391297844878470857e-01
-1.006225515283333261e+00
1.463308805707586036e-01
5.675730703165299262e-01
-4.819468648845516845e-01
-5.183946287414580301e-01
4.800000113385617384e-01
-3.958665170076786644e-01
5.583776569456240235e-01
3.253126602821440061e-01
1.039656383595841893e+00
-1.750243402023097028e+00
-1.085265734921994518e+00
-9.436926391054754892e-02
3.510916223021757876e+00
7.403425909518409620e-01
-3.643716764895926219e-01
-7.209577888680639146e-02
-1.138512476125006501e-01
8.456928637150789019e-01
4.474631319402464502e-01
-5.997507635907672885e-01
-1.378512341252020823e+00
-3.667400477356244082e-01
5.203313869340819853e-01
-7.552569870626628656e-01
9.311993656994148605e-01
1.505058839867816411e+00
4.338439961658459992e-02
-1.284627700685664065e-01
1.920728800027590166e+00
-3.641146732779228512e-01
3.111482174102447318e-01
-5.939001870817622875e-01
-8.215450087616180674e-01
1.771065606042199203e-01
4.122855741907965887e-01
-9.560986519972055619e-01
-1.249389030806504541e+00
1.896071446182895359e-01
-2.104086739305204734e+00
-2.423545042788805670e+00
7.310427882728550708e-01
-1.248990463681799223e+00
-2.957362804670924827e+00
1.470605568306528887e-01
1.825989015915460145e+00
1.819861062879488400e-01
1.824260903303694725e+00
-2.084777408209764538e+00
-1.403552088813890375e+00
4.087009431843944274e-01
1.210012871551723324e+00
-3.894786729757186983e-01
-9.945099729142307110e-01
5.461785475174192328e-01
7.763857099766114933e-01
1.023901889736262616e+00
1.098075569562048104e+00
-1.175547890198521461e+00
-6.694887235251408830e-01
8.438540568316957868e-01
1.133491033785962498e+00
-1.039741626809786323e+00
1.048592571758159453e+00
-1.118076718285224924e+00
8.604302259857408153e-01
-1.453655461880235755e+00
1.428577923915025805e+00
4.802090754477724710e-01
-9.440096981580999858e-01
-8.096251158158079830e-01
1.345630238786720057e+00
-7.582803078744157488e-02
-6.050276637042177885e-01
4.252414827121265839e-01
-2.467151048224129006e+00
-1.248800729801317733e+00
-2.413377818032786504e+00
-1.523299055884014930e+00
-2.417482561706147670e-01
1.530875356920889940e-01
9.961435806725514874e-01
1.131059105626222444e-01
-2.146276767177748290e+00
9.500291059570226126e-01
-7.550993139235414597e-01
3.730800686585385439e-01
-8.798648246483290469e-01
2.364727872801741793e-01
-1.222769433515561666e+00
-8.316194655833272220e-01
-2.378530972405573096e-01
-4.036630756530785735e-01
4.932294594131262921e-01
-2.885404687104334842e-01
-4.094612892829883610e-01
-2.857879868343863317e-01
-5.026997887289462730e-01
-1.446780035858275415e+00
-8.716640419398462569e-01
-2.896994432044635581e-01
-1.184972577219763623e-01
1.113080954610899259e-01
-7.857015795709251238e-01
-9.449217323813238756e-02
-2.016051692454829958e+00
1.115126962515819775e+00
-1.263505479112392749e+00
-1.221861363766817143e-01
8.864354427351406329e-01
9.443667841679501684e-01
-1.006752649867681537e-01
4.652048378505995729e-01
-9.308522028176662300e-01
-1.846763566742488649e-01
-4.986159257621017860e-01
-1.787989633681155710e-01
-1.014388365206573939e+00
3.878331362834294138e-01
8.576468229170552959e-01
7.937866643853453974e-01
-2.823096696721449361e-01
9.586718220248398037e-01
-6.575744745124917356e-01
1.750109271143330814e-01
-1.295499708236138858e-01
8.614130885653666914e-01
1.179496067478878807e+00
-1.073677738640640422e+00
5.606270485849652596e-01
-3.105963873177117751e-01
-1.144572291718270129e+00
-1.351860128660243854e+00
-1.279381965842918856e+00
-6.902552647486808191e-01
-3.131693502128136686e+00
-1.954075348593706796e+00
6.893633882125594914e-01
8.715346276003711756e-02
5.974023696545323059e-01
8.600543605126861335e-01
-1.951814803942921284e+00
-1.365758678760308209e+00
-7.088700446381138720e-01
-1.980845500060000874e-01
9.284284619994180865e-01
-1.203283252622606714e+00
4.055157422806780487e-01
-6.544703930666714298e-01
-2.170995418418889766e+00
-4.325290883181610591e-01
-1.357042395151405456e+00
-3.387257506487066916e-01
-1.567284885284002671e-01
-1.608183178670197666e+00
-7.749833262531182765e-01
1.030021102487736373e+00
-6.070017234724562893e-01
-9.085610407424256074e-01
-4.499064437153171836e-01
-1.275452242273718895e+00
-1.372068134145588036e+00
7.807098788054678273e-01
2.637657370986261185e+00
-7.055706834380404135e-01
-1.446609893022275273e+00
-1.807512869706466851e+00
1.508755080141462646e+00
-1.602526401757618402e+00
-2.524652052633339139e+00
5.269102324596459663e-01
-1.058918167668016608e+00
1.137181720601204038e+00
1.904051714768066894e-01
-3.589917556607121751e-01
-1.602318984326184470e+00
-1.713931588725497113e+00
-7.424112796111693724e-01
-8.832303970033691387e-01
4.714147115939568838e-02
-1.017163915959760745e+00
-8.748674234254203430e-01
-1.413475948554657524e+00
2.140365496367057752e+00
1.368582103439854557e-02
-1.620966254671493800e+00
-4.152798696867427419e-01
-5.368063726910473621e-01
-1.591889955439529825e+00
8.542858606196479521e-01
1.029234443321138254e-01
1.679105614078266751e+00
-8.892819567972594097e-01
-5.742164276423062930e-01
1.033005328583950500e-01
1.000127552052962471e-01
3.785528545489342811e-01
6.917014176687502625e-02
-1.363577126961106889e-01
-2.830902904653991858e-01
4.313291959260189823e-01
-4.754161506563808204e-01
-2.859199103458806013e-01
-8.990285786447307359e-01
-1.578194286894599452e-01
1.564749549961431230e+00
-1.510839052003542793e-01
2.563286439154866536e-01
1.086555525009299306e+00
-9.020028943556609446e-01
-1.163220304105531816e-01
-7.962118174240817581e-01
-2.781078919629882962e-01
-2.623448231131894071e-01
-3.156176034847872902e-01
2.341954654835421312e+00
-8.841611864062817183e-01
2.123867825545452601e-02
-3.323105234905429639e-02
-1.208902844013576561e-01
-5.235899821118896735e-01
4.070491725059665611e-01
1.649837834159128547e-01
-2.123806697361819928e+00
-5.331961388983189609e-01
-6.081132874127049837e-01
1.058026135143943502e+00
9.660354087967326642e-01
1.350330290945975564e+00
-6.207023143911925001e-01
-2.219908626583491362e-01
-8.926338445508191777e-02
-5.093368202162843472e-01
2.228297067070831528e+00
-2.077599575111010122e+00
-7.746268207915124604e-01
-1.486990667553993228e+00
-2.284497745170825656e-01
1.427950065420771519e+00
-6.802633582652234390e-01
2.580756107298354252e-01
-1.181922749990016008e+00
-1.530426570623042437e-01
-5.235899821118896735e-01
1.390181163044589940e+00
-4.460100520910612043e-01
-3.214274677085776633e-01
-2.588760868981259122e-01
-4.305205780287897910e-01
1.481360058754676023e+00
-9.161830853072572278e-02
-6.279279105445584319e-01
-1.531050348082853674e+00
-1.140072564007607925e+00
-6.793914825995772677e-01
-1.638748381001855050e-03
-1.584726328984038979e+00
1.759251257310517902e+00
-4.866606044638117634e-01
-1.809259995031883284e-01
2.238496857345214863e+00
-8.992760948591049797e-01
3.865482827000359112e-02
3.211822225358078597e-01
1.223572149504186468e+00
-5.931572128901317909e-01
-9.115538840312239488e-01
3.074496330417502143e-01
4.635926517864497609e-01
1.043564360389818368e+00
-6.332715509400708154e-01
-6.297584020039619368e-01
-3.068759613811096743e-01
-1.583879079691804970e+00
4.005059868162379882e-02
2.023446445163365137e+00
1.831068659632030526e-01
1.466869172567141222e+00
-4.178067643128716702e-01
4.190618031198962146e-01
-2.580769264626406878e-01
8.171490847637840060e-01
-1.823802133393163549e+00
1.324156656976823943e+00
-5.198193865874708441e-01
1.559228702196259198e+00
-9.309103784453457431e-01
7.550708713227958224e-01
-4.834089872368564356e-01
4.566015201347180863e+00
-1.156297161371046656e+00
-2.167913737831025589e+00
-1.887208317476136932e+00
-3.246406837217133301e+00
1.996322262794280322e-01
-1.551524509097774063e+00
9.343544418479576841e-01
-6.265381218836609811e-01
-3.577027086083678920e-01
1.425238154412602487e-01
7.523605964165169802e-02
7.335408826376775826e-01
-6.741873058627123605e-01
2.934054365520943453e+00
-5.657508955838910780e-02
1.329642751451344695e+00
-1.970761493160254618e-01
-7.680885588373348449e-01
-1.136175205255695708e+00
1.804339608176507515e+00
1.166478753485111985e+00
1.034538780580302575e+00
1.319627916453808725e+00
-1.188321090017889631e-01
-1.126086569773368407e+00
1.159999047366940539e-01
-3.128304016819544175e-02
-1.226906002152829411e-01
-9.294790574469388722e-02
-2.026128663789978912e+00
-2.380642437430213310e+00
-6.689770388757505515e-01
3.524233026163494209e+00
5.248768290024526939e-01
-8.657542575944977836e-02
-1.232717312143315924e+00
8.460775332730058329e-01
8.503451791907014057e-01
1.303585229346643004e+00
9.965992789277323682e-01
-5.242561350753098814e-01
2.123068243354832296e-01
7.299456443455549781e-01
-1.261254514081082023e+00
4.705415590368643985e-01
-4.757212709996716526e-02
-4.808257992953212101e-01
1.940696399451346199e+00
8.697428061443479574e-01
-7.578797750646871778e-01
3.535101190445650410e+00
-4.904115594873166284e-01
-3.362289354736915786e-02
1.334974248556606957e+00
9.550282076146063837e-01
8.831721633614937339e-01
4.971703409015301722e-01
1.011499107220731504e-02
1.780369612895605080e-01
1.278999380086773829e+00
-2.878572825466149343e+00
3.938521713168819938e-01
1.506457154109780427e+00
-5.662673234627699920e-02
-8.483617709006177066e-01
-2.277448357280741631e-01
-7.057376782761176637e-01
8.491034327845291552e-01
-3.167179491343529829e+00
-1.019064098117543615e+00
4.407258328022025662e-01
2.026166688855030040e-01
9.910005550746399106e-01
2.052232470946859788e+00
5.300346922485270618e-01
1.730984011352669494e-01
-7.118490180409502432e-01
3.110742847222566776e-01
1.818266467109521112e-01
-3.625676981982990932e-01
6.625602058402827454e-01
-9.535602674805245815e-01
-8.782612259348566708e-01
-5.946261989391595781e-01
-1.419642743828322340e+00
-3.629940429354123199e-01
-4.869755001077951673e-01
-9.669739644725736660e-01
-4.380757539759476404e-02
-2.930763090788780501e-01
-2.827994540430231463e-01
-1.940966754054464616e+00
1.858033020668905522e+00
-1.213958805216226011e+00
-8.458788958644987144e-01
-9.571263926642005204e-01
-8.095174060452476894e-01
-3.737155302169530291e-01
5.601832714725217821e-01
5.054705771639310674e-01
-5.757763858912263999e-02
-2.268134439067101271e-01
9.169602887097588750e-01
8.736346639197150044e-01
-1.400763712184022403e+00
-7.885747432792887812e-01
3.809498404908530644e-01
-4.194021729315485225e-01
-3.599381614745431612e-01
-2.072405308411093272e-01
-1.307247726611089900e-01
2.026018275149840342e+00
-3.710905659479560859e-01
-6.265498033724582472e-01
-8.740307470771494502e-01
6.684676557468892666e-01
9.997153121276562970e-01
6.815587267137642735e-01
1.220867843370912142e+00
1.130451912958535532e+00
-3.822041986973802596e-01
-1.850466237311899076e-01
1.689153975738697966e+00
6.275071644797908244e-01
-8.361464351267014483e-03
1.561661995821597149e-01
-6.966707818414548392e-02
2.802453287559948381e-01
3.153832672118832003e-01
-6.129633053709229173e-01
1.158490045937580065e-01
-9.248358588856472329e-01
-2.205628212926742937e-01
-7.983258385359943698e-01
7.189307284809888232e-01
6.715245828955608565e-02
