-2.044442971657731145e-01
-8.720361882397132947e-01
1.355412744295626970e+00
7.053668664873032901e-01
-1.708373274393938601e+00
7.009191817096311894e-01
1.942114842968453825e+00
-1.060694672299153707e+00
7.372868582165816032e-02
-3.849638674972625796e-01
-1.908524207992834620e+00
-6.731623222588778432e-01
2.638032509963846195e+00
6.710158022108705378e-01
-5.684049944486397887e-01
5.104036105036002802e-02
-3.284561208021710144e-01
2.445842136282027734e+00
-1.140504781024357372e+00
-8.281582401878937461e-01
-2.287598892328531197e-01
-1.431415310751011694e+00
-2.348395594454362190e-01
1.751718087673008961e+00
7.292744446750158982e-01
-2.838413565207944522e-01
-6.414551103069018323e-01
7.266518445320152564e-01
-7.960165679569648489e-01
-2.649127002983281964e-01
-2.346416533979549801e-01
-3.775723693841490092e-01
2.554575419818007620e-01
-1.138681862759336472e-01
1.267824158341589014e+00
-1.211717703986048139e-01
8.172344055561437948e-01
1.004799516925368286e+00
-6.765443633985117611e-01
-6.562418111489958239e-01
-5.467521412339844122e-01
2.687437681808207274e-02
-1.015098813130789868e+00
1.130210701912357729e+00
-3.124481768579864815e-01
-4.933729424222774163e-01
6.869940905777421891e-01
-2.298413960889047203e-01
9.415991842735590422e-01
5.660864616668780103e-02
-8.261946434319217270e-01
3.213797774354133496e-01
1.317052856304222530e+00
-1.644003570563607131e+00
6.849729720032154967e-01
-6.127613988349095431e-01
1.989389324978537710e+00
-2.355839759916215914e-01
6.909989397902609465e-01
-1.148490567584747879e+00
-3.752231355957737491e-01
1.484983624890944931e+00
6.440131246603244541e-01
-2.615473583630472873e-02
1.336209433088049181e+00
3.306583157432966824e-01
6.019749700103872447e-01
-5.108655792962074615e-03
-1.149696722444138342e+00
1.283787689352324568e+00
1.947705327244658446e-01
-5.003482935341857507e-01
-1.399716381089002093e+00
-3.668693626849110490e-01
-5.480086491633010537e-01
2.076135366712472674e-01
-9.683482000965257797e-01
-4.449244106096545553e-02
1.336209433088049181e+00
1.176062400290249554e+00
4.700525582535509672e-01
9.822706888914116696e-01
-3.407268400527962982e-01
-6.094421643029162006e-01
4.204097387727949720e-01
-2.720848926266285162e+00
7.635236060461745300e-01
-7.137008832590968632e-01
1.663757053112923101e-01
7.444547892349386853e-01
4.601128481267944825e-01
5.571539745048631476e-01
-9.597647742749290112e-01
-1.164977873061102009e+00
-4.564465030690310066e-01
-2.129463250860256451e+00
6.726986309319548107e-01
-1.296083019477117571e+00
9.667565662234702817e-01
1.308463641388976972e+00
2.758560679163860052e-01
-7.657742015425139659e-01
1.186601050795817347e+00
1.665590763540129249e+00
3.968050981028569540e-02
1.075145323834110656e+00
-3.622777558818323640e-01
-2.628318128968937795e-01
9.399164089867205474e-02
1.035854640305223118e+00
1.536607860710417217e+00
-7.072105047245957898e-01
-4.598306238897420517e-01
-4.764830460083380181e-01
-6.181323165150164334e-01
-2.460768211275564887e+00
7.078487999269919007e-01
-4.368609632455380254e-01
1.823056937041102332e-02
-5.550931286260236686e-01
-4.845400594903334079e-01
-7.608877582505757520e-01
2.641195876082401695e-01
9.388365842712065312e-01
1.376159328339693899e-01
-1.024979552405584221e-01
-1.774376039120997561e-01
-1.523945996575091222e+00
-7.422276193085611817e-01
-8.091035665668339094e-01
1.038264793882151121e-01
4.454296421419543517e-01
9.123033376963878005e-02
6.081587675695661055e-01
-9.484218156420667345e-01
-2.552125781076395317e+00
2.919218120431556152e+00
-4.982201166850878660e-01
-2.079748554366154689e+00
-1.659199754533955184e+00
8.444611115472439034e-01
4.412426456748744785e-01
-2.707247775886525432e+00
1.498777847175844780e-01
-3.061723229820561554e-01
-1.846592310311088392e+00
-2.613939990411687120e+00
-3.197203384167374152e-02
3.297798123254800928e-01
1.166922032748823224e+00
-6.178005159054663631e-01
1.286483206604798868e+00
-2.613823863321033114e-01
-1.113890694929256631e+00
-6.164595344093773965e-01
1.111887993976949263e+00
-8.822080328276825645e-01
-4.600089760208402323e-01
-8.662112205179761659e-01
-1.482157197243683944e-01
-8.708647214683120641e-01
7.988301276525252570e-01
-7.038719854436693568e-01
8.199336026958703449e-01
9.564988498608313350e-01
-1.250299059295943982e+00
1.459248588084041787e+00
-5.442484137387278986e-01
-3.246559487586990478e-02
4.302899995644591247e-01
-2.543113854440540722e-01
-1.814026439298749294e+00
7.286179244028181401e-01
-9.611419880297286111e-01
-2.904459323700390727e-01
-5.556367203434725566e-01
-9.741232059794351361e-01
6.259227076760643937e-01
3.400634091058207450e-03
-8.719011755079534298e-01
1.466754294432691674e-01
-3.745825521836453897e-01
4.986481339492037090e-01
-2.759801224425966759e-01
-2.492607052934043277e-01
-6.205537509592224943e-01
1.181058591745984682e-01
6.833272459567528712e-01
8.380386046001366829e-01
-2.070771071387398632e-01
-1.482916223844101378e+00
-4.965273309295932802e-01
4.264278355798432618e-01
-1.685483675565035977e+00
4.415015501134369469e-01
1.037901593662837074e+00
-7.973392347860371043e-02
6.785300369271175802e-02
-5.369665723635480559e-01
1.949972026915841872e-01
4.766689241873990901e-01
-1.137866103778406357e+00
5.771822294670323483e-01
-5.192032200970666533e-01
7.721790828281194230e-01
1.827859661544827541e-01
1.009180355869978341e+00
-5.185189668863752210e-01
-1.218129195308139012e+00
8.082530288315539768e-02
-3.290428324450924147e-01
-7.961188125734448562e-01
1.479288992214991216e+00
-5.039652267736729474e-01
2.236114618162795831e-01
4.295408317577686930e-01
-1.047303917560226783e+00
5.000727034238255930e-01
-3.002936956244121047e-01
-1.594376872980907356e+00
-2.173577707196026054e-01
-7.194488735159322579e-02
3.144287285128823384e-01
-1.228134874197674309e+00
-1.388935637986371985e+00
-1.391453672938288921e+00
6.476955721794087628e-01
4.496382660785780971e-01
-6.696705655560568626e-01
1.484933411753282861e+00
9.506087504652517561e-02
5.091391832136010764e-01
-3.146139112684882000e-01
-1.160918529600915683e+00
-1.536291059806975112e-01
-4.366663519068931798e-01
-7.379307797957458392e-01
-8.513869494778530944e-02
9.364633130535436889e-01
-2.793561529826437545e-02
-3.808992608962726012e-02
3.869647741983070599e+00
1.569437219304029574e-01
4.869962530928897415e-01
-6.608448364628137783e-01
6.380231897839033772e-01
-2.086786681571101365e+00
-1.303333444351980064e-01
8.701111479869921839e-01
-9.966213973018797079e-01
-3.998023098734589109e-02
-1.409763119038680568e+00
-8.101165738273707895e-01
-2.208818027626676950e-01
-1.223320402600141854e+00
-1.021997684063705863e-01
7.974642373924746286e-01
-5.365440222063733167e-01
8.084212511134670764e-01
1.490191480192058597e-02
3.606213610620249699e-01
-2.863103772667563995e-01
6.175244169511119596e-02
-1.233969695781754528e+00
2.079054847440308662e-01
5.663986186984911742e-01
-1.584604432674698193e+00
-9.683289332007626316e-01
8.225710510611163873e-01
-4.165114996927484770e-01
9.929478203424757510e-01
-1.339466758581060235e+00
-1.345047776882747570e+00
6.024943919469021303e-01
2.541364316825835523e+00
1.029098339134712825e+00
-1.586454005044370064e+00
-6.255983675047622761e-01
2.630762775058171909e-01
-1.648781047662447818e+00
-1.151884269575366160e+00
-6.745765004192814107e-01
-2.465691471233385779e-01
-1.917727842592194420e+00
1.282475808568830367e+00
1.607173385997834880e-01
2.566874585557379906e-01
1.695470514308027976e+00
-2.083745233033863720e+00
3.791815439275585953e-01
-2.267849215251822315e-01
-4.427311366981517837e-01
-1.310660998865770255e+00
-1.359129254392208885e+00
-8.231555630860346584e-01
-7.739831607916762835e-01
-7.432095169460450901e-02
-5.904197870377986962e-02
-1.015307975172484278e+00
1.936648297260599311e-02
-7.067480551281158929e-01
-1.135811220782300818e-01
6.502917912527780842e-02
-6.064124233251076967e-01
-2.677667157318647934e-02
6.271991691188409934e-01
-5.423531276030745668e-02
-1.079340279806525887e-01
7.229576411946024850e-01
-7.028674423891050072e-02
-1.032004980091401070e+00
1.162757706646861067e+00
4.774700810518726635e-01
-8.893418718026846470e-01
-1.062783721470433873e+00
3.150609004995580387e-01
-5.455785220992767082e-01
-1.342482224840149951e-01
-1.233142207253162814e+00
8.590370824577500120e-01
1.357824545474835665e+00
-2.122959121822271811e-01
-1.038986732356844467e+00
1.189085583382111233e+00
4.167942773841785131e-01
-3.235653399744788383e-01
4.422509404971054492e-01
1.469453928426622591e+00
1.109249557334195252e-01
1.514587581568588970e+00
1.734036674882660223e-01
-7.938567615825085910e-02
5.661448218735402049e-01
5.682302495923849950e-01
-7.130876972466201336e-01
4.174049073516759023e-01
-8.662118737366001353e-01
6.410818969402715117e-01
1.111238731692599346e+00
-1.108067712694582374e+00
2.178805307216094889e+00
5.809984333785555011e-01
-2.428152424716973623e-01
-2.235828073034056285e+00
-3.964399727817207175e-01
-1.524346126646242805e+00
-2.710650582479503523e-01
1.839315652442954585e+00
-5.451360635316656600e-01
1.200318774121019449e-01
1.511126137325621566e-01
-1.564471915334964214e+00
-3.177500516027761956e-01
-1.247251129161905281e+00
2.955949469132446161e+00
9.132622586969545153e-02
2.734651260625165503e-01
9.363698473792289034e-01
-3.919701705852954854e-01
-3.092734011756789192e-01
-1.483881892048358297e+00
3.750087162403771268e-01
-8.578669770259598204e-01
5.980233894164026509e-01
8.507820499545821757e-01
-2.934522641303508594e-01
-3.221576001044367255e-01
5.196839225753845382e-01
-4.434373521048736722e-01
-1.775745490536308369e+00
2.186645754284191889e-01
9.459080568958698754e-01
2.228438773769321479e-01
4.805335765850712315e-01
-1.331050188563705161e+00
-1.141421603625045744e+00
4.212328913478572551e-02
-2.549046119320156900e-01
8.567049218559986967e-02
1.385563346688022612e+00
6.998714690267292537e-01
-9.831050458665930789e-03
-1.071493144754022131e+00
2.278659621283573439e-02
-5.943122328660064430e-02
-1.204100055692455706e+00
8.220085305359555727e-01
1.396288529143199231e+00
-3.227028607574494168e-01
5.543704036548636749e-01
6.559321589936168984e-01
-1.876673226320736410e+00
-5.655073900610010362e-01
-2.111303476151748182e+00
7.094728679159295615e-01
3.453905773755733821e-01
-8.368522833768823332e-01
8.126360750438619274e-01
2.137091413995814149e-01
-3.929172541131664698e-01
-1.596828276312230788e+00
-1.181385380472411928e+00
1.058211106238121646e+00
-3.188552369382919305e-01
-1.907488331807606352e+00
5.043364752029780851e-01
-1.441649118541400432e+00
-7.567020053534554425e-01
-1.181318020466604946e+00
-5.346441364254621575e-01
-1.550162553078773264e-01
5.771478794519412370e-01
-6.370752799655278464e-02
-8.596009142179724671e-01
-3.127634315884225691e-03
9.442726043415691217e-01
3.962702764641887754e-01
-2.147883841434874985e-01
3.570848820392192313e-01
-1.201618654589166058e+00
-3.352625955689697013e-01
-6.650795899302303082e-02
-3.878858225802784276e-01
-4.883707388084994605e-01
-1.426216407734660407e+00
1.847689242386172381e+00
-9.784459953857318482e-01
1.052298444946611955e+00
-1.574490742026858126e+00
-2.296847001899787188e-01
1.856668449269266219e+00
-4.825132073196697347e-01
2.234112039256888060e-01
4.947270440112089968e-02
-5.507088809133827700e-01
2.575981944036733751e-01
