1.040266511186715537e+00
1.953125279615337773e+00
1.429412831792731042e+00
-3.757979522593322685e-01
-1.575401312358516437e+00
-7.362183168631579733e-01
9.690002112639442000e-01
8.641852083520072947e-01
-5.931583956160064730e-01
6.417074407491976107e-01
7.211865682607726535e-01
-1.664031695633321206e-01
-1.948766753868852231e+00
-9.669550198811212027e-01
9.589169683916921594e-01
-8.371774566491894110e-01
3.058699472782581696e-01
3.052658146047632637e-01
-6.155871978945904877e-01
-1.412291742260178173e+00
4.128634963140653258e-01
-6.343191080078206534e-01
1.346345931136480933e+00
4.515958269164191408e-01
9.665212154291082935e-01
-4.222133820990685016e-01
-1.237258744550235212e+00
1.354863228038674539e+00
6.031212803419814250e-01
6.048021514278654198e-01
6.286378861323945744e-01
-7.789166508921319121e-01
3.937606339660828514e-01
5.463829306404540676e-01
2.177780332774029073e-03
1.142830936567720695e-01
-1.890735602424902684e+00
-2.139210008314494649e-01
8.896477013123262889e-01
-1.162021846312345064e+00
8.862158804798572209e-01
-2.863875796791922057e-01
1.078121489876719519e+00
5.584620926714770062e-02
-1.183091826898803184e-01
5.309543620785587281e-01
3.677860355147939964e-01
1.025049614783307694e+00
5.179791953181597797e-02
1.267033209664880644e+00
-1.442040543258614971e+00
-6.130334156084343844e-01
4.603933529879110087e-01
-9.755988214057795815e-01
-9.464910268892848255e-02
6.483440498583686873e-02
9.154625047330043897e-01
-1.444052269974037961e-01
1.339508278947495246e+00
2.355937083724188863e-01
1.948650124170830278e+00
2.015921923346578826e+00
-1.426349891005637693e-01
2.776440835680674679e-01
1.140465925732923491e+00
1.159638117308808170e+00
2.484064242125974820e-01
5.642761021385560571e-01
-1.226036523131968314e+00
6.143209013618809999e-01
4.237390715630771215e-02
-8.105922136468161066e-01
-2.318765461650333037e+00
-1.583683622439410410e+00
-3.875160833778624192e-01
2.305526015826168118e-01
-8.024763422295261295e-01
2.083819733325079415e+00
6.102889959568017497e-01
7.878643632675196296e-01
5.387152485677724201e-01
1.571074108045803941e+00
4.449612066179293168e-01
4.301911204642150377e-01
1.213942326582334363e+00
-1.536684585765663913e+00
-1.731422121729774721e+00
2.332083990694791276e-01
-2.158053318225349737e-01
-7.746224781390731451e-01
4.052051836103666149e-01
7.364834809776260593e-01
-5.335181829430953870e-01
-1.002514163997899055e-01
-3.373338840085242651e-01
6.241648491887288319e-01
-6.029718738913975029e-01
-8.435166901645242410e-01
-3.045087842325736593e-01
5.610189914971511760e-01
-9.240085244404219189e-01
5.740231309070614740e-01
5.608973114737196841e-01
1.328427789045791396e+00
6.946315423029151281e-01
7.603618747744198547e-01
-9.580227573043507139e-01
3.330676055696851212e-01
6.276107660480226280e-02
3.955275964191007909e-01
8.187482924456922495e-01
9.986858097404281709e-02
8.977383851512896751e-01
2.335321528937172042e-01
-3.640085880194321999e-01
-7.915061586456675902e-02
7.055222226700560983e-02
1.183802524072978590e+00
-5.988289705183738043e-01
-5.959854992566531173e-01
-1.220004856688756245e+00
1.672306654281701943e-01
-9.953432390576431033e-01
-4.223631463697795074e-01
-3.712013208326557789e-01
6.767237025673160655e-01
4.043981082244533787e-01
-2.800194328173443714e-01
-2.278622605412786051e+00
1.676597803141333776e+00
2.709626005887025291e-01
7.776750917570569577e-01
-5.379958641820000720e-01
-2.253263424328962872e-01
9.406967454727537259e-01
-1.114433624132768141e+00
1.114012431206943710e+00
1.262032608571703518e+00
-2.672231471993654073e-01
6.203479767958000046e-01
-1.141699382416112990e-01
-5.656701951756092361e-01
-8.808407187958631201e-01
-1.195501284965841682e-01
-4.984623712736592771e-01
-1.520595484065905278e+00
6.280381940906377691e-01
5.583577452300499955e-01
-3.417763049935648723e-01
1.197905106863688784e+00
1.516075457218159922e-02
5.954850948163523672e-01
-2.226284993248659749e-01
4.935846423161454055e-01
-1.598811181667427195e-01
9.380254967516264974e-01
-6.041908749129947243e-01
-5.047666649224057389e-01
3.347652406493678012e-01
4.380209638983614817e-01
-8.164123290433946550e-03
-1.329239431544928740e+00
-2.658879711043732330e-01
-2.392735439591670843e-01
8.790030132885238157e-01
5.449990404030518043e-01
1.201382408166974836e+00
-5.191032632869395647e-01
9.714491930199825598e-01
1.163106509082746653e-01
-1.613815244775524127e-01
-1.009915748473966479e+00
-2.664291301248738808e+00
-7.805665103149053152e-01
-2.801287972377888291e-01
-7.536637246069848306e-01
1.126501810421387750e+00
-1.235415513968438850e+00
-1.554327821347233352e-01
9.381407297590453886e-01
-1.347651104435595215e+00
-3.678130753216967558e-02
-2.563587712597962254e-01
-2.687589967334027552e-01
1.311420495574474598e-01
-4.801485597212974965e-01
-5.013289176572187644e-01
-6.623172094300579585e-03
3.093668147273826441e-01
1.506512238647976343e+00
-6.056509011157048539e-01
1.734101368482952321e-01
-5.076829182115965011e-01
-1.372891328234201458e-01
2.219911086339893647e+00
5.914517712538610583e-01
2.581535690580387121e-01
8.582777359532950401e-01
-8.289890446982115524e-01
1.076725541024458943e+00
-6.752086787669650016e-03
1.914077390294667558e-01
8.524398442775963369e-01
-2.256271499934893177e-01
5.363133156789757355e-02
-8.444105106699236751e-01
-5.246737697471326456e-01
-3.992640347079352003e-01
1.555625855990488693e-01
9.047568379898827118e-01
-4.826692081264755130e-02
-1.418434811772102844e+00
-1.290532284556287212e-01
-8.054653510859735577e-02
-2.680417131018027477e-01
-4.230125271677168119e-01
1.961429441424300535e-01
-1.165697069358728521e+00
6.650883833384106936e-01
3.905297028491155897e-01
-8.404021149335905161e-01
-1.128485368151881524e-01
6.950497446208724339e-01
1.121100121367950342e+00
1.351970466038680430e+00
1.937989746379398470e+00
1.256379668955414530e+00
-4.354332965601259153e-01
3.098791142113011543e-01
5.496209220826294706e-01
1.271128958874561787e+00
-1.107925657254559493e+00
-9.053819950125094884e-01
7.088118862001664411e-01
2.868783828910007050e-02
-1.564868751883449483e-01
7.058638788664094443e-01
-2.044038258936708541e+00
-1.785271950135750574e-01
7.864488783979550757e-01
-1.328991194059991332e-01
-1.555405069410961127e+00
3.709836563430913836e-01
7.146287604856528253e-01
-1.556846298579529775e-01
1.796254910501205171e-01
2.185793211892331556e+00
3.359204402132977552e-01
-3.866310664892917970e-01
6.567671295011846544e-01
7.035497854296225428e-01
-1.281209272131968113e+00
8.113332138533975169e-01
-1.984839205349835101e-01
-1.541606284881640310e+00
3.156444357620749597e-01
-9.224877457895412913e-01
-3.344248747286670542e-01
-6.405491144939745585e-01
-2.965657108591728264e-01
-3.205796653009449493e-01
1.489329594418913549e+00
1.377229623778134793e-01
3.993467958472953772e-01
-2.910848118925170036e-01
-7.821263418602727446e-01
4.356511315366564663e-01
1.186765119443276145e-01
-1.015072858950637202e-01
1.421355301552914119e+00
2.100259406549853103e-01
-5.052102737461323656e-01
-1.571502269507114857e-01
-2.473746233505766667e-01
-2.878544698378514566e-01
7.718793039900326280e-02
1.225553317704676015e+00
-1.905320299021760755e-01
-1.319462242839475996e+00
1.499740100125424858e-01
6.456131122429659142e-01
-5.272202673475917534e-01
7.219971783673639898e-01
-5.610176522189985748e-01
-8.646321905189159329e-01
3.288824104347449206e-01
1.253790631726484084e-01
-4.891322161606286301e-01
-7.046602710670235581e-01
-1.136538445760657101e+00
7.128831090850265007e-01
6.614775784906460343e-01
1.034230972681591698e+00
-1.491308518283969153e+00
8.942950083042694454e-01
-5.485650208508008330e-01
-1.233108255280129573e+00
1.100513114177662066e+00
-3.809123112824197577e-01
2.362974700874106437e-01
-1.437827708674528360e-01
-7.040439942162977083e-01
9.699378614013882682e-01
-2.004415072003449261e+00
8.916961986795303163e-01
7.776372059196496878e-01
-3.931631419059990473e-01
5.883334071642302154e-01
3.972970723102831059e-01
1.220799858493712531e+00
4.341175297189477367e-01
4.113019854481677062e-01
1.203917959852455200e+00
1.445015236729226604e+00
-5.640498310449363339e-01
1.269543199453022408e+00
8.939483709475288808e-01
2.342055512200322820e-01
8.133512984392115008e-01
5.076941595365024734e-02
3.112641266684991817e-02
4.631501693592252611e-01
-6.103436200249685584e-01
9.429483991567270129e-01
3.689298793494212858e-01
1.047006358127130721e+00
-3.152793654651925292e-01
-1.095539395959725271e+00
4.161328295099767649e-01
-3.572895415872560321e+00
-8.873333228049423704e-01
-3.215181756480745001e-01
5.900021016219166858e-01
7.197426146181725715e-01
1.233447853171678821e+00
3.026531334934884354e-01
1.854931729526699824e-01
1.282033690370158574e+00
4.037161557268421214e-02
-1.775141337454769763e-01
-7.275662615849832759e-01
3.624272890640612976e-01
-1.706344834056574111e+00
2.922906734640551285e-01
-2.419845023770690329e+00
-8.661721137594892428e-02
9.471373323007985234e-02
-2.248971407694230484e-01
-6.491035835307930046e-01
5.542467382687045196e-01
1.573296241881245949e+00
-3.740350189424627991e-02
-4.394493789111754700e-01
1.874612073831997128e-01
-1.676916234501235392e+00
1.127140043354816351e-01
-1.136299674744553762e-01
1.432621067203561083e-01
-5.773229327088041929e-01
4.144213830215494609e-01
-1.030694611421274276e+00
1.119425433801519931e+00
-9.189585513989677323e-02
1.571979033134378367e+00
1.522239126064364623e+00
6.205419918383741074e-01
-5.766496656715056762e-02
-7.189615699139442206e-01
-2.064787621691261066e+00
-1.625404269414059966e-01
6.958353329408174526e-01
3.160476119708617859e-01
-7.798195579041805603e-01
-7.578307027439876720e-01
-3.080034062754441471e-01
6.489411906209470171e-01
-3.464525950445143110e-01
-1.625629786437147617e+00
5.368311724372422100e-01
8.771675132331036018e-01
-1.273837036406576806e-01
7.960240323343390489e-01
-5.080438324234911596e-01
1.875373357444822808e+00
1.111344859567265031e+00
1.499843481677275658e+00
-4.230835002079482710e-01
4.829587341880725582e-02
7.561866786349481506e-01
-3.639968332590483024e-01
-1.981830463209739435e+00
1.671129751204409430e+00
-7.317467630218439378e-01
-8.648489338439848684e-01
3.345708967130764377e-02
1.143753024133092211e+00
-1.578616336195523218e+00
-4.570687945054858203e-01
-4.411090635420832906e-01
3.044630108362083032e-01
4.559814675320185695e-01
6.651512206803440463e-01
-2.189070673118636012e+00
2.621624106943867272e-01
2.115260196317569008e+00
-5.299580664010932196e-01
1.216578161020720333e-01
-3.567758664296751259e-01
-4.292210441327437564e-01
3.001625302841024467e-01
-2.431164096089135640e-01
-7.488574873888695360e-02
6.315602100781070316e-02
6.600612491626670630e-01
-3.106508439125144072e-01
-8.050084528796179750e-01
-6.005146246311907632e-01
1.167823570516229870e+00
-6.642010072154603817e-01
6.372403687148863183e-01
3.521402516024720736e-02
3.550942984356528220e-02
1.773259360870270973e-01
9.589135943101022574e-01
-2.597088355180138808e-01
1.229236748929738998e-01
-3.569083763074415994e-01
1.294029185432790996e+00
1.664762645985861655e-01
-9.594695443612200059e-02
-1.033298388427106973e+00
5.888105359518495258e-02
-1.420315579756354848e-02
1.175147931617247510e+00
-8.102785118660468244e-01
7.384381034481293238e-01
