3.466883581001993786e-01
-2.938215490922232997e-01
-4.461933882122361972e-01
3.901330476894164234e-01
-2.570777421073711544e+00
-1.289960927365396248e+00
8.804869254988819671e-01
7.141646778384075356e-01
7.488575624496881522e-01
-5.127165938798771139e-01
-1.253216873460425651e+00
-3.773214188022178672e-01
1.079939471225963121e+00
6.790246604213454606e-01
-3.271992824718563120e-01
9.777450636380802251e-01
-2.084669181502568913e-01
2.949352239023506517e+00
-6.815700164814801620e-02
-6.701847127817320837e-01
-1.736527407263505351e-01
-2.801666234208746720e-01
1.511518832888339714e-01
5.811356645002654364e-01
3.053591370750638467e-01
1.632807934724815058e-01
1.475479247896833934e+00
1.508770798329307716e+00
9.803023233251605129e-02
-1.813866147104744031e-01
-3.952281718971170088e-01
6.843521552859336277e-01
-1.167568431341341612e-01
-2.956766990805670056e-02
-1.368124716848743594e+00
1.165864218887112114e-01
8.358973497807031805e-01
-5.707537519456541419e-01
-2.302224394883886360e-01
2.660084503394726241e+00
-7.684857621480449819e-01
5.924119473969987615e-01
-1.112296645785813221e+00
-1.506082568249710540e+00
2.108913885528730658e-02
-1.275451637323617715e-01
7.163032489532795699e-01
5.532216986353900579e-01
5.905215988920042326e-03
-2.443212875794624137e-02
-2.982001983974990056e-01
-7.343443799119424575e-01
1.191191824217685269e-01
-1.688019735015805045e+00
1.786877827107015371e+00
1.682358077244567873e-01
2.368226418454533633e+00
-7.996789398400846460e-01
-8.560117531495312626e-01
-1.170241758444984903e+00
1.858431199845038906e+00
1.829397828787387770e+00
1.443432945003176870e+00
-3.782213592525214829e-01
2.167789200179297104e+00
6.984736048578428502e-02
1.004858598376150658e+00
-1.478073723964788699e-01
4.222423550846252649e-01
9.699180464667873647e-01
-4.581159537328497594e-02
-8.779875106556297992e-02
-2.277447424366904727e+00
1.130594230966715935e-01
1.295096431916440416e+00
1.073462038272254837e+00
3.026464357494796364e-01
-9.924479389631271076e-01
1.735673116462339349e+00
2.149947666282505943e-01
-1.547053898323753618e-01
6.495745936168094703e-01
-4.181719398100708918e-01
-2.652066887816963980e-01
7.628353716469851165e-01
-1.688009043398179809e+00
-1.882201541690444957e+00
-6.768847199874993281e-01
3.758789253625274829e-01
1.338085392113104399e+00
9.891249328738638269e-01
-4.511589557304052089e-01
2.104194995648425888e-03
-1.093410179899320323e+00
-5.749810757468521993e-01
-2.686645455119102799e+00
9.277007683819817885e-01
7.897563960606622802e-01
5.433521542379380342e-01
-1.002751415847189076e+00
2.836042454407975977e-01
-5.240094766122235237e-01
5.617126148180555667e-01
1.348998175091254970e+00
7.587316531032080036e-01
4.861160767998426446e-01
-7.906212845336164641e-01
7.361106088312188156e-01
3.520085228154630208e-01
-1.189400291684397315e+00
1.946202618397046002e+00
-1.518866872698096726e+00
-3.806468320719511578e-01
-5.453019760681413475e-01
2.453027624984860933e-01
-3.908871514030107241e-01
1.154351175611328523e-01
-3.628667405994320250e-01
3.472323064433890383e-01
1.331507679042861270e+00
-1.194538898269002086e-01
8.617460324245801440e-02
2.606686609166445345e-01
6.123835288987736769e-01
-2.644833263792790157e-01
-1.015178689618989161e+00
2.189242672540594736e-01
3.374212093260808842e-01
-3.361022155466674155e-01
-2.707520785563817811e-01
3.584800230130613663e-01
9.857275130271878627e-01
8.993733250942652635e-01
-2.756040871068513587e-01
7.007485841396396964e-01
9.737121873401967109e-01
3.590877357770951295e-01
8.019376762502975486e-01
-1.999444970937287680e+00
-1.180500371608006610e-01
2.047528343568712564e-02
-3.425788950761821799e-02
-1.237705807490272925e+00
-2.901051195979773706e-02
5.572024410079053081e-02
-2.708603484869561928e+00
-1.241471241460967212e+00
-2.658919950873940563e-02
1.824814065548098774e-01
6.114650365094410622e-01
1.016104062743283132e+00
-2.019556963595986743e-01
-9.902046924631647817e-01
-2.439970600769479359e-01
-1.753171375679245247e-01
1.349276750238918854e-01
-1.646209594505828600e+00
-1.128659574280686632e-02
8.358433676235238474e-01
-8.740448207622144583e-01
6.857093776719816458e-02
-8.158756592570817201e-01
-3.132827022722644017e+00
-5.466083733903325248e-01
-2.810323966675875793e-02
-3.822028323140554407e-01
-4.456302293928837699e-01
8.310794666279387732e-02
-6.412985233070052360e-02
-4.228942968415889125e-01
-4.855321468886041880e-01
1.926356500833777297e+00
1.415276812830373876e+00
1.093287464861661507e+00
-1.272691474236497422e+00
-1.191508804613726991e+00
-1.494435684912683193e+00
8.327197479188543916e-01
2.099041186751031407e-01
-2.756852302006767452e+00
-4.761602735945397180e-02
-4.597078416361574105e-01
-1.527048305391989658e+00
3.387762235139150924e-02
1.585706265701960049e+00
1.801180373558063930e-01
-3.242793687236517619e-01
2.167788206062594980e-01
8.681221937556997670e-01
1.246625373381530677e+00
-5.003110542904746216e-01
8.300846158621080217e-01
2.095680531317170581e-01
-1.264599327039486631e+00
2.622571040291555633e+00
-1.486857477520764803e+00
-7.389266896552365571e-01
2.191516272629840667e-01
-2.503923855026276568e-01
-4.987312005417312011e-01
-1.164246192460917095e+00
1.420011378515008693e-01
3.237390583395376997e-01
-6.373305574270062834e-01
1.104383276516765378e+00
1.060728412071059168e+00
1.816185108805674076e-01
1.073974775396094428e+00
1.365461116614194781e+00
-6.354573896511801767e-02
8.790692957928332163e-01
3.247496818327425538e-01
1.124377150847701923e-03
1.812970054025232702e+00
-1.066765486895565163e+00
6.959445387789442439e-01
-5.135549690383940380e-01
4.464989637984113080e-01
-4.813601492278014038e-01
-7.355326349053833423e-01
-6.613148430336732719e-01
6.575106976586106988e-01
5.103226853469740032e-01
-1.270709256341372884e+00
-7.618959853467985877e-01
-6.584629919339417548e-01
-2.102468049508153247e-01
-1.220247440038511710e+00
-1.701116154447117834e+00
1.065387916164518417e-01
8.769579096961388487e-02
3.984406451695850504e-01
3.901514782980733398e-01
-2.097256586167438042e-01
-1.724546264776991578e+00
5.726969346377158709e-01
-3.183268614450504574e-01
1.967679615727513098e-01
9.186054009956705624e-01
3.721120344775893374e-01
2.217452084928477785e+00
1.354218504459666406e+00
-2.546583281970716817e-01
1.770071793505591629e+00
-1.468199713158653053e+00
7.363186859681806196e-01
-1.563269923841279274e+00
-4.919075323108983988e-01
2.936456429521208111e-01
-1.460664346959524296e-01
-6.342446576017053417e-01
-3.385775165957586319e-01
1.228790581494838996e+00
2.569923982853038469e-01
-7.024621753992318363e-01
-5.957394120803459758e-01
-8.070839490650932868e-01
-2.967782301543139045e+00
3.828149528625156006e-01
-4.295320181376086760e-02
-9.286810660141788798e-01
3.600117984445663777e-01
8.520418616842729831e-01
5.705354491196071853e-01
6.862753444934768798e-02
1.714950131214434612e-02
3.427806613779757483e-01
3.064962826569600507e-01
2.145552393082327536e-01
-2.754450910388175217e-02
1.775136226101267978e+00
5.268726305542201782e-01
-2.355780546248398721e+00
7.614126641664613615e-01
8.093036447136734424e-01
1.125569978140769312e+00
8.270213414528042317e-03
-2.901589913437100932e-01
4.835463187863607848e-01
1.294631014474311614e+00
-5.642188142725810263e-01
-2.748927098331406804e-01
4.553629466599277698e-01
-4.400083258875118752e-01
3.702618352695840609e-01
1.704295315210766049e+00
-8.845995216288588328e-04
5.010224029583160155e-01
-1.368487072194567666e+00
2.264031275611478655e+00
-6.747905162823464309e-01
-9.104221587392610227e-01
-2.600986927313101216e+00
-8.407840808673650024e-01
-8.606483253143702994e-01
3.074428846539675741e-01
1.203321257204344324e-01
-3.058097534580089816e-01
-7.374995457304835966e-01
1.878151366601373162e+00
-7.506332040296315178e-01
-1.116366107523044882e+00
-3.259277529881794977e-01
1.116749949188871938e+00
1.534472204540357765e-01
4.062409985981464411e-01
5.451479930703330146e-01
2.092168835579102382e+00
2.940959065788252280e-01
-3.449130011044672650e-01
1.491984073167949565e-01
1.652226650070682146e+00
8.892044968486877421e-01
1.058163237659087930e+00
-1.819164356004098759e-01
1.152170741577978941e+00
1.898307296846792336e-01
7.051824418428751517e-01
-1.960413339239437322e-02
2.821546976996615719e+00
1.834528084519163604e+00
1.439305535377019218e+00
-2.608553499480666948e-01
-5.147743404181071014e-01
9.594681921193461138e-02
-2.040923244712017359e-01
1.005188802540432524e+00
1.664164589872460409e+00
-1.039137637105883138e+00
2.503225308609466460e+00
-3.855043427818363733e-02
-5.080722835454763997e-01
8.836919089328328092e-02
9.582143922896705357e-01
-1.742510043030342792e-01
1.098887659251490900e+00
3.989023816503317610e-01
1.090893769610392861e+00
6.905046022341370104e-01
-2.645919312849823180e-01
-2.998057297112065034e-01
1.113859119112840634e+00
-6.745594166855484186e-02
-3.955964769709566231e-01
5.186450179379310521e-01
-2.535021436330541889e+00
-2.540046100118134031e-01
3.409077418366297102e-02
6.180338952539166097e-01
-3.464035097877460889e-01
1.243225437986874793e+00
5.460650639429655007e-01
9.367208063319473199e-01
1.727088708795275207e-01
-5.763699897909703163e-01
8.875874681010595957e-01
4.874857576742430698e-01
-8.794777678307943991e-02
3.596466201519867845e-01
6.818814764681989660e-01
-1.521550106315825435e+00
2.273804881105151998e-01
6.087218680961542505e-01
-1.696101301671593120e+00
7.235699593102615790e-01
-7.415855366276641325e-01
-5.911346790985720911e-01
9.434887220759163862e-01
1.282724755876296419e+00
-7.436184534592319428e-01
-5.923677455057509977e-01
-1.575047948451771818e-01
3.066171183646339560e-01
7.551720910135727438e-01
8.405265157709421731e-01
-1.207446570756636639e+00
-2.781913934123574350e-01
-1.505565886641689784e-02
-2.836609897953245585e-01
1.794383673594628359e+00
3.572350551908233252e-01
1.269710384041953036e-02
1.713629942286737096e-01
2.925271581703380031e-02
-7.246981582329423688e-01
-8.067392589540629544e-01
-1.290093317460130340e-01
1.131912216493136392e-01
2.862476467152040294e-01
6.888786328824023641e-01
-1.079245166866635408e+00
-1.287221698426800565e+00
2.215824543895614340e+00
-1.985832805110725463e+00
2.674472015223465782e-01
4.910456972424279143e-01
-1.543070601610779802e-02
8.927805595481742573e-01
-3.915058669139890313e-01
-1.029546829884783049e-01
-2.001514900147884024e+00
-6.087006948620556912e-01
5.201113146741618287e-01
1.085988940323987961e+00
-1.384029033759136107e+00
9.458345296556703863e-01
-2.328091679293056604e+00
-4.981899814100905211e-01
-5.969644529227304819e-01
-5.037650287952744055e-01
3.368886101873226901e-01
-5.558208344292958625e-02
-1.448229277029708273e+00
5.620883472805799919e-01
1.748223342406099098e-02
8.319782338958325862e-01
-2.979659999866401954e-01
-4.565134848006283663e-01
1.180698704082286721e+00
-4.041560584431077019e-01
1.135905766232208958e+00
9.709895479942326491e-01
4.267936508132052498e-01
-7.224702070316307845e-01
4.341386305250246463e-02
-1.880695164076825243e+00
-1.138089856696505864e+00
1.811861189918800852e+00
-2.466915979045856133e+00
-6.819023774089946754e-02
-9.037376719635915601e-01
-7.084974867138933430e-01
1.032125344288765456e+00
-1.409278465466895947e+00
1.208770705170973125e-01
1.163020697958874639e+00
