6.767068661268248464e-01
4.474988570338635507e-01
-2.978782970516341000e-01
-1.141789639860718575e+00
-3.403901284328030741e+00
-1.274630896402351610e+00
3.169676644674264132e-01
1.664111453063468415e+00
-3.231888058926060125e-01
-1.370474829558970375e+00
1.392469159247001098e+00
1.087390000708257087e-01
1.951879794137167945e+00
3.291898882633718659e-01
-1.961369955971334678e+00
-6.925827042055801019e-01
-4.892041516741926083e-02
1.095001675446372502e+00
-9.467490133736249369e-01
2.471797925133430718e-01
-3.349346330287867879e-01
3.414063960125240937e-01
-3.035010798896936035e-01
-4.557473973801449141e-01
-1.259787749223583164e+00
-1.142234975294425414e+00
8.770753040456839844e-02
1.460844203174461509e+00
-6.930627740762985711e-01
8.558661541630775416e-01
1.403505649101912667e+00
-2.077744798339138388e+00
8.838138163311144435e-01
8.135484354738653501e-01
7.324604691820976177e-01
-4.434981977840186662e-01
-3.561986062633017147e-02
-8.124553124299913609e-01
-1.798802795451456826e-03
1.118758956391887605e+00
1.406066311743508213e-01
1.832096332252093340e-01
-4.952834385142737550e-01
7.712474986190510640e-01
2.334872204893888858e-01
-1.049136535188192942e+00
4.898535871824368781e-01
4.061434762277194577e-01
-2.185825746654214072e-02
-6.382101110603046745e-01
-4.365678698411080694e-01
3.875675468284511815e-01
-7.853605372571587084e-01
-3.380209800215783655e+00
-1.158714536142736007e+00
1.552306284373208278e+00
9.280783904411521457e-01
-6.919408176996136861e-01
2.193769150716607941e-01
-1.096829622927877779e+00
2.749721321093510640e-01
-1.309244356438518109e+00
-5.773248360852143435e-01
-3.045639789999581848e-01
1.461400067177683670e+00
3.127755071677122967e-01
7.866377366180027364e-02
1.019526495609706318e+00
1.565465855930730787e-01
-5.641670260536514325e-01
-2.938902675698179881e-02
1.461219351531890531e-01
-3.034784121052149231e-01
-6.383543979557148029e-01
-1.755017991900042207e-01
6.622368998367345050e-01
-2.495848117220808682e+00
9.952318412682886750e-01
1.488177154710546457e+00
5.529949774581266464e-02
6.629244882132644123e-02
3.431926747855800763e-01
-1.321229096859090513e+00
-1.177261210357517740e+00
-3.161058358864234918e-01
-1.080464809815731231e+00
-1.554086825338468536e+00
-2.786417645898021878e+00
-5.750716446081418631e-01
1.844697879729251921e+00
-9.517652852113618334e-01
9.783412409063799720e-01
7.867390487081331596e-01
-1.726785397870277183e+00
-5.201636926617340118e-01
1.195303968485314838e+00
5.441473793229888445e-01
-1.384353084069366080e+00
7.982903716869622635e-01
-1.341540761908543100e+00
1.166524208911582650e-01
1.305613497370230469e+00
8.986038390705354262e-01
-3.258270118685105410e-01
1.429609653832362159e+00
1.563451906908719824e+00
-3.359179939867874554e-01
-1.980952589548424028e-02
8.088211949874483109e-01
-7.040141661675143325e-01
-5.405574660202022708e-01
-3.161849306209402188e-01
-2.622610757572395812e+00
1.779733318762038302e-02
-7.077416944788869069e-01
5.379212222999324444e-01
5.767804755958163554e-01
-3.577151967614878858e-01
-2.542355187014758044e+00
2.809892606460070441e-01
-4.328803162353642708e-01
-1.197281501376097790e+00
1.328574439750010550e+00
-3.023822864323633119e-01
1.019754998259243539e-01
-1.264262223157061937e+00
1.609016797128323129e+00
-2.233249710403917287e-02
1.197336351782150032e+00
6.262378786333332448e-01
4.490353718329379573e-01
5.875333542353146088e-01
-8.783251709312106525e-02
-3.592145251572140374e+00
-3.568683932763561661e-01
1.970088405206827487e+00
5.601504295970987091e-01
-1.175713661642990848e+00
-1.963210346627650260e+00
2.701639975111311265e-01
1.663597031564440609e+00
8.819571411040536546e-01
-1.426426738480703227e+00
-9.472710301120920162e-01
-1.175515549090043077e+00
-3.364470525544586810e+00
-8.663248007121815419e-01
-3.626428838940772281e-01
-8.228784294118032805e-02
1.235296176741092378e+00
1.023744146688738921e+00
7.114222858858885168e-01
-1.079722616255142098e+00
1.195458005883641706e+00
-1.423641600471314161e+00
-4.373602269212601423e-01
-9.186666832828881413e-01
-1.267962986536027126e+00
-1.285080043237414316e+00
-9.472833982670554320e-01
-2.988784495337230007e-01
1.081923789739564601e+00
-2.502692435892338363e+00
7.819873266081864838e-01
-6.967866334757583102e-02
1.232970749243905040e+00
-3.104551451451220134e-01
-8.453738425666457168e-01
-1.462138443482766448e+00
-1.772157567139204914e+00
-4.162926262678813272e-01
9.857982859266112285e-01
1.307096567903088813e+00
8.347341874003798567e-01
5.746160591443346677e-01
-1.683033786458653314e+00
-1.015741010749035667e+00
-2.812805850544494168e-01
-5.308033607334596837e-01
7.542207155176440248e-01
4.344588624318200254e-01
2.343710267909537015e-01
1.002527655147042562e+00
-5.722201693198644135e-01
9.483758019107227377e-02
5.663136063706531997e-01
-2.728661443491205763e+00
-2.433898930359580659e-01
4.475358684932246867e-01
2.273282569994695690e-01
-1.250586933895454056e+00
-4.895813860571121903e-03
8.974826087202658620e-01
1.382864208830606678e+00
-2.157919485016583927e-01
-9.571262865525594909e-01
-1.520845234905940646e-01
-7.966730387740443842e-01
-1.942758384980557862e+00
7.453652444709523150e-01
-6.507633241623644871e-02
8.564474221914722962e-01
-1.579508611525282324e+00
-2.821294180277724717e+00
1.467724476478508233e+00
-4.903613338756542817e-01
-1.201636371323604902e+00
1.634414601517008681e+00
1.792708805875776301e+00
-6.708295410541560422e-01
3.329937483771989726e+00
8.611011016050091893e-01
-3.073837009441652834e-01
-5.811496827899860218e-01
7.759732543021439222e-01
1.088280978510837604e+00
8.150121935684414565e-01
4.719153473283035916e-01
1.899446546188882923e-01
-4.643739627793318503e-01
1.974690192505954289e-01
-3.075690395603323246e-01
-5.123895775607016922e-01
-2.875839948639802301e-01
4.081715204386028861e-01
-1.921149053307399379e+00
4.328170655174673476e-01
1.617648387839706325e+00
-2.385666502707768089e-01
4.300537514985798282e-01
-2.251818297964497950e-01
1.096980030677397779e-02
2.196351674945280219e-01
-2.860785303514060129e-01
9.419408499280874925e-02
3.640615580806129403e-02
7.931908146827576500e-01
-2.733355672668258407e-01
1.242780452957233273e+00
-7.642034709719269792e-01
-2.606780614411018382e-01
-1.103788856407857510e+00
-1.249574495346760905e+00
1.698902795275624600e+00
-8.352994482575921698e-01
6.301938641083990600e-01
-5.224406584668559450e-01
-2.803890780161464313e+00
1.069665507404471860e+00
-5.051568000653107182e-01
-2.993733642578527476e+00
-1.141866248838391940e+00
-2.011142361798536060e-01
-6.098803450169125728e-01
-2.185344796384956212e-01
8.103829982441230761e-01
2.686749570769168538e-01
-2.551579763922200872e+00
3.345293419245815025e-01
1.216126230820440690e-01
7.378255633395827129e-01
5.115759048947579046e-01
-1.105850264167029584e+00
7.097021194976840808e-02
-7.289896189869727872e-01
3.476474127794120239e-01
-4.917411884662038074e-02
8.051794399560697757e-01
9.307990110908372083e-02
-2.501075891256239747e-01
2.092632911609667801e+00
-3.377373751803508517e-01
-6.913155653301668035e-01
8.356494850884440551e-01
1.128525821231849413e+00
-7.021481711619858013e-01
-5.627161103918733032e-01
-3.230288044428377137e-01
1.560072697963681976e-01
-1.590832609411791665e-01
3.206434473424716325e-01
9.070513867803440267e-01
-2.900071346364038183e-01
-7.101693483119738692e-01
1.008339383255218547e+00
2.211052069590459190e+00
8.052473130206214691e-01
1.937966206089890009e-01
-1.518911127262049243e+00
1.795517973193832828e-01
-4.896329268603490381e-01
-3.906414570069629555e-01
1.907459613873237758e-01
-1.816522930084356613e-01
-1.689396041621662903e+00
7.446801249888076457e-01
-6.150334231724383649e-01
-3.526512009354764166e-01
-1.611397286548773344e+00
1.113874015911409110e+00
4.142201212563554891e-01
5.609839892230096270e-01
-1.397017536536143023e+00
-4.295735542630413129e+00
4.221743793140902978e-01
1.904553939786153283e+00
-1.140415586363414530e-01
1.244221221508438946e+00
-5.537122731693430167e-01
1.501806570932453955e+00
-9.785138404537656598e-01
9.174797330794047800e-01
-2.974604332439583637e-02
1.208570525420657127e+00
1.011290576330189150e+00
1.045195238281881212e+00
-5.085657849303264477e-01
-1.410237853809321318e-01
-1.335350545364313968e+00
1.751391249864801825e-01
5.101799482293946086e-01
2.181713470076627470e-01
8.688303710949147884e-01
-6.273792294742494002e-01
-1.730536632368347760e+00
-2.383368888902217542e-01
1.585352373170081375e+00
7.219574978018012956e-01
4.718560518265814407e-02
-5.161813530549187456e-01
-6.735517119249712081e-01
2.963607105425439814e-01
1.568130610029843774e+00
2.579598431613473464e-01
-2.563237967579091725e-01
-9.928091949125672500e-01
1.757628359236016236e+00
1.081090318112560622e+00
-8.721379605390905398e-01
5.224008352441664865e-02
-9.840307396063137368e-02
-9.835546610979681859e-01
-1.569977371377149877e+00
5.941928812966793538e-01
7.038075195566733111e-01
-6.404583056191663903e-01
-5.422994925952792644e-02
1.406848230232872865e+00
-7.785970757233655615e-01
1.670461580729121209e-01
5.786452169625034836e-01
-1.782337059502828502e+00
4.756661570178492560e-01
-2.094180266445542504e-01
-3.232271326341196183e+00
4.208958370120313153e-01
6.255689954361556282e-01
8.482005819206429598e-01
-1.849556774691093697e+00
-3.243291524338133058e+00
-3.421504102250640056e+00
-1.800883210248034327e-01
5.182750599034089412e-01
7.300874193349170538e-01
-1.554037448717669745e-01
5.113089411805683548e-01
-1.943832147578488379e-01
3.706861927216700825e-01
-4.340003826505094864e+00
1.350119458094675151e-01
8.098298840736253279e-01
7.817115306015326448e-02
9.215340986338904639e-01
6.506512753416684447e-01
4.454627566762588420e-01
-7.835815771119080120e-01
-1.387874145033005102e-01
-2.276455894642566147e+00
-1.162836238034717917e+00
-4.982397473309900793e-01
1.131348212982386414e+00
-4.824724755256168396e-01
1.256328545257048956e+00
-1.337036876445219624e+00
-9.887759893707358527e-01
-1.228769955631979105e+00
-1.872433384943557452e-03
8.433122454994494976e-01
2.922790158504712590e-02
2.816432484705121975e-01
-6.405196860681667825e-01
-9.074862357119860556e-01
-1.242875696733074936e-01
-1.680137892408882117e+00
1.675324338237745014e-01
-1.684003838889144067e+00
4.652695507464534308e-01
-1.379976050304612789e+00
1.584970345852495521e+00
4.044576379170495839e-01
-2.211015803288013171e+00
-1.106803924219385893e+00
4.568910508406592297e-01
1.326723214449872623e+00
-5.732979181778563582e-01
1.001618783717867917e-01
1.045608563736831087e+00
-7.890263302438685900e-01
-1.030601068164328060e+00
5.326310166345924468e-01
-4.708707226488921260e-01
-9.505098806386565180e-02
5.947645609295838520e-01
-4.841858686517094279e-01
6.812809785835159671e-02
9.039618044492613302e-01
1.353373910243051537e+00
-3.052922419904541829e-01
7.078950661259088006e-01
5.117361643554323158e-02
3.402665388408956382e-01
5.986421651324217441e-01
1.249652320433947139e+00
-3.609463259596731866e-01
-1.389537516707155751e+00
9.893597176265467308e-02
8.875484482096120953e-01
6.595763895072467298e-01
1.079403829797310088e+00
9.593631133499891384e-01
-1.117135143308291223e+00
1.612999271028817239e+00
8.907224666777359134e-01
-2.469662600131835584e-01
-2.795363283552387834e-01
2.615285457054543627e-01
