5.524344321608891661e-01
-2.520869971535488752e-01
1.039095561506182541e+00
7.939009345224485870e-01
-1.332913720136639224e+00
-9.249216529340235082e-01
4.299862295739576568e-01
5.949457543902626940e-03
8.454925887919546579e-01
-8.572410856770834586e-01
-1.148711826636573452e+00
-2.304589044524645858e-01
1.245407456275640312e+00
-1.128050772787655975e-01
-7.503779033424591294e-01
-8.718520243833792760e-01
-1.066739808279102864e+00
1.251480287645980516e+00
-1.458344047222511763e+00
-1.155445496878616085e+00
4.218702366692220762e-01
-7.646401213788286411e-01
1.488335227387125093e+00
-1.781814360272048647e+00
-2.651608520800334268e-01
-3.579319452093398524e-01
-3.195081200296677471e-02
4.875908618726938482e-01
6.450949593348371813e-01
9.237826903862439432e-01
-1.160226878861390087e+00
-2.273676689046096211e+00
-9.249216529340235082e-01
9.548132930422230658e-01
-1.001828266130825318e+00
-4.855906827217486565e-01
1.368657833629024934e+00
2.868953340361110049e-01
-1.549401569528675582e-01
2.054409473091344474e+00
-7.853739422945998916e-01
2.424974719220576447e-01
-6.656377011765802765e-01
-1.029573704169738813e+00
5.126907371979451122e-01
1.294425493212741474e+00
2.399809576034706904e+00
7.492275777225937405e-01
-6.733009662928346462e-02
-1.471920160707709924e+00
-1.496453321203472520e+00
7.042177326391065029e-02
4.915209465938403799e-01
7.276793115109788657e-01
1.562313186611302473e+00
-5.099748936621877338e-01
3.903955697623574306e+00
-1.969401604275798356e-01
-2.997590898817033001e-01
-1.774586073372223405e+00
1.325095912429496758e+00
1.209343011039604843e+00
1.252376927248376015e+00
-5.310459655042848448e-02
1.805477179882686523e+00
9.428887576186953390e-02
-3.402440049644069320e-01
3.590363450149143265e-01
-2.334468792198334697e+00
6.398488750252718793e-01
-1.882402196172698605e-01
-1.712559195845652305e+00
-2.510556357652442561e+00
-4.535436626626060952e-01
-4.461619910721995597e-01
6.810211339911229622e-01
-5.266715529199752499e-01
-9.862074430223829458e-01
5.955203713346787220e-01
1.783219676621636163e+00
1.670228081191198477e+00
4.870304845567182128e-01
-2.656142814220345261e-01
-2.325692767459858756e-01
4.948914580687024389e-01
-1.383287217366252042e+00
1.531754928986676367e-01
-1.250791933735375894e+00
-1.199547265530660933e+00
9.913129787309379326e-01
-6.375619387742843813e-02
3.862946360998745776e-01
-1.241849401794224761e+00
2.863625422670905696e-01
-2.105001296895978868e-01
-1.507710613767371477e+00
-3.568417637459657676e-01
-2.368656611303185500e+00
1.201318237255297294e+00
-6.990780218452218031e-02
-9.951027207304600219e-01
-5.684801501133107671e-01
6.579271024408280821e-01
5.514634624167437105e-01
4.035286307885779106e-02
-3.313756621069681163e-01
6.063081563759390447e-01
-8.954497632796928341e-01
-5.361196396649784424e-01
-2.637056915922570521e+00
8.172935749235955560e-01
-3.704069538204927126e-01
-2.468731765561349434e+00
8.798474392041387704e-01
4.914207984540611696e-01
8.581688040013276675e-01
1.096711159545157965e+00
-1.191945129566336359e+00
-2.171423998649708142e+00
1.153099208515313001e-01
-1.372842995898883256e+00
4.985650748884269956e-01
4.235657743965516309e-01
6.197700358661030196e-01
1.766330592243308961e-01
-4.511551369986578353e-01
-5.461180573410630013e-01
1.772130441551066138e+00
5.348999243720449215e-01
-1.448015094553017468e+00
6.228081506206410989e-01
1.367348837984836196e+00
7.417770019721190433e-01
1.522881079556038519e-01
4.085018806025854099e-01
4.001373573554891094e-01
1.749479633417281521e+00
6.234697078052381380e-01
-1.073679222772976116e+00
7.197987594099207742e-01
-1.991967820335869277e-01
-3.823710454237923551e-01
-1.958769520936468833e+00
1.309591898958315292e+00
-1.161573831869016304e+00
-1.359708995365666251e+00
-8.684393101667949866e-01
6.249741176045249258e-01
-2.976247148915658891e-01
7.249448240125627718e-01
-5.618865660691304553e-01
-7.614424354654669713e-01
-8.725181858365101961e-01
-1.562534877187891913e-01
-3.528697836601948357e-01
2.328896694486748409e-01
1.075655659166050881e+00
-6.546142317067576988e-01
1.190975322735383646e+00
-2.628131090261046410e+00
1.630908621141246018e+00
3.372259823957085012e-01
-1.312528489691422162e-01
3.266566271936323651e-01
8.527686822515954945e-02
-1.858731377798137352e-01
1.965679481229075376e-01
-8.425926155391555428e-01
-3.733047963288664839e-01
-9.859087737914307148e-01
4.848424307570563530e-01
1.987146516775099236e+00
3.527441001775566409e-02
-1.951086674360846818e-01
-7.995558172310333056e-01
-1.563731658164563276e+00
-8.097010773345151291e-01
6.079224014624052819e-01
-1.236180554686934885e+00
-1.802090688213977776e+00
8.248484907984674486e-01
3.488906071134274534e-01
7.323392515607729525e-02
3.705639239440244315e-01
3.941351438365564563e-01
1.005979193421072448e+00
-1.944075666683001469e+00
-5.238102609658147335e-01
2.430840178690686137e+00
6.669309183955938192e-01
1.081880450054191756e-01
-3.933695338412230291e-01
-6.134893227586044606e-01
-4.654709206918982711e-01
1.907730985670474944e+00
-1.103026791668246132e+00
-7.687826483354215368e-01
3.775517530737220739e-01
-5.088937852200415835e-01
7.647288108817589247e-01
2.422140798987688914e-01
4.801668037933618516e-01
-8.189267257714420989e-01
-1.209240174098622722e+00
9.785987025704623310e-02
3.250122932578919932e-01
-3.345598522760548921e-01
1.503588701963806784e+00
-1.089062511148225360e-01
-6.192806629942523289e-01
5.565817584576101540e-01
-3.860226597622287148e-01
5.801130808376248060e-01
2.797008945654695378e+00
1.869062344435187817e-01
5.222877709355777665e-01
-2.994269117496068389e-01
1.126418799879001620e+00
3.358213729706669426e-01
-9.029969038139614712e-01
2.286000779703055985e-01
1.152487906916408594e-02
5.430455755964689324e-01
-9.179357427341919839e-01
-1.182968630747386757e-01
7.849702478875877354e-01
1.301712431049907970e+00
-5.029268949460652394e-01
3.091135232037118818e-01
-4.553611586215746548e-02
2.892754526721503794e-01
1.306672941637329943e+00
1.288051552538138855e+00
-5.320865727101993237e-01
-4.362632245336877657e-01
7.748101703927475770e-01
9.991184583998798108e-02
-1.928681420233410715e-01
1.278734405003947971e+00
-8.163420322018912767e-01
6.060916527089991179e-01
1.069068899027007635e+00
-6.547184202055068569e-01
1.059381030929089418e+00
5.553120207484356641e-01
1.639072831091433313e+00
1.495249029560239418e-01
-1.201838984769221241e+00
2.632354377604280149e-01
-2.528443455478973090e-01
-1.711855489840004907e+00
3.334497096667016769e-01
5.518127564044436051e-01
9.800418216934372317e-01
-3.038344476798513494e-01
-1.673437015296214692e-01
1.283053707592024084e+00
-1.014293957268629781e-01
-5.951920287787056951e-01
3.273482895434666196e-01
2.155931307597654112e-01
1.468829582852995141e+00
5.705087814836130589e-01
-8.102955378815689391e-01
-2.495222919866010858e-01
-1.848353135762056398e-01
2.014270056162913158e-01
5.064443256512513036e-01
-3.857144240737854779e-01
1.456671438940861041e+00
2.034139043012558101e+00
1.148759537270268805e+00
8.021689675819710930e-01
5.795638795003484889e-01
6.781625724408423261e-01
1.359347046353198030e+00
6.663897560139725451e-01
1.593182925754896839e-01
-1.609477744685281930e+00
7.524787682380496001e-01
-1.264488030342283631e+00
-1.282549294950653618e+00
6.054439080289537589e-01
1.144187819319626015e-01
5.481600817187655128e-01
6.228650374328458250e-01
3.965140798834095315e-01
-1.882352081757551199e+00
-4.039138076047119608e-01
2.116829673401132261e+00
-3.425595694969030824e-01
-1.857445741329553091e-01
-2.514150394463002147e+00
-3.343781469530968109e-01
1.036155270532758688e-01
9.347047802961614416e-01
-8.114171179508666842e-02
1.463634573414797080e+00
1.554585246734024206e+00
-3.667135017089158400e-02
-6.813866988220504961e-01
1.430621293109501924e-01
-8.515394615561878711e-01
-2.776226841342465335e+00
-1.928965111376235164e-01
-3.690045803218311993e-01
3.181954605885111698e-01
-4.193080190781685590e-01
-1.661265145882276362e-02
3.477820089968282624e-01
-1.022057627826016724e+00
1.560281463261836254e+00
-1.100599867147550488e-02
1.828209051225398785e+00
8.412701396563490031e-01
5.013527225207011773e-01
4.167402469464271397e-01
1.136146729469652561e+00
1.094106727782053479e-01
2.121923090028547065e+00
1.561619166436603867e-01
-1.631378106454443921e+00
-1.990227534273316667e-01
-5.826611958343258513e-01
-6.563501915458519465e-01
-7.936363367861477836e-02
9.650214994487602560e-01
2.041766093402183735e+00
3.361348420138117465e-02
-6.988723328628808629e-01
2.069589016122819758e-01
-6.140953626273244481e-01
1.442632198999064030e+00
-5.195961096524771561e-01
8.368819949448091933e-02
-7.378305173880129741e-01
-1.233931435407296329e+00
1.290402267071155462e+00
1.178308635132300886e+00
-1.133920945587219453e+00
-1.569125228858173071e-02
-3.421582592149882696e-02
9.086533851981676291e-01
1.853782230360804251e+00
1.583913181508926071e-01
7.667486226616964107e-01
3.986227501760943870e-01
-1.411132064098762628e-01
-2.755254423941911335e-01
1.492457047914998447e-01
1.242738478198060603e+00
-2.892087164424059775e-01
7.898817963983792989e-01
-5.338829481298536933e-02
2.268039405283833521e+00
6.150238561322453057e-01
2.672758490004886744e-01
5.435594630143855133e-01
3.610703121687078854e-01
-1.603076733407704513e+00
7.686435824952527751e-01
-4.379340999223554354e-01
9.513749632514564292e-01
-8.138528072310156070e-01
-3.923196187238168868e-03
-5.353010290843236429e-01
-1.857901161491383180e-01
2.250017414884915856e-01
-2.739593552186191605e+00
-5.774074489800167242e-01
1.094909680732338408e+00
2.669268861129769910e-01
1.550245966136369002e+00
1.439991320890121829e+00
1.333092686991358855e+00
-1.254988119509155009e+00
4.664622413877055757e-02
-7.589499942080124573e-01
-1.396484249624529439e-01
7.862629722676164334e-01
9.151768374322865052e-01
3.288003285302876222e+00
6.681095760598154687e-01
3.396957041200454053e-01
-8.719388640579279759e-01
-2.904661520574669531e+00
-9.724260301127454764e-02
-7.149615473736626869e-01
-9.502557328548468796e-01
6.186288202161297489e-01
2.205981986484433777e-01
-8.741708937908183596e-01
-1.533874304691302815e+00
1.053007193000855102e+00
6.510166700399609985e-01
-1.821627828815898797e-01
3.831776687555471517e-01
-1.111839999433406057e+00
4.106069753871330885e-01
1.513763466304436089e-01
-1.397813515781272331e+00
7.269023819861915037e-01
1.287043740157573640e-02
3.008452325326523291e-01
1.849452478762986518e-01
-1.240109109246989361e+00
-2.421993025891090723e-01
-6.407811377671379649e-01
-5.487900653183339639e-01
-4.684584887513534857e-01
-1.408595775661922955e+00
-1.547607578796922345e+00
-5.303398775511595220e-01
9.517273092842462034e-01
-2.495798537555098118e-01
1.255046740068497257e+00
-3.617321398152549272e-01
1.440087786646641943e+00
1.026165145672241374e+00
-3.742142637822572393e+00
-3.310530039652936907e-01
-3.964686840959305569e-01
5.436112875440406444e-01
-6.939543615611237781e-01
1.332604162470840459e+00
-1.464780638744886954e+00
-5.159464725726371492e-01
1.610063353587826152e+00
-2.772326799351347293e-01
-2.646630295149150075e-02
-1.193611687724095982e-01
-1.000292484904705820e-01
1.048840593060928583e+00
-3.063127199590617300e-01
8.108789633095873917e-02
-7.542818699801550064e-01
