1.176472078383236486e+01
1.145933622628107962e+01
1.539209523626883502e+01
1.068112443780336385e+01
1.514924505565695512e+01
1.129507475310694886e+01
1.112417842939847112e+01
1.155019760218146452e+01
1.296470517137703560e+01
1.103821111772579044e+01
1.191950200450394348e+01
1.145933622628107962e+01
1.114972546587080870e+01
1.207753668303278793e+01
1.195666796307627955e+01
1.189788318465726569e+01
1.188420716943647548e+01
1.128150800258271502e+01
1.116751239979356924e+01
1.251030775920662030e+01
1.086294302608003015e+01
1.128150800258271502e+01
1.516969351264488530e+01
1.163972748071291363e+01
1.204220868992574545e+01
1.185176166176377421e+01
1.098336714502972633e+01
1.532842922340302927e+01
1.179262000618739492e+01
1.539209523626883502e+01
1.245791800989094789e+01
1.110064664557982184e+01
1.129507475310694886e+01
1.516351946999484213e+01
1.518374979552960014e+01
1.191950200450394348e+01
1.116751239979356924e+01
1.533725126357276913e+01
1.535869699745456707e+01
1.142147610529641888e+01
1.319973226807502087e+01
1.115549061827588773e+01
1.251030775920662030e+01
1.539209523626883502e+01
1.194084773492043539e+01
1.204531509170839243e+01
1.533725126357276913e+01
1.110064664557982184e+01
1.135369338088267810e+01
1.098336714502972633e+01
1.129507475310694886e+01
1.115549061827588773e+01
1.179134621096845414e+01
1.526576333931374307e+01
1.135369338088267810e+01
1.112417842939847112e+01
1.170103021035917301e+01
1.165657336145967804e+01
1.204220868992574545e+01
1.223566109832787774e+01
1.186051388630222192e+01
1.112477634453786202e+01
1.196134777547892902e+01
1.158488350801684774e+01
1.121124020890674977e+01
1.176789596457291864e+01
1.224490018621233389e+01
1.103909933671667076e+01
1.140449225358501373e+01
1.296470517137703560e+01
1.103821111772579044e+01
1.122235637248963336e+01
1.234552522747940984e+01
1.224481717126367464e+01
1.235272066344172970e+01
1.282769284188325898e+01
1.527358525070696338e+01
1.148160917552068483e+01
1.121124020890674977e+01
1.335133830800604571e+01
1.204220868992574545e+01
1.178588669048961535e+01
1.191110287606949747e+01
1.103980128094679891e+01
1.287730215532688582e+01
1.514924505565695512e+01
1.532842922340302927e+01
1.273178378807981304e+01
1.504863479566797047e+01
1.296074304061511384e+01
1.526576333931374307e+01
1.265022585396462418e+01
1.274364280657962034e+01
1.148685092513774464e+01
1.265835238701743215e+01
1.214150544043053692e+01
1.103821111772579044e+01
1.129507475310694886e+01
1.116007709586528129e+01
1.160933530870211605e+01
1.115549061827588773e+01
1.258120906782426118e+01
1.113527137091772445e+01
1.178248096775491049e+01
1.245548674209188889e+01
1.554458671547948079e+01
1.116751239979356924e+01
1.105293329030334881e+01
1.200487581836436490e+01
1.129507475310694886e+01
1.516351946999484213e+01
1.123086893272230569e+01
1.109418788862962835e+01
1.224745793725250387e+01
1.115549061827588773e+01
1.538025512425937968e+01
1.184061434519023415e+01
1.296470517137703560e+01
1.077609406527725078e+01
1.231610150915054724e+01
1.179209752016181767e+01
1.540192596086305343e+01
1.158375070980907573e+01
1.194640749527927959e+01
1.179697240951521486e+01
1.278547494896935177e+01
1.261896619398149610e+01
1.158385498084236254e+01
1.115549061827588773e+01
1.533725126357276913e+01
1.077528662960125594e+01
1.135023034667795372e+01
1.167386293972960054e+01
1.129507475310694886e+01
1.080809905338396426e+01
1.111392026355345308e+01
1.129507475310694886e+01
1.204220868992574545e+01
1.149181423381556755e+01
1.122235637248963336e+01
1.190347882713590799e+01
1.308350944675477123e+01
1.137567019438060711e+01
1.184820973935274679e+01
1.207929128136940733e+01
1.535869699745456707e+01
1.219634941312660104e+01
1.183212855645411032e+01
1.291868722863984686e+01
1.290986119868096971e+01
1.155642404643995569e+01
1.131911843972459231e+01
1.246583249818225170e+01
1.508855376217683109e+01
1.107796956652520848e+01
1.257705706009298297e+01
1.259921697896632331e+01
1.192254776952667150e+01
1.110090626941722114e+01
1.110064664557982184e+01
1.124023078041088297e+01
1.098732927579164809e+01
1.547855379683751131e+01
1.191950200450394348e+01
1.131911843972459231e+01
1.529469570707481907e+01
1.222467829998225852e+01
1.282245818263082171e+01
1.296074304061511384e+01
1.301671981151894997e+01
1.262785814234909054e+01
1.537076157843420177e+01
1.110064664557982184e+01
1.103934391593356246e+01
1.123507450728235213e+01
1.262785814234909054e+01
1.230031330263155631e+01
1.226842196332101409e+01
1.529469570707481907e+01
1.535869699745456707e+01
1.522453748534094942e+01
1.132064823650388341e+01
1.519025151067317481e+01
1.191950200450394348e+01
1.186465803180787759e+01
1.080125795862064031e+01
1.327245064869233637e+01
1.258120906782426118e+01
1.510867549729877624e+01
1.084508228704543420e+01
1.172992196035495205e+01
1.109418788862962835e+01
1.239141375820389257e+01
1.184061434519023415e+01
1.144546585182478360e+01
1.544560703097040211e+01
1.253357865577722130e+01
1.219634941312660104e+01
1.335133830800604571e+01
1.109418788862962835e+01
1.188462545330924058e+01
1.548974274278341490e+01
1.207419282362720026e+01
1.176393280085368431e+01
1.131611836108414160e+01
1.206437206038076049e+01
1.152890673711301162e+01
1.109418788862962835e+01
1.204220868992574545e+01
1.129507475310694886e+01
1.108749586900502138e+01
1.137396241242065820e+01
1.224026653542703436e+01
1.128150800258271502e+01
1.537076157843420177e+01
1.254437300627025742e+01
1.116751239979356924e+01
1.252054009032265647e+01
1.543509909695544557e+01
1.186379277578690150e+01
1.296074304061511384e+01
1.189827892663539188e+01
1.247166779654849300e+01
1.184775915186816597e+01
1.109418788862962835e+01
1.107666630389543450e+01
1.116751239979356924e+01
1.245791800989094789e+01
1.191950200450394348e+01
1.124023078041088297e+01
1.296470517137703560e+01
1.083013060229732183e+01
1.103934391593356246e+01
1.103934391593356246e+01
1.162676344081680391e+01
1.132522536473696029e+01
1.192802398831889654e+01
1.129507475310694886e+01
1.209705266262180956e+01
1.319973226807502087e+01
1.115743448123075332e+01
1.195003184566829901e+01
1.282245818263082171e+01
1.142704680604843048e+01
1.261896619398149610e+01
1.131911843972459231e+01
1.538025512425937968e+01
1.115549061827588773e+01
1.137396241242065820e+01
1.211309315749499760e+01
1.129507475310694886e+01
1.178843609301769746e+01
1.282245818263082171e+01
1.296470517137703560e+01
1.506854030059184701e+01
1.258867545772186247e+01
1.104847266259266192e+01
1.522453748534094942e+01
1.282299647014180444e+01
1.105223377357507175e+01
1.516351946999484213e+01
1.149666909784246016e+01
1.137396241242065820e+01
1.182610629707756722e+01
1.275266252518664345e+01
1.171112809460306003e+01
1.535869699745456707e+01
1.523169739735424422e+01
1.196439445437988525e+01
1.544560703097040211e+01
1.122444163443275933e+01
1.109418788862962835e+01
1.510867549729877624e+01
1.179410827821079266e+01
1.296074304061511384e+01
1.163252639399791200e+01
1.158375070980907573e+01
1.201034392052937605e+01
1.129507475310694886e+01
1.521091936661767896e+01
1.124987821668703880e+01
1.149181423381556755e+01
1.173854079000797057e+01
1.191621084787384888e+01
1.132082622168454122e+01
1.158375070980907573e+01
1.254437300627025742e+01
1.204220868992574545e+01
1.330223620592344780e+01
1.134486575338245551e+01
1.251030775920662030e+01
1.159085823232448931e+01
1.209705266262180956e+01
1.527358525070696338e+01
1.258842262847328719e+01
1.094131133305445935e+01
1.272378988150996193e+01
1.530742989245478825e+01
1.108065778248384881e+01
1.115549061827588773e+01
1.212713130556249119e+01
1.147802489517886748e+01
1.154305338589251129e+01
1.529469570707481907e+01
1.177413145322655019e+01
1.123149722342202672e+01
1.327245064869233637e+01
1.115549061827588773e+01
1.121417048411533557e+01
1.260940865349481754e+01
1.540192596086305343e+01
1.130872724275821462e+01
1.123086893272230569e+01
1.109418788862962835e+01
1.324976222018013061e+01
1.184061434519023415e+01
1.193243373767101012e+01
1.262785814234909054e+01
1.171305199187685453e+01
1.158488350801684774e+01
1.103934391593356246e+01
1.115549061827588773e+01
1.232419865864644493e+01
1.319973226807502087e+01
1.313286651386127524e+01
1.132163365736053606e+01
1.287730215532688582e+01
1.151061270117205737e+01
1.282245818263082171e+01
1.122235637248963336e+01
1.110064664557982184e+01
1.291868722863984686e+01
1.171305199187685453e+01
1.191950200450394348e+01
1.130376377494665618e+01
1.261896619398149610e+01
1.140449225358501373e+01
1.130872724275821462e+01
1.319973226807502087e+01
1.176789596457291864e+01
1.190276703394036772e+01
1.508368090322541910e+01
1.152890673711301162e+01
1.115549061827588773e+01
1.521091936661767896e+01
1.538025512425937968e+01
1.257705706009298297e+01
1.170103021035917301e+01
1.073596841049942974e+01
1.186465803180787759e+01
1.128150800258271502e+01
1.210830711865498621e+01
1.233845426778655252e+01
1.089992625974149831e+01
1.243872683594569040e+01
1.083013060229732183e+01
1.241285886290186369e+01
1.529469570707481907e+01
1.286384325594378275e+01
1.094131133305445935e+01
1.502492997776262840e+01
1.254437300627025742e+01
1.103821111772579044e+01
1.524509548336924070e+01
1.122666402988664913e+01
1.115598513270543179e+01
1.111997660718796688e+01
1.143200695244168053e+01
1.504863479566797047e+01
1.172867287826943539e+01
1.140848261816331544e+01
1.195003184566829901e+01
1.115549061827588773e+01
1.184061434519023415e+01
1.105758740376959004e+01
1.229982379136646564e+01
1.242518907440105380e+01
1.137396241242065820e+01
1.105223377357507175e+01
1.539209523626883502e+01
1.205141111763934170e+01
1.129507475310694886e+01
1.257301416965302465e+01
1.226392288231532746e+01
1.158375070980907573e+01
1.209705266262180956e+01
1.200487581836436490e+01
1.083013060229732183e+01
1.122235637248963336e+01
1.547855379683751131e+01
1.123559638702636398e+01
1.134882788414437726e+01
1.158375070980907573e+01
1.129507475310694886e+01
1.167184721099949840e+01
1.112477634453786202e+01
1.523169739735424422e+01
1.109418788862962835e+01
1.164830139085385241e+01
1.539209523626883502e+01
1.118554689245896050e+01
1.523169739735424422e+01
1.137396241242065820e+01
1.158670231037164911e+01
1.510867549729877624e+01
1.093248530309558220e+01
1.497008600506656428e+01
1.313286651386127524e+01
1.104151370449264569e+01
1.534953967977088318e+01
1.195003184566829901e+01
1.200487581836436490e+01
1.194939400670084950e+01
1.187478330086292821e+01
1.131911843972459231e+01
1.524509548336924070e+01
1.198247504691678067e+01
1.554458671547948079e+01
1.124023078041088297e+01
1.214150544043053692e+01
1.185687146364152689e+01
1.143200695244168053e+01
1.540192596086305343e+01
1.256515173190268619e+01
1.519025151067317481e+01
1.537076157843420177e+01
1.159596584834725164e+01
1.137220283335236637e+01
1.516969351264488530e+01
1.262194356649368565e+01
1.216948792013054970e+01
1.259538188126855829e+01
1.327245064869233637e+01
1.191950200450394348e+01
1.220215515610079393e+01
1.129416969014338612e+01
