5.596367064716059048e+00
5.052011690754461881e+00
6.219398556343866069e+00
4.656459211669430331e+00
5.903046088170131434e+00
5.030105958458605642e+00
5.038969535613173178e+00
4.801942456822656524e+00
5.463902338263662450e+00
4.995700712243295705e+00
5.817533275147921401e+00
5.052011690754461881e+00
5.042265423954929382e+00
5.344803413543798065e+00
5.328555552452318267e+00
5.320746880070624130e+00
5.318940421918433081e+00
5.733404503419796683e+00
4.720195017548705074e+00
5.027290278928036038e+00
4.972938300070572915e+00
5.733404503419796683e+00
5.904841885253833134e+00
5.779952903445632728e+00
5.540781920058027055e+00
5.314670634538930294e+00
4.695599484397676271e+00
6.213959724285696318e+00
5.306946647189913158e+00
6.219398556343866069e+00
5.021672851837532647e+00
4.711192950391398959e+00
5.030105958458605642e+00
6.199563521505844221e+00
6.201354107380216085e+00
5.817533275147921401e+00
4.720195017548705074e+00
5.919297328498246635e+00
5.921114877530745169e+00
5.077461372897219327e+00
5.495173888162125486e+00
5.011294178237018393e+00
5.027290278928036038e+00
6.219398556343866069e+00
5.326447220978194785e+00
5.633177988207767051e+00
5.919297328498246635e+00
4.711192950391398959e+00
5.068548426218441705e+00
4.695599484397676271e+00
5.030105958458605642e+00
5.011294178237018393e+00
5.599789047941201581e+00
6.208542335359383380e+00
5.068548426218441705e+00
5.038969535613173178e+00
5.788138242141766199e+00
5.108993747107020589e+00
5.540781920058027055e+00
5.366034373273018687e+00
5.315820186567916217e+00
4.745991220044158965e+00
5.329180166427834209e+00
5.479851675600013294e+00
5.431186715600551551e+00
5.797140309299072314e+00
5.367262528754920936e+00
5.023639056816758597e+00
4.751910462908842447e+00
5.463902338263662450e+00
4.995700712243295705e+00
5.020296245394324508e+00
5.380511154965497589e+00
5.660037467371812347e+00
5.674369290846993152e+00
5.733768878492365495e+00
5.913858496440077772e+00
4.792694637793749379e+00
5.431186715600551551e+00
5.515566854010975462e+00
5.540781920058027055e+00
5.126283976422744360e+00
5.615362340836859367e+00
5.022377731029406434e+00
5.452566233025691211e+00
5.903046088170131434e+00
6.213959724285696318e+00
5.433880845171114693e+00
5.894106615734009402e+00
5.170477127165477249e+00
6.208542335359383380e+00
5.366645448850954736e+00
5.723728082299536446e+00
5.759879752354937210e+00
5.713331873621309676e+00
5.553479914042041443e+00
4.995700712243295705e+00
5.030105958458605642e+00
5.043592458257773359e+00
4.809916601416839299e+00
5.011294178237018393e+00
5.056224928787285577e+00
5.040405656994378703e+00
5.305630187037598589e+00
5.687760041649728038e+00
6.232167350299450348e+00
4.720195017548705074e+00
5.028756801348061245e+00
5.828855754659208799e+00
5.030105958458605642e+00
6.199563521505844221e+00
4.759608906561171082e+00
5.003108839540884922e+00
5.660390983747183746e+00
5.011294178237018393e+00
5.922934671881475488e+00
5.806950022363352559e+00
5.463902338263662450e+00
4.961817269054607848e+00
5.669533642733982859e+00
5.599885799605610615e+00
5.924756677237445146e+00
5.772544776148043510e+00
5.327187594820451899e+00
5.307512456619133623e+00
5.147714714992754459e+00
5.346506384427898162e+00
5.099184034042739455e+00
5.011294178237018393e+00
5.919297328498246635e+00
4.668638489194227859e+00
4.775194396637095551e+00
5.291654335386795971e+00
5.030105958458605642e+00
4.672837072224953481e+00
5.037630750257565460e+00
5.030105958458605642e+00
5.540781920058027055e+00
5.086811679584857693e+00
5.020296245394324508e+00
5.141693390125194441e+00
5.469092089173062554e+00
5.745583780944594210e+00
5.607144793885321832e+00
5.345040251903388828e+00
5.921114877530745169e+00
5.853581141887660877e+00
5.312098007767496632e+00
5.457913331217991271e+00
5.163801110418043017e+00
5.095484426049266879e+00
4.740587983397555050e+00
5.689092474057079407e+00
5.897674364860006513e+00
5.032753567189269361e+00
5.330345836050133457e+00
5.337681241234214724e+00
5.324014657419503749e+00
5.035909241280797310e+00
4.711192950391398959e+00
4.730004730612986208e+00
4.989024695495861472e+00
6.226682087131277576e+00
5.817533275147921401e+00
4.740587983397555050e+00
5.915669103639920046e+00
5.364572129528905720e+00
5.152465005180071778e+00
5.170477127165477249e+00
5.177885254463066467e+00
5.351322886216378194e+00
6.217583286942592657e+00
4.711192950391398959e+00
4.703007611695265489e+00
4.760152771454293052e+00
5.351322886216378194e+00
5.374588693869368328e+00
5.663193028699002873e+00
5.915669103639920046e+00
5.921114877530745169e+00
6.204943113099452567e+00
5.064239525206958525e+00
5.906640236472708416e+00
5.817533275147921401e+00
5.517432047302301967e+00
4.965047740317322322e+00
5.504983601226406620e+00
5.056224928787285577e+00
5.899462293660224788e+00
4.677587362412270799e+00
5.591910928641500966e+00
5.003108839540884922e+00
5.386467719729616022e+00
5.806950022363352559e+00
5.754532654162638039e+00
5.928407183713122919e+00
5.033695149232960908e+00
5.853581141887660877e+00
5.515566854010975462e+00
5.003108839540884922e+00
5.139246680355118002e+00
5.932066122453830914e+00
5.637057431427425769e+00
5.596265978566349553e+00
5.063650726694099546e+00
5.343026476875841091e+00
5.472443548302424077e+00
5.003108839540884922e+00
5.540781920058027055e+00
5.030105958458605642e+00
4.741215168513885025e+00
5.040689211243174483e+00
5.366646800332100398e+00
5.733404503419796683e+00
6.217583286942592657e+00
5.037580013388595290e+00
4.720195017548705074e+00
5.402915236474843397e+00
6.223035899727094922e+00
5.316251275311999258e+00
5.170477127165477249e+00
5.613679743336724037e+00
5.022023447858276590e+00
5.134435242675433386e+00
5.003108839540884922e+00
5.032566278426446438e+00
4.720195017548705074e+00
5.021672851837532647e+00
5.817533275147921401e+00
4.730004730612986208e+00
5.463902338263662450e+00
4.968739717039847292e+00
4.703007611695265489e+00
4.703007611695265489e+00
5.104975115587233603e+00
5.064834923211744666e+00
5.617587959442520429e+00
5.030105958458605642e+00
5.840883147903646488e+00
5.495173888162125486e+00
5.043253957503558205e+00
5.528754526813589365e+00
5.152465005180071778e+00
5.078198231918713113e+00
5.346506384427898162e+00
4.740587983397555050e+00
5.922934671881475488e+00
5.011294178237018393e+00
5.040689211243174483e+00
5.642301369365809727e+00
5.030105958458605642e+00
5.306403132689808011e+00
5.152465005180071778e+00
5.463902338263662450e+00
5.895889127446937827e+00
5.061353079207073336e+00
5.027841412736285598e+00
6.204943113099452567e+00
5.733213128772198353e+00
5.028621747762442418e+00
6.199563521505844221e+00
4.763937856153279249e+00
5.040689211243174483e+00
5.311310571266213643e+00
5.143516131962028837e+00
5.116322844008705850e+00
5.921114877530745169e+00
5.910244464064006387e+00
5.622392327044829052e+00
5.928407183713122919e+00
5.051826088718987862e+00
5.003108839540884922e+00
5.899462293660224788e+00
5.307140074774236105e+00
5.170477127165477249e+00
4.813034917136434387e+00
5.772544776148043510e+00
5.628500952304430704e+00
5.030105958458605642e+00
5.908441107513763946e+00
5.055090679098188211e+00
5.086811679584857693e+00
5.299950365224047388e+00
5.616033537967765277e+00
5.445482553098974776e+00
5.772544776148043510e+00
5.037580013388595290e+00
5.540781920058027055e+00
5.492548589171243556e+00
4.774487273046091218e+00
5.027290278928036038e+00
5.100129218141438159e+00
5.840883147903646488e+00
5.913858496440077772e+00
5.333796377078580342e+00
4.983035688450190293e+00
5.139824155239503867e+00
6.212151499656061837e+00
5.033136216970117260e+00
5.011294178237018393e+00
5.644196073787989043e+00
5.465767531554989844e+00
5.093683779475232321e+00
5.915669103639920046e+00
5.597575105700723697e+00
5.052730566956775249e+00
5.504983601226406620e+00
5.011294178237018393e+00
5.050510636646929896e+00
5.341938539892248095e+00
5.924756677237445146e+00
4.769739873215600667e+00
4.759608906561171082e+00
5.003108839540884922e+00
5.781286126520640778e+00
5.806950022363352559e+00
5.325327933158642502e+00
5.351322886216378194e+00
5.497039081453452880e+00
5.479851675600013294e+00
4.703007611695265489e+00
5.011294178237018393e+00
5.377723970941771015e+00
5.495173888162125486e+00
5.486171821004819371e+00
5.738661332959354766e+00
5.452566233025691211e+00
5.089327173128706860e+00
5.152465005180071778e+00
5.020296245394324508e+00
4.711192950391398959e+00
5.457913331217991271e+00
5.497039081453452880e+00
5.817533275147921401e+00
4.769090055644854331e+00
5.346506384427898162e+00
4.751910462908842447e+00
4.769739873215600667e+00
5.495173888162125486e+00
5.797140309299072314e+00
5.321392935169146909e+00
6.192428091879834895e+00
5.472443548302424077e+00
5.011294178237018393e+00
5.908441107513763946e+00
5.922934671881475488e+00
5.330345836050133457e+00
5.788138242141766199e+00
4.956560439515049765e+00
5.517432047302301967e+00
5.733404503419796683e+00
5.348955714559207486e+00
5.379588347092480127e+00
4.977688590257890233e+00
5.392548971143981795e+00
4.968739717039847292e+00
5.389231811221836033e+00
5.915669103639920046e+00
5.157812103372371837e+00
4.983035688450190293e+00
6.187105739989205766e+00
5.037580013388595290e+00
4.995700712243295705e+00
6.206741464318327850e+00
5.433303275574177249e+00
4.749981748449798147e+00
5.038422656853796866e+00
5.459778524509317776e+00
5.894106615734009402e+00
5.298680222632911274e+00
5.749782363975320720e+00
5.528754526813589365e+00
5.011294178237018393e+00
5.806950022363352559e+00
5.029601213526518677e+00
5.374524291273059973e+00
5.390815301579620744e+00
5.040689211243174483e+00
5.028621747762442418e+00
6.219398556343866069e+00
5.341277464946845299e+00
5.030105958458605642e+00
5.051221658370759648e+00
5.662592360755516196e+00
5.772544776148043510e+00
5.840883147903646488e+00
5.828855754659208799e+00
4.968739717039847292e+00
5.020296245394324508e+00
6.226682087131277576e+00
5.726444472529216512e+00
5.067912484144276419e+00
5.772544776148043510e+00
5.030105958458605642e+00
5.111049612502105433e+00
4.745991220044158965e+00
5.910244464064006387e+00
5.003108839540884922e+00
4.815151842197296972e+00
6.219398556343866069e+00
5.046850025066249579e+00
5.910244464064006387e+00
5.040689211243174483e+00
4.806867595455127429e+00
5.899462293660224788e+00
4.688923467650242038e+00
5.887004512143586332e+00
5.486171821004819371e+00
5.025839085688421193e+00
6.215770331485539479e+00
5.528754526813589365e+00
5.828855754659208799e+00
5.620407471470812766e+00
5.317697928972133781e+00
4.740587983397555050e+00
6.206741464318327850e+00
5.332005301462274360e+00
6.232167350299450348e+00
4.730004730612986208e+00
5.553479914042041443e+00
5.135627768580311781e+00
5.459778524509317776e+00
5.924756677237445146e+00
5.327391506773655472e+00
5.906640236472708416e+00
6.217583286942592657e+00
4.776635850137294526e+00
4.778097004073093679e+00
5.904841885253833134e+00
5.708829769504840002e+00
5.357190035779885839e+00
5.066544221005335302e+00
5.504983601226406620e+00
5.817533275147921401e+00
5.361566014568595939e+00
5.060804147979022893e+00
