-5.783385871796860034e-01
8.402876111199737430e-01
2.161987493469780808e-01
-2.538373279807666361e-01
-7.632738657190574205e-01
-5.303052113726937078e-01
8.464881330026957640e-01
-4.406400937389648442e-01
7.737297009879038345e-01
-1.307013964824118302e-01
-1.449892639675933292e+00
-1.517394484462617932e+00
3.283086148801455995e+00
-7.664587326207313034e-02
2.668694966398058366e+00
-5.272548378957700455e-02
5.970885824947509413e-01
4.507718413176208666e-02
8.326512484158026250e-01
1.019916816628338108e+00
4.444608283986848513e-02
-4.396764103489158027e-01
-7.267519253218716058e-01
6.594723503624924099e-01
2.216461485959029254e+00
4.584841188634889431e-01
-2.213460212723528109e-01
-1.215222088103726117e+00
-1.833532373209249000e-01
2.489404322442924714e-02
6.701092590363890711e-01
-1.017980435804589218e-01
-8.661508530885571044e-01
4.380595004232477885e-02
-5.175949680159663835e-01
6.944902359654965274e-01
2.323110810196094556e-01
1.448928197860004374e+00
-5.532007338960815979e-01
1.608992922674725712e-01
-1.319898121752580700e+00
-1.233254913422564991e+00
1.026744247628232243e+00
-5.347996233224782126e-01
1.202047227708404886e-01
-1.023067986354034176e+00
-8.548775620209434489e-01
-8.252085876154047206e-01
1.923438160143551068e+00
1.389086863483373069e+00
1.840400313107429797e+00
1.000094553672828734e+00
-6.212138927379000641e-01
5.141817459582089356e+00
1.653136041691782188e+00
-4.307003039401178235e-01
-2.910362435928887659e-01
-1.378869013054627057e+00
4.710263164948929604e-01
1.927992230355602299e+00
7.828099695847740014e-01
4.964083672672080283e+00
7.611195478942857015e-03
-7.348409637440307396e-01
-2.107845922651140069e-01
-1.275650392531744615e+00
-4.293499986113240574e-01
-1.468541332113165954e+00
-1.509008103437419479e-01
-2.712662280174962456e-02
6.413467997567120493e-01
1.640560111755239303e-01
-1.885365557911842516e-01
-1.295345894249675112e-01
7.194836331138227958e-01
5.045327558528712730e-01
7.022359598003495573e-02
1.626792146811859574e+00
-6.671177763150999418e-01
3.092925529120196249e-01
-1.436429746038534461e+00
-2.164970263172871501e-01
-3.254981440236967005e-01
-2.048643175218211321e-01
2.547178777309498265e+00
3.327227504841025585e+00
8.308074924739050626e-01
-1.270159857902146028e+00
8.176557240809068094e-01
8.196105020696423660e-01
1.306185498147493185e+00
-2.613534309494801033e-01
-7.759389561068640306e-01
-5.915305057871100836e-01
-7.025460540479889771e-01
1.023084860627565540e-01
-1.584343698611534457e+00
2.572131113406699310e-01
-2.279617758724965804e-01
-3.937374782774297755e-01
1.535855261671062177e-01
-1.134590836150590754e-01
-3.565484801137706050e-01
-9.242050525143985507e-01
-5.140735864821103229e-01
1.857081813848876051e+00
5.330669072779272710e-01
1.617002796151833177e+00
2.856691738039357498e-01
-1.145425400823956608e+00
-2.751924058721993971e-01
1.597021862015002291e+00
-4.325507937244592593e-01
3.167889340473931670e-01
-2.940925072631579429e-01
-7.822368292308656823e-01
1.447080510279817600e-01
8.364474370532725134e-01
-4.516958608188288982e-01
-1.964022280569168721e-01
-9.025966890977497881e-02
7.034635624424521172e-01
4.098697740120690325e-01
5.018327260150184932e-02
-5.260574214478683786e-01
-1.232552823965412214e+00
1.288165434345020399e+00
2.447326062872865471e+00
1.554035278164868306e+00
-1.009391776532722940e+00
-4.183067560320099521e-01
1.477690745975880793e+00
5.442230040583158068e-01
8.790649002816836033e-01
2.044810518306562575e+00
1.595088501304671391e+00
-1.288685989619137606e+00
2.719694774255010730e-02
9.132131078698353319e-03
-7.611501253775607712e-01
-2.241183651572987490e+00
-1.754627780500181422e-02
-1.885723041945874590e+00
-6.460490455928734332e-02
4.492075498400073807e-01
-7.805017286137105881e-01
-8.999795509815283756e-01
-3.548401062080051571e-01
-5.765605618264289800e-02
-4.706885636115664684e-01
9.656075704279251659e-02
5.980897994691670716e-01
1.910845850166931481e-01
-5.502738671801713499e-01
-7.049166017519604699e-01
-2.613150607432143668e-01
-4.701301372641087939e-01
3.450352796714699077e-01
-1.151140274899016713e+00
-7.427831519927189374e-01
4.650428984593236170e-01
1.785554495846860545e+00
-6.841737819736275483e-01
3.352190073546328919e-01
3.193316108907585105e-01
-5.674311258286788284e-01
6.491246517638673552e-01
2.421824235266770486e+00
-9.019381896611998739e-01
-6.668094304445175702e-01
1.174762982360774366e+00
1.053586294251443178e-01
2.489835152414993313e+00
2.111494029774194370e-01
6.284522259098380914e+00
1.572181429850087742e-01
-2.784933704420539669e-01
7.567229249183877737e-01
7.970967603397949297e-01
1.227543423899177144e+00
5.383312050472117694e-01
2.427752197176619386e+00
3.437771226595248697e-01
9.990687224631624730e-01
-5.800891191532501212e-01
-7.185725630956401044e-01
3.402927506505302180e+00
9.930256108796942094e-01
-8.359656552030478860e-01
-5.180358711596396576e-02
2.065439722250692056e-02
-1.954703111168101692e+00
-5.745557556294218077e-02
-9.151037805106282397e-01
-1.425687719601979930e+00
-8.124312470420734511e-02
1.492102031081121938e+00
-4.969079061731787039e-01
-5.250255257393149355e-01
3.514772485507314803e-01
-1.273615839155596063e+00
-1.770649416281771527e-01
-3.833640917773057377e-01
4.529487281075313815e-02
8.461879142192604286e-01
-1.831005152734403382e-02
4.475549051408761692e+00
-2.294713129443513300e-01
1.113824049387765358e+00
8.111144949903922484e-04
1.981012843303401050e-01
7.645209576827266540e-01
-1.426430081904415947e-01
1.535623840045636235e-01
-2.437424006179388647e-01
-5.706047637146335338e-01
-3.260229320956531951e-01
-5.665099733011529359e-01
-2.408202186857736071e-01
3.735263721578400142e-01
4.331693587691227143e-01
-8.343688795288313198e-01
4.688213324987604569e-01
-5.108555862276418225e-01
1.413777435714123065e+00
7.513934960561717835e-01
1.273374648272971310e-01
1.063272100918754681e+00
-2.472954429355630757e-01
1.934301057207020280e+00
1.145322459068268461e+00
-4.964101966843422198e-01
1.076781301956014847e+00
6.480234074128240485e-01
1.181984489272680294e+00
-1.250929729712588978e+00
-1.937822932658422037e-01
-1.023153391153037717e+00
-5.838463673479650229e-01
4.082932042492127600e+00
6.144617747482301606e-01
-3.586193962896060961e-01
-4.070098610938828187e-01
1.774604465141863097e+00
7.097807523633339333e-01
2.546905397935010917e-01
-5.627084565701595542e-01
-1.000746060876711585e+00
1.337177458862667534e-01
-8.550734980734994162e-01
-1.348888593436452732e+00
5.459907741553860633e-02
1.356743157160656410e-01
-8.134708823127447808e-01
-3.451421221749551016e-01
9.709676487437137737e-01
7.127710357293800536e-01
-6.634465458198277599e-01
-8.637348832438657142e-01
-8.957070229226350433e-01
-2.265612800601436716e-01
7.012691870390118654e-01
-1.016563613830881785e+00
9.461617691270575170e-01
2.003977467685336133e+00
-1.349722373790138930e+00
-3.770764766127197576e-01
-1.562588692693212822e-01
-3.365259060844913441e-01
-7.492204882579794889e-01
1.027492268874193204e+00
3.695442336449173970e-01
8.851119299655318962e-01
-9.552271719225574609e-02
2.057625122371421755e-01
3.196403054678511158e+00
-9.057240280268377131e-01
1.063595216812823097e+00
1.017667223073440014e-01
-9.389849298804369138e-01
-9.896706404568363924e-01
6.569884018345972798e+00
-1.994507966645773372e-02
-6.688538913633655936e-01
2.148891414438675707e+00
-1.158516181230209580e-01
2.349631709361785781e+00
1.760393148377217720e+00
-1.507791141897857068e-01
7.730116174086806846e-02
-4.010625062411676822e-01
-1.290811124258270937e+00
-3.457691760165378936e-01
-3.622751917535984578e-01
2.292478466845076834e+00
9.119865521543568665e-01
1.232808763436118310e-01
-1.069440342227360174e+00
-1.002071198189024015e+00
1.294240103566193900e+00
-1.096719433043107650e-01
-2.754884104631966091e-01
-8.361686823423184478e-01
3.932216429387930257e-01
1.229253220043887290e-01
-4.258593322938706294e-01
-1.010039502687513302e+00
-1.189238598027100080e+00
2.030643696228719541e+00
1.725846694134461345e-01
-5.488957111114960430e-01
3.021397341984632390e-01
-3.550952190982677448e-01
2.146788161595672317e+00
-9.076296351536727869e-01
2.585382854922385398e+00
-7.550914043812890775e-01
6.881226658892040104e-01
-6.704437275752945791e-01
-9.857707626010312474e-01
1.378065919648294502e+00
-2.474832309503903760e-01
1.149879403634935793e+00
1.214451087153642250e+00
1.731391386129323140e-01
-6.951279115605067949e-01
-3.358506774697561093e-01
6.224418992906130543e-02
5.839971840556389404e-01
1.130153440903048034e+00
1.058757552381524997e-01
7.279196056883064925e-01
2.399671602861686015e+00
1.273648131390134663e+00
-1.339362588763593820e+00
1.087638559870881053e-02
8.597061353928070471e-02
4.542825347813602477e+00
2.556485769406080348e-03
3.515882467644258380e+00
-5.321017611812461912e-01
1.321549780268234775e+00
-4.082593773934548032e-01
-8.831802319416520719e-01
-2.661263257598845966e-01
8.627319627338250196e-01
3.468579606749603861e-01
6.141430943095407713e+00
-1.835495556646467574e-01
3.150981496780522195e-01
-1.716658671495947530e+00
-1.451286239828380453e-01
2.483229346597702614e-01
-4.465743313346298704e-01
4.454319479283435079e+00
-9.645520019814855794e-02
2.718869589248364971e-01
-8.210323232105363189e-01
2.597966799608879551e-01
-1.141687889287160917e+00
5.162256389860981898e+00
1.146858920107424851e+00
-3.073734920144568714e-02
2.617750626419919069e-01
-1.027634281516974557e+00
2.120181284408928057e+00
-2.249622076465802589e-01
2.719260257529783065e+00
4.137806066799048499e-01
1.151657563957579622e-01
2.742576548281514537e+00
2.943529655474140139e+00
3.754506688002173798e-01
-5.012575028529706600e-01
-1.520587860177361472e+00
-8.836616491235136372e-01
6.442883573865260116e-01
-6.816096683402453338e-02
2.011604252191295572e+00
-2.941043126900949045e-01
-1.735535383216145477e-01
-1.255745841389056094e+00
4.743562858814115435e-01
-1.226641227199483541e+00
-9.362037466606998315e-01
-4.400655031141787465e-01
1.527166819326336800e+00
-2.416746250825511835e-03
-8.515571113267408343e-01
-7.077657682203327694e-01
-1.513032814287055716e+00
1.273510983456433321e+00
-3.490606796189729688e-01
-2.287381067765879017e-01
3.830432120048864186e-02
-2.739466333775472662e-01
9.562982798729763312e-01
-4.901420609098283698e-01
2.299622501296051613e+00
-5.268429284722228045e-01
3.358165441885998526e+00
-9.209105877359512193e-02
-7.574567973484196415e-01
-1.832462679939419692e+00
-5.403284893384525667e-01
-5.712792825691551668e-01
6.739232763806249360e-02
-1.177997652302096965e+00
5.873180477863433335e-01
-8.107967253047054790e-01
-5.729028786270353724e-01
-7.455106150301485934e-01
-4.990268099947792191e-01
-4.427575843581629811e-01
-2.712091647320789556e-01
-1.026083813735042982e+00
4.705455436535956326e-01
-1.088524649632913954e+00
-1.183120283748546886e-01
1.727657133661971489e+00
-7.565679220400528537e-01
3.673401073581109344e+00
-1.040773494556557432e+00
1.206930783765483906e+00
1.500810501944075392e+00
-1.245023716425488702e+00
-3.205843202416305826e-02
2.463748002499694945e+00
5.038511081732986729e-02
-6.941177567266831883e-01
3.078969248258087155e-01
4.435767089810216390e+00
1.049819787932241955e+00
-4.360257087786093000e-01
6.181614903893921653e-01
5.610908227373387902e-01
