7.616508101595536040e+00
7.575264701220213226e+00
7.144403259696741060e+00
7.650560527856927528e+00
7.343262975054852149e+00
7.564079675187213248e+00
7.559478543868531908e+00
7.723548780694528659e+00
7.626825307387282038e+00
7.541230109750801880e+00
7.447792232396742484e+00
7.575264701220213226e+00
7.560541769477495677e+00
7.774635008311502560e+00
7.763558656161226423e+00
7.758479845378841944e+00
7.757338496381167126e+00
7.400170827057522160e+00
7.685591969853284411e+00
7.548828758604402722e+00
7.528521013391832106e+00
7.400170827057522160e+00
7.335811684230288066e+00
7.423560561104998179e+00
7.584233764643071751e+00
7.754697390549779357e+00
7.669222279622238680e+00
7.168987237322975048e+00
7.750151286808200979e+00
7.144403259696741060e+00
7.495890428633333435e+00
7.679405798361922386e+00
7.564079675187213248e+00
7.229863545155327920e+00
7.222618593661182196e+00
7.447792232396742484e+00
7.685591969853284411e+00
7.272395429568178749e+00
7.263982676279605144e+00
7.579051038577741650e+00
7.647249061174330897e+00
7.551413628490484697e+00
7.548828758604402722e+00
7.144403259696741060e+00
7.762165566576934239e+00
7.638603269886301561e+00
7.272395429568178749e+00
7.679405798361922386e+00
7.573566264564392192e+00
7.669222279622238680e+00
7.564079675187213248e+00
7.551413628490484697e+00
7.618222617411300135e+00
7.192603764216632278e+00
7.573566264564392192e+00
7.559478543868531908e+00
7.429016097562517018e+00
7.600093284933581828e+00
7.584233764643071751e+00
7.787205327403049715e+00
7.755400262945746803e+00
7.689990763808652652e+00
7.763974267896735171e+00
7.551552730976435868e+00
7.527760606694750223e+00
7.435202269053879043e+00
7.787785519692064895e+00
7.556071072521704401e+00
7.703256871091650915e+00
7.626825307387282038e+00
7.541230109750801880e+00
7.557599799981846722e+00
7.792720915581072383e+00
7.656058670955493639e+00
7.662716838024993926e+00
7.654545733685740316e+00
7.296979407194412737e+00
7.717205945630256636e+00
7.527760606694750223e+00
7.659839024517194339e+00
7.584233764643071751e+00
7.609415137080564051e+00
7.627065477349276534e+00
7.555111883780931237e+00
7.620524394656990275e+00
7.343262975054852149e+00
7.168987237322975048e+00
7.612811209095612597e+00
7.378980201239204284e+00
7.758871540814722856e+00
7.192603764216632278e+00
7.526271576228958260e+00
7.660566289525252870e+00
7.411344734987795668e+00
7.664693144581632644e+00
7.585242312532223252e+00
7.541230109750801880e+00
7.564079675187213248e+00
7.561022228982142934e+00
7.728724082529195627e+00
7.551413628490484697e+00
7.633358991642796632e+00
7.559917594003462860e+00
7.749410636534312502e+00
7.666290086077134802e+00
7.083177423416325169e+00
7.685591969853284411e+00
7.557613522214184698e+00
7.452867170292245547e+00
7.564079675187213248e+00
7.229863545155327920e+00
7.696536198398888473e+00
7.545958092032965858e+00
7.656253347944223187e+00
7.551413628490484697e+00
7.255459767012492733e+00
7.441682144259245568e+00
7.626825307387282038e+00
7.524000372953389970e+00
7.660770379023275289e+00
7.618272536334413481e+00
7.246826036403668070e+00
7.418832578822834201e+00
7.762653027475753476e+00
7.750472920298099311e+00
7.746162444455753082e+00
7.482788222665971212e+00
7.593613409728215302e+00
7.551413628490484697e+00
7.272395429568178749e+00
7.654618440119986822e+00
7.705677476269235271e+00
7.742367280804213436e+00
7.564079675187213248e+00
7.656513183263268907e+00
7.559106066061676898e+00
7.564079675187213248e+00
7.584233764643071751e+00
7.585154284484055154e+00
7.557599799981846722e+00
7.614410778952219516e+00
7.744353660139430495e+00
7.404228739320582342e+00
7.622214071584608064e+00
7.774794868977030760e+00
7.263982676279605144e+00
7.457250142660785563e+00
7.753147766881050451e+00
7.623391527108247523e+00
7.754817477258719727e+00
7.591066960618069182e+00
7.698181933196146964e+00
7.666489485197486076e+00
7.364998494900461878e+00
7.558088125866001761e+00
7.433717564669263034e+00
7.458812797452152310e+00
7.760577753680481194e+00
7.558683673406338066e+00
7.679405798361922386e+00
7.692071845058651824e+00
7.537176046194797863e+00
7.110088649218518242e+00
7.447792232396742484e+00
7.698181933196146964e+00
7.288893129662409542e+00
7.786489668747551107e+00
7.748516564528427075e+00
7.758871540814722856e+00
7.763599523096887722e+00
7.494269439140929023e+00
7.152706522369951969e+00
7.679405798361922386e+00
7.673950261904403547e+00
7.696830848189213370e+00
7.494269439140929023e+00
7.790826391342353219e+00
7.657746196572159825e+00
7.288893129662409542e+00
7.263982676279605144e+00
7.207819514358850377e+00
7.571058386449257327e+00
7.328256225695751525e+00
7.447792232396742484e+00
7.575784402268179285e+00
7.525137268585466721e+00
7.653728936379697423e+00
7.633358991642796632e+00
7.357855715026765608e+00
7.658867303335942900e+00
7.614443228739392389e+00
7.545958092032965858e+00
7.794079222789964234e+00
7.441682144259245568e+00
7.408477602536538420e+00
7.229223449708183757e+00
7.574380013219569108e+00
7.457250142660785563e+00
7.659839024517194339e+00
7.545958092032965858e+00
7.613858551119706775e+00
7.211169593287762858e+00
7.641258231141051738e+00
7.616459044824603453e+00
7.570724071310987568e+00
7.773428158249037878e+00
7.546824748694271001e+00
7.545958092032965858e+00
7.584233764643071751e+00
7.564079675187213248e+00
7.688207937716692086e+00
7.570189763324710164e+00
7.787497060243804725e+00
7.400170827057522160e+00
7.152706522369951969e+00
7.586804967323589999e+00
7.685591969853284411e+00
7.794744528827594721e+00
7.127467597141055933e+00
7.755665439935805594e+00
7.758871540814722856e+00
7.626043349107908931e+00
7.509267920425143572e+00
7.612499466243512813e+00
7.545958092032965858e+00
7.558060142974706963e+00
7.685591969853284411e+00
7.495890428633333435e+00
7.447792232396742484e+00
7.692071845058651824e+00
7.626825307387282038e+00
7.526626270248550021e+00
7.673950261904403547e+00
7.673950261904403547e+00
7.597508448961828975e+00
7.571398582607603345e+00
7.628437934095903650e+00
7.564079675187213248e+00
7.456241594771634063e+00
7.647249061174330897e+00
7.560897047057312470e+00
7.580859340163683235e+00
7.748516564528427075e+00
7.579520118581907440e+00
7.482788222665971212e+00
7.698181933196146964e+00
7.255459767012492733e+00
7.551413628490484697e+00
7.570189763324710164e+00
7.644870931323849206e+00
7.564079675187213248e+00
7.749844181000614896e+00
7.748516564528427075e+00
7.626825307387282038e+00
7.372039768516883029e+00
7.644037913111280780e+00
7.557502547387212388e+00
7.207819514358850377e+00
7.654932450014568346e+00
7.557598476201772719e+00
7.229863545155327920e+00
7.706631295571039431e+00
7.570189763324710164e+00
7.752680207645392230e+00
7.744267701312470997e+00
7.604448763380815990e+00
7.263982676279605144e+00
7.312830144044069058e+00
7.631473874447500805e+00
7.229223449708183757e+00
7.564534623138200686e+00
7.545958092032965858e+00
7.357855715026765608e+00
7.750261020788607347e+00
7.758871540814722856e+00
7.730611124845912840e+00
7.418832578822834201e+00
7.635463003098799106e+00
7.564079675187213248e+00
7.320595934088069967e+00
7.566131081302257755e+00
7.585154284484055154e+00
7.746350422354074894e+00
7.627476981253645150e+00
7.532220909192019143e+00
7.418832578822834201e+00
7.586804967323589999e+00
7.584233764643071751e+00
7.703614591614703855e+00
7.705235889368607261e+00
7.548828758604402722e+00
7.594259074816343436e+00
7.456241594771634063e+00
7.296979407194412737e+00
7.446387843348131419e+00
7.533742265915763348e+00
7.742778699649387697e+00
7.176966020329137663e+00
7.558147789492023705e+00
7.551413628490484697e+00
7.646163100535611434e+00
7.542770685138267872e+00
7.589824777892852481e+00
7.288893129662409542e+00
7.617101649602996183e+00
7.564966980664008744e+00
7.653728936379697423e+00
7.551413628490484697e+00
7.563920406030566923e+00
7.470957799663906052e+00
7.246826036403668070e+00
7.702330474722384857e+00
7.696536198398888473e+00
7.545958092032965858e+00
7.596957394984795719e+00
7.441682144259245568e+00
7.761432306975657447e+00
7.494269439140929023e+00
7.563194438925316732e+00
7.551552730976435868e+00
7.673950261904403547e+00
7.551413628490484697e+00
7.791894882386234400e+00
7.647249061174330897e+00
7.641062889682968873e+00
7.401602842025422291e+00
7.620524394656990275e+00
7.586847416042909131e+00
7.748516564528427075e+00
7.557599799981846722e+00
7.679405798361922386e+00
7.623391527108247523e+00
7.563194438925316732e+00
7.447792232396742484e+00
7.701941299527273799e+00
7.482788222665971212e+00
7.703256871091650915e+00
7.702330474722384857e+00
7.647249061174330897e+00
7.435202269053879043e+00
7.758891285067306853e+00
7.257828288559160512e+00
7.546824748694271001e+00
7.551413628490484697e+00
7.320595934088069967e+00
7.255459767012492733e+00
7.433717564669263034e+00
7.429016097562517018e+00
7.522568357985489840e+00
7.575784402268179285e+00
7.400170827057522160e+00
7.777394418170453960e+00
7.792460568499551599e+00
7.530875133464506099e+00
7.794868394871902417e+00
7.526626270248550021e+00
7.794514513089375818e+00
7.288893129662409542e+00
7.751383696979685212e+00
7.533742265915763348e+00
7.277754660579526913e+00
7.586804967323589999e+00
7.541230109750801880e+00
7.200264055824314724e+00
7.528162996928959849e+00
7.691716774105952226e+00
7.559321939514566324e+00
7.539336904859233357e+00
7.378980201239204284e+00
7.745699475844628701e+00
7.406123482463864427e+00
7.580859340163683235e+00
7.551413628490484697e+00
7.441682144259245568e+00
7.557703026374442246e+00
7.790802932700922945e+00
7.794706619877697307e+00
7.570189763324710164e+00
7.557598476201772719e+00
7.144403259696741060e+00
7.772229929615632749e+00
7.564079675187213248e+00
7.622261609012366712e+00
7.657433847517497227e+00
7.418832578822834201e+00
7.456241594771634063e+00
7.452867170292245547e+00
7.526626270248550021e+00
7.557599799981846722e+00
7.110088649218518242e+00
7.399172109729341251e+00
7.573189655941166443e+00
7.418832578822834201e+00
7.564079675187213248e+00
7.601366177148083381e+00
7.689990763808652652e+00
7.312830144044069058e+00
7.545958092032965858e+00
7.731838465378805481e+00
7.144403259696741060e+00
7.562311336678259721e+00
7.312830144044069058e+00
7.570189763324710164e+00
7.726797771107804635e+00
7.357855715026765608e+00
7.665168216066235551e+00
7.405746830450963714e+00
7.641062889682968873e+00
7.557094238918296014e+00
7.160900959790971854e+00
7.580859340163683235e+00
7.452867170292245547e+00
7.630208027413452498e+00
7.756561505213354302e+00
7.698181933196146964e+00
7.200264055824314724e+00
7.765869928819774337e+00
7.083177423416325169e+00
7.692071845058651824e+00
7.585242312532223252e+00
7.612869402706021305e+00
7.539336904859233357e+00
7.246826036403668070e+00
7.420836588732965033e+00
7.328256225695751525e+00
7.152706522369951969e+00
7.707639843460190932e+00
7.707512288453345128e+00
7.335811684230288066e+00
7.665835908555012068e+00
7.782492746415928586e+00
7.654263746100395949e+00
7.653728936379697423e+00
7.447792232396742484e+00
7.784936681133140191e+00
7.569138833680033152e+00
