-5.057693491780683448e-02
5.531451202773484122e-01
1.152591585766755022e+00
2.773157937598847433e-01
-7.546332547167610150e-01
4.574494473707113040e-01
-2.143990691819158134e-01
1.379337082915921053e+00
-2.509671528161523946e-01
-2.666628972327075520e+00
7.789446145985314818e-01
6.025701462219350546e-01
-1.129187933223887885e+00
3.039411314845385514e-01
-5.078704154552692307e-01
4.660717357824334384e-02
-3.479826917449370116e-01
-7.115749443992342993e-01
3.058589253791552109e-01
2.705737029899611290e+00
5.219420793586798668e-01
-1.701590653285312449e+00
1.135249378969472173e-01
-5.417026380628040538e-01
6.907916659212233190e-01
7.861199238055270877e-01
-6.780549717577293301e-01
7.354312016723644208e-01
-4.522062709978455497e-01
-2.832725341464116253e-01
-1.380398582539225316e+00
-3.731889000122298183e-01
1.017489498887076627e+00
-5.455545965521718665e-01
2.494714847840364125e-01
1.517807663438796251e+00
-1.581863816596945083e-01
9.992401739305390995e-01
-7.371982448382661257e-01
-1.427459966411286141e+00
3.496376516383269961e-01
-3.161988392477799170e-01
7.078793671637008122e-01
4.895184141134502620e-01
-4.266159430252814411e-01
-6.650831508603397557e-01
-3.323048706760745041e-01
4.672317372351490472e-01
-8.901339262336304126e-01
-3.642013367357083697e-01
-5.807458039280266604e-01
2.077832144069898801e-01
7.646670992798677569e-01
-1.147814183594524362e+00
2.340180333005987268e-01
-1.444794115876729457e+00
-9.490408350615855970e-02
-1.862985426274160194e-01
-1.889770148895107971e-01
-7.366819099552415206e-01
-3.831432609902590825e-01
1.703638975731577743e+00
1.532047700219592301e-01
-3.844902353124892702e-01
6.470612495622175553e-01
2.449405136267837957e+00
-6.059407017224306413e-01
-8.286281510067174949e-01
-6.801930665355681027e-01
4.274357507326630168e-02
-4.660513226588151869e-02
9.488853199882724132e-02
-1.148465233459075918e+00
-9.299988943915241668e-01
-5.238136837735323237e-01
2.507689379085676906e-01
-9.853336872512936662e-01
-2.853284798493299287e-02
1.339702840043458520e+00
-4.342901680988565660e-01
-5.731623667454475157e-01
8.350211668869936821e-01
-1.402885143579182259e-01
-4.884212202016159354e-01
1.103277755319405307e+00
8.427066919687628554e-02
-6.835921540005900354e-01
8.531878301334182568e-01
-1.031982675901130575e+00
-2.998194963923158096e-01
-9.021914752503674695e-01
-4.742188049689222695e-01
-1.179129975050014600e+00
3.259586393599020644e-03
2.511359373412390128e-01
-4.801468988289860351e-01
4.975207899836793235e-01
3.373588207504914505e-01
5.007217673032897665e-01
2.036006777697088321e-01
-3.409850554725727539e-02
8.067525456868490652e-01
4.037864425196062146e-01
5.962874867611364094e-01
1.927269782831562583e+00
-4.613065967883839269e-01
7.509842645195154154e-02
1.008227056514208408e+00
-4.324364741025941150e-01
3.650727693167322152e-01
2.871748751002338174e-01
-1.025309510293937576e+00
-2.085960718143480552e-01
2.416299680697489016e-01
7.859666760875043401e-02
1.362996538019991821e-01
6.047228931138018959e-01
7.465865281931916009e-01
-5.294407003609961221e-02
-1.062926607710330984e+00
-1.213748981953209016e+00
2.939711619572560330e+00
-5.449760602785970187e-01
-8.034347631528694356e-01
1.448065668743636625e+00
8.334365196260999920e-01
3.890535930077991811e+00
-3.500613721373934117e-01
2.288974810720167119e-01
4.637158022592250406e-01
-8.947958790879212421e-02
6.405094334243818244e-01
-9.952394799231916167e-01
2.178622045582745970e-01
2.736584604243735841e-01
-1.699489846232295598e+00
6.631745790639539395e-01
-7.467999365857046490e-01
5.092354705164081619e-01
6.896039144778074448e-01
-1.038300783967819052e-01
4.243967929213789403e-01
-1.188488860907353395e+00
-9.595435068571980253e-01
9.203767347861442627e-02
-5.113178929749246926e-01
-8.938474930010728570e-02
-1.818408097411990110e-01
-1.039360750265928557e+00
-6.938070998274209478e-01
1.502776381603741218e-01
-5.429277009341302307e-01
-9.286455467527584551e-01
2.638227064503557151e-01
-2.590516213998611539e-01
3.622547181480540446e-01
9.623842393646055982e-01
-3.061419728521710404e-01
6.476975107958627964e-01
5.979350399989407094e-01
-4.414475869658014973e-01
-9.082547840617273549e-03
7.128879896663076199e-01
-6.087038671056367589e-02
1.858926342127458220e-01
4.973940319808905497e-01
3.298301586273681418e-01
-5.747233721664909423e-01
-1.892334740836691120e-01
1.713696636033717802e+00
9.630159076624990044e-01
1.054541196649906531e+00
5.341383079996590011e-01
-1.750455734632683780e-01
-3.046019893326701866e-01
2.546205529666497380e+00
4.304551787575532917e-01
-3.949706115934518702e-01
-7.555007661758575965e-01
-1.991297903564989979e-01
-7.403544244794181273e-01
-1.961755772866114467e-01
5.956396967876224913e-02
-7.581354790814404110e-02
4.659572662327538528e-01
-8.013975048954141700e-01
-7.153606166361612395e-01
-5.670099228100602406e-01
-5.945869330818348564e-01
-2.361764301795291898e-01
1.991357443056090970e-02
3.558555604220903223e-01
-9.061803264922074774e-01
-8.000824394869235912e-01
2.866664882150843141e+00
-5.994829897983421363e-01
-7.621415116121435691e-03
-6.890272473371168438e-01
-1.314977948913565342e+00
3.932876992956156337e-01
-1.109517480445536552e-01
-4.162065734866468580e-01
-1.085881609535711778e+00
1.915220351547838040e-01
-7.244640319425967867e-01
-1.279815033685156811e+00
-4.135916985468151008e-01
3.424309251255529540e-01
-2.251762712384479670e-01
-1.229257231436146208e-01
1.242762949338880984e+00
2.153378331273215207e-01
8.164923483725130410e-03
1.129742689090331043e+00
7.087528047837169387e-01
-8.843237635523413243e-01
9.106717006939605286e-01
-6.721519625077277960e-01
-1.163933512419733196e+00
-1.124960402539944671e+00
1.686943244281497778e+00
4.229606004687808674e-01
9.011154948677160270e-01
-6.074893948176757208e-01
2.649962538311205207e-01
1.098495230629390251e+00
9.363101943108444181e-02
-2.503654758315503326e-01
-8.868803336279288407e-01
6.212301942861148119e-01
3.306320464811455806e-01
6.384814062638390908e-01
2.632435231917453766e-01
1.201844592404524292e-01
2.255289016906179000e-01
-8.059761637350987273e-01
-6.098939349889241912e-01
2.265007765143664809e-01
-5.799438430307901626e-01
1.227168385608130130e+00
-1.247487224474031153e+00
1.087406913220294452e-01
7.764330007221215135e-01
-1.636527572723686097e+00
-7.105977147278980111e-01
2.256894457872381243e-01
1.518050725327338979e+00
3.048361912968794440e-01
3.010224049227548382e-01
-5.168394768577638798e-01
-1.754682666424780824e-01
-7.198893139315286627e-01
3.004869438623498090e-01
1.034890570832629475e+00
-1.492676751010475200e-01
-1.344846210620856519e+00
-1.725791294755670391e+00
4.129468798027436383e-01
-5.835457990033031672e-01
-1.039618614920936324e+00
4.719538875247378251e-01
2.974708510901282743e-01
1.140709250394318780e-01
1.273203548558028420e+00
7.194740592625191722e-01
-7.510822726980564967e-01
-5.129616294120147718e-02
-7.282080929595771135e-01
-1.570480889693147919e+00
4.406497752249671773e-01
4.201936244184409537e-03
-9.606647543949002610e-02
-1.068122109941009201e+00
-5.085554913236876029e-01
-8.378693246968124675e-02
2.964360094807766632e+00
1.484332832739665431e+00
-9.283917518763192822e-01
-6.998472979904178937e-01
2.950163656033353288e-01
4.278504110101820079e-01
-1.627331250096939463e+00
-8.489691881939008811e-01
-4.835016842112647151e-01
4.385487878659456440e-01
6.018432775137639856e-01
1.327450545129908122e+00
1.871340694093880791e-02
-4.606342346644373698e-01
-4.295337256358560118e-01
-3.443327611436572955e-01
6.024896929737219020e-01
-1.506797184638353437e+00
8.109647904303352028e-02
1.973974905552231096e+00
-3.159142840777925954e-02
-1.202987819967152039e-01
-5.282310608184076495e-01
-1.537395783660459314e-01
-2.299043842925108938e-01
1.021832003028387392e+00
1.912170002036090444e-01
-2.562057645947364223e-02
1.221438671159256861e+00
-8.259649963397642791e-01
3.498731062781470502e-01
-2.945085404307712929e-01
8.142873269959112481e-03
2.611005811586075698e-01
1.885701716171026776e+00
-5.703261310519405075e-02
1.365954357069682823e+00
7.361564708763354004e-01
2.871161236920091731e-01
-7.396828693067220017e-01
-4.166823515604193839e-01
-9.288579945357786638e-01
2.822775169216728761e-02
-1.102250302575631835e+00
1.016115356328002983e+00
1.014823736934770404e-01
5.660310029741402182e-01
4.009764014294970869e-01
-5.156820149649398166e-01
2.200366006127048468e+00
1.170025519665869596e-01
1.546158741574369166e+00
-1.103409317165739534e+00
3.759095664364697220e-01
8.426889170458781164e-01
-6.256994821553301112e-01
2.933994103044994528e+00
-6.984837379240481647e-01
9.523251187135871598e-01
4.299741992128848223e-01
-1.719389184370215262e-01
-5.189901196396334154e-02
-1.570106846384352606e-01
5.326967279358814089e-01
6.137267814838121005e-01
3.442517960908021424e-01
-1.102368933963432385e+00
-1.373199897666276703e+00
6.815544621909781497e-01
-1.317837144971546470e+00
-7.538636180220823491e-01
2.930006812368217695e+00
1.478239101075973783e-01
4.550244823389846816e-01
1.236924645579071669e+00
-3.161882842116480186e-01
6.576227649650673301e-01
2.302629120093988846e-01
4.761603474326153718e-01
-2.665056192216353370e+00
5.239198929183477293e-01
-1.561666275420863226e-01
2.161851853119739486e-01
2.833354197786424056e-01
3.208001294316743524e-01
-1.409146714768688913e+00
2.434567108364470656e+00
2.666147461940701069e-01
4.949852149321520289e-01
6.245739562328074257e-01
-6.013080499301044490e-01
-1.304233216122566485e+00
8.198231399308623102e-01
9.449567614339839938e-01
-8.975986013743285641e-01
-2.027291970149258105e-01
-2.346164305274726358e-01
3.758021060860675111e-01
4.946126395662129305e-01
9.931381385330822348e-03
3.418259385464064715e-01
1.040314177829192444e+00
-5.484056900287751501e-01
2.193862258828857659e+00
5.494569375059941141e-01
-7.766784636799215491e-01
-7.592294960774188806e-02
-2.102723875805509124e+00
-5.854800815005227754e-01
5.536136281861380182e-01
3.206294739967979757e-01
1.888234141716649273e-01
5.454567677410344650e-01
1.605452254737580464e-01
-2.536674365797441655e-01
2.148152701888160140e-02
-7.569546732002877532e-01
7.102579897289170718e-01
-2.768220833073598008e+00
-8.227199246391529996e-01
1.084314405726834574e+00
-6.256310022654880676e-01
5.960571158459164742e-01
7.645496793296586713e-01
2.252987753315121577e-01
-2.617154284152765076e-01
-3.135916843619346306e-01
-1.996908021432392544e-01
-1.204765741858975642e-01
1.203792233408411905e+00
1.362178734472535013e-01
-1.104489759509752922e+00
-7.738152013730275058e-01
-8.973938191038602907e-01
-7.284862304361694463e-01
5.473259907734627783e-01
3.537681140943032404e-02
3.580968837747662281e-01
1.517624346218429343e+00
-4.894258949204907116e-01
-8.892094088196339507e-01
-9.494182010073966005e-01
-2.403889772536923763e-01
2.232737975136733777e-02
1.008013319124304585e+00
1.702194651100551737e-01
-4.142939845204486327e-01
2.704388127068361736e-01
1.435057187414171320e+00
-1.812854003244356582e-01
1.476297664729131764e-01
-4.018307915374945694e-01
-8.199657602530192602e-01
-8.898551571681083683e-01
9.716770921101059999e-01
-1.380749847722405166e+00
4.068812852895757892e-01
1.395666250498213690e-01
-1.100394274590122956e-01
-2.962588550241221017e-03
-3.167446493764844440e-01
