1.127575561065477139e+01
1.149550555027093957e+01
1.108387792151483531e+01
1.167493371766222232e+01
1.137282606786485673e+01
1.148235688893556983e+01
1.128918582764800682e+01
1.158708808348000652e+01
1.133709652466133733e+01
1.145684843034857003e+01
1.091449794630614178e+01
1.149550555027093957e+01
1.129191433889445939e+01
1.156191296960576409e+01
1.154979499572988999e+01
1.154387933745458383e+01
1.154250394037862115e+01
1.085105024662249917e+01
1.172454508925721584e+01
1.149773559438231274e+01
1.143917014514231489e+01
1.085105024662249917e+01
1.136866436937035552e+01
1.088777122960241783e+01
1.117531299849131443e+01
1.153924138574893909e+01
1.170602401990828412e+01
1.109772091951955986e+01
1.153329159701020323e+01
1.108387792151483531e+01
1.149799970322296971e+01
1.171782886902686194e+01
1.148235688893556983e+01
1.113178528785825883e+01
1.112774917739902314e+01
1.091449794630614178e+01
1.172454508925721584e+01
1.133305351107454939e+01
1.132830633350542726e+01
1.131949405426449928e+01
1.136073430903224057e+01
1.146865327946714608e+01
1.149773559438231274e+01
1.108387792151483531e+01
1.154820222731972557e+01
1.130402497636779735e+01
1.133305351107454939e+01
1.171782886902686194e+01
1.131267778048341555e+01
1.170602401990828412e+01
1.148235688893556983e+01
1.146865327946714608e+01
1.127845443534823389e+01
1.111097474155585729e+01
1.131267778048341555e+01
1.128918582764800682e+01
1.089394539798713524e+01
1.134281356967196430e+01
1.117531299849131443e+01
1.157590821418443383e+01
1.154012144734349476e+01
1.154420814816202068e+01
1.155026627978796405e+01
1.113694681916213014e+01
1.109840632531363269e+01
1.090066161821749091e+01
1.157661168643338634e+01
1.127595113669532978e+01
1.174468113983065365e+01
1.133709652466133733e+01
1.145684843034857003e+01
1.147536949969750175e+01
1.158330494754771145e+01
1.132304918588276443e+01
1.133118576845360082e+01
1.134155315637075034e+01
1.134689650907927394e+01
1.158024818472779671e+01
1.109840632531363269e+01
1.137457063712089145e+01
1.117531299849131443e+01
1.135353453699992698e+01
1.129051800919038406e+01
1.127496333392919503e+01
1.132828690399717786e+01
1.137282606786485673e+01
1.109772091951955986e+01
1.131319071656699471e+01
1.139269778464760208e+01
1.159138882924302294e+01
1.111097474155585729e+01
1.126835888759273985e+01
1.134275589286867358e+01
1.087239156259753159e+01
1.134267137279660353e+01
1.117928199030955838e+01
1.145684843034857003e+01
1.148235688893556983e+01
1.129300108019911164e+01
1.159268706102281676e+01
1.146865327946714608e+01
1.151176208151041536e+01
1.129038025843128423e+01
1.153227042013927495e+01
1.133700994674693341e+01
1.104922405345321934e+01
1.172454508925721584e+01
1.128037016394323011e+01
1.092079766879092873e+01
1.148235688893556983e+01
1.113178528785825883e+01
1.155500783721611846e+01
1.146247911108242867e+01
1.132327104853226096e+01
1.146865327946714608e+01
1.132349204887589700e+01
1.090764900745555721e+01
1.133709652466133733e+01
1.143017147656214227e+01
1.132864603669738734e+01
1.127853043438968328e+01
1.131861024641998448e+01
1.088214054886855919e+01
1.154876190832034233e+01
1.153372980515478652e+01
1.157371054403676780e+01
1.125732117610584559e+01
1.133582618043389623e+01
1.146865327946714608e+01
1.133305351107454939e+01
1.168498966313791776e+01
1.156702015314903775e+01
1.152125625615089355e+01
1.148235688893556983e+01
1.168834573470202898e+01
1.128806379660866455e+01
1.148235688893556983e+01
1.117531299849131443e+01
1.132657318492745624e+01
1.147536949969750175e+01
1.136082290316980625e+01
1.157587200765903468e+01
1.086110619209819106e+01
1.128419109809721910e+01
1.156208463020788635e+01
1.132830633350542726e+01
1.093010640074984252e+01
1.153726703950510668e+01
1.133246425341228125e+01
1.158627211422105141e+01
1.133308447020931631e+01
1.173838141734586671e+01
1.133748702303638467e+01
1.138493481000854324e+01
1.128389344349080581e+01
1.124964276694899645e+01
1.125289568584349986e+01
1.154636053549991637e+01
1.128660755850191322e+01
1.171782886902686194e+01
1.173153247849528391e+01
1.145173171532659850e+01
1.106448492581199616e+01
1.091449794630614178e+01
1.173838141734586671e+01
1.134234818809549772e+01
1.157505347545650132e+01
1.157746249355689194e+01
1.159138882924302294e+01
1.159701950997688158e+01
1.125986965244204185e+01
1.108855840278953409e+01
1.171782886902686194e+01
1.171165470064214276e+01
1.155543208600477811e+01
1.125986965244204185e+01
1.158052189729610326e+01
1.132499394449399333e+01
1.134234818809549772e+01
1.132830633350542726e+01
1.111948877981063966e+01
1.130935278946490463e+01
1.136443926070925237e+01
1.091449794630614178e+01
1.116367353586585409e+01
1.143282435803113373e+01
1.136772169827030865e+01
1.151176208151041536e+01
1.138096087741797113e+01
1.169209768422215312e+01
1.127220528647194087e+01
1.146247911108242867e+01
1.158574291816385404e+01
1.090764900745555721e+01
1.086821421318242642e+01
1.130864244496509485e+01
1.150027744792339846e+01
1.093010640074984252e+01
1.137457063712089145e+01
1.146247911108242867e+01
1.135982528782764689e+01
1.129839964301293342e+01
1.130693680076598717e+01
1.127567554814574713e+01
1.130889669614786364e+01
1.156061736155273145e+01
1.113131613842827150e+01
1.146247911108242867e+01
1.117531299849131443e+01
1.148235688893556983e+01
1.154030879347887506e+01
1.148920582778615262e+01
1.157626066841768520e+01
1.085105024662249917e+01
1.108855840278953409e+01
1.150207127540321395e+01
1.172454508925721584e+01
1.159047048710757721e+01
1.107431645931618469e+01
1.154045114676129380e+01
1.159138882924302294e+01
1.128922848956221259e+01
1.149716121596453888e+01
1.135768364104768047e+01
1.146247911108242867e+01
1.128373039582169390e+01
1.172454508925721584e+01
1.149799970322296971e+01
1.091449794630614178e+01
1.173153247849528391e+01
1.133709652466133733e+01
1.143581407357820368e+01
1.171165470064214276e+01
1.171165470064214276e+01
1.134001222512845075e+01
1.130981355008803391e+01
1.129221947582908037e+01
1.148235688893556983e+01
1.092613740893160212e+01
1.136073430903224057e+01
1.129272446044953249e+01
1.116997325835064103e+01
1.157746249355689194e+01
1.132005436061672121e+01
1.125732117610584559e+01
1.173838141734586671e+01
1.132349204887589700e+01
1.146865327946714608e+01
1.148920582778615262e+01
1.131083499434220663e+01
1.148235688893556983e+01
1.153287026907830182e+01
1.157746249355689194e+01
1.133709652466133733e+01
1.138884697549642588e+01
1.151460569096837006e+01
1.127955589949315218e+01
1.111948877981063966e+01
1.134165337806502372e+01
1.128024999407907814e+01
1.113178528785825883e+01
1.175002087997132527e+01
1.148920582778615262e+01
1.153666132944448997e+01
1.157035447247265658e+01
1.134764680473377041e+01
1.132830633350542726e+01
1.135579716982333487e+01
1.129587732278082335e+01
1.130864244496509485e+01
1.129962682587870937e+01
1.146247911108242867e+01
1.138096087741797113e+01
1.153344144861980247e+01
1.159138882924302294e+01
1.159476835171319564e+01
1.088214054886855919e+01
1.130050178942497396e+01
1.148235688893556983e+01
1.136015033111557138e+01
1.130220986680204476e+01
1.132657318492745624e+01
1.152783621869646780e+01
1.129103162763399304e+01
1.111028178165790692e+01
1.088214054886855919e+01
1.150207127540321395e+01
1.117531299849131443e+01
1.155641512334148935e+01
1.156648070064467859e+01
1.149773559438231274e+01
1.133651944279475821e+01
1.092613740893160212e+01
1.134689650907927394e+01
1.125110185836368437e+01
1.144709944407754243e+01
1.156736475692558663e+01
1.110220377650684576e+01
1.128422586504318481e+01
1.146865327946714608e+01
1.131222233234344010e+01
1.112619942340630175e+01
1.133173816935204137e+01
1.134234818809549772e+01
1.127671085120377192e+01
1.130034460084420544e+01
1.136772169827030865e+01
1.146865327946714608e+01
1.129857978047231803e+01
1.125498265616527505e+01
1.131861024641998448e+01
1.156284679028491702e+01
1.155500783721611846e+01
1.146247911108242867e+01
1.131765725447192850e+01
1.090764900745555721e+01
1.154735535902785593e+01
1.125986965244204185e+01
1.114983720777720322e+01
1.113694681916213014e+01
1.171165470064214276e+01
1.146865327946714608e+01
1.158203875129050431e+01
1.136073430903224057e+01
1.135401808880188490e+01
1.085546359508213143e+01
1.132828690399717786e+01
1.132846724504551972e+01
1.157746249355689194e+01
1.147536949969750175e+01
1.171782886902686194e+01
1.133246425341228125e+01
1.114983720777720322e+01
1.091449794630614178e+01
1.156234762842321828e+01
1.125732117610584559e+01
1.174468113983065365e+01
1.156284679028491702e+01
1.136073430903224057e+01
1.090066161821749091e+01
1.154437056287360441e+01
1.114731205866833008e+01
1.113131613842827150e+01
1.146865327946714608e+01
1.136015033111557138e+01
1.132349204887589700e+01
1.124964276694899645e+01
1.089394539798713524e+01
1.142575812810251001e+01
1.116367353586585409e+01
1.085105024662249917e+01
1.156488270427591480e+01
1.158289441987174762e+01
1.144292209466243904e+01
1.158784182437380750e+01
1.143581407357820368e+01
1.158674670205948765e+01
1.134234818809549772e+01
1.158163984297199534e+01
1.144709944407754243e+01
1.115832008364506400e+01
1.150207127540321395e+01
1.145684843034857003e+01
1.111526367114954006e+01
1.110022583618221148e+01
1.154741413468663858e+01
1.128872853391657394e+01
1.112156715215724390e+01
1.139269778464760208e+01
1.152683758554547744e+01
1.086446226366230405e+01
1.116997325835064103e+01
1.146865327946714608e+01
1.090764900745555721e+01
1.128112079422353276e+01
1.158048973088476785e+01
1.158728450478457894e+01
1.148920582778615262e+01
1.128024999407907814e+01
1.108387792151483531e+01
1.155933019077972546e+01
1.148235688893556983e+01
1.150904524200175416e+01
1.132463002478750091e+01
1.088214054886855919e+01
1.092613740893160212e+01
1.092079766879092873e+01
1.143581407357820368e+01
1.147536949969750175e+01
1.106448492581199616e+01
1.084496659332551616e+01
1.131218839606299298e+01
1.088214054886855919e+01
1.148235688893556983e+01
1.134420757798438650e+01
1.154420814816202068e+01
1.135579716982333487e+01
1.146247911108242867e+01
1.159614142561113859e+01
1.108387792151483531e+01
1.129564444742586815e+01
1.135579716982333487e+01
1.148920582778615262e+01
1.159058961290375755e+01
1.138096087741797113e+01
1.170090730488631259e+01
1.140749567320477631e+01
1.135401808880188490e+01
1.127779378104895081e+01
1.109317259853578364e+01
1.116997325835064103e+01
1.092079766879092873e+01
1.129436851280754617e+01
1.154155628455213822e+01
1.173838141734586671e+01
1.111526367114954006e+01
1.155239468191634167e+01
1.104922405345321934e+01
1.173153247849528391e+01
1.117928199030955838e+01
1.135823632783968051e+01
1.112156715215724390e+01
1.131861024641998448e+01
1.124856000482259866e+01
1.136443926070925237e+01
1.108855840278953409e+01
1.175398987178956922e+01
1.156922995017643707e+01
1.136866436937035552e+01
1.134222611678451464e+01
1.157046831041582635e+01
1.151753447715245393e+01
1.136772169827030865e+01
1.091449794630614178e+01
1.157323930035596149e+01
1.130668520588624837e+01
