-3.183723393976503613e-01
-8.899630482790725772e-01
1.287315874203095234e+00
9.074591960729079532e-02
4.273313677101072128e-01
-8.221912798666080047e-01
6.367654461931309129e-01
7.719193937410312456e-01
4.127383740966203418e-02
-1.595837089336856751e+00
7.902396228884968066e-01
-1.828057660807704543e-01
-1.707753017681966412e+00
-9.551244719216865631e-02
7.357739267533617289e-01
-4.883653729384508368e-01
3.116772291805718353e-01
-1.037777644452782422e+00
-5.262943548042999797e-01
-1.834412772018967075e-01
9.194632923063304764e-02
2.657425100119604755e-01
1.001414004251642842e+00
-1.161383315685093676e+00
6.184964053694502750e-01
1.578013435819657362e-01
-3.466911428466663836e-02
6.252057814937110880e-01
1.479975378833960908e-01
8.855858284244859657e-01
-9.089134786018594481e-01
-9.022712691685212949e-01
2.550889634302013764e-01
6.847355831258972181e-01
-1.011348696152396601e-02
-4.599190703780943745e-01
-5.234515787314628632e-01
8.927576556342553538e-01
2.164498268155371219e-01
2.938335269068679256e-01
-7.610128157717379604e-01
-2.927773516208083127e-01
4.745666698647177384e-01
1.738154821813578943e-01
3.541706523577018983e-01
1.296321983298930058e-01
8.379959245303826298e-01
3.203468254429421569e-02
-5.197826833031513605e-01
-1.047221601552959402e+00
-6.039566443893757963e-01
-4.517943346858476761e-01
7.998852734773934658e-01
-9.273850077534628866e-01
9.499826668762927084e-02
-1.906267967575258293e+00
1.147647044266415506e+00
6.954441062009558694e-01
6.474478756967690929e-01
6.767706309647140983e-02
3.812117220103611870e-01
1.184998673072256814e+00
-5.110176240561049577e-01
-4.982102320990699496e-01
2.374795523765069749e+00
1.210780349574108516e+00
2.635314882329455877e-01
3.265804712445631308e-01
-1.423409781269920016e+00
9.879060973501646581e-01
-2.573566998636131475e-01
-4.544944182415843192e-01
-9.559116318587258451e-03
-2.489350787068539683e-01
-2.672398845883689790e-03
7.647663405655167335e-01
-2.199942828938432071e-01
1.144507744653020742e+00
1.140501185917363269e+00
5.713837937877829232e-01
3.513812664760275206e-01
6.955880832885267262e-01
4.667508497517401933e-01
-1.162707578946942377e-01
-4.402008374504629007e-02
4.930706502667490665e-01
-1.497681797910851653e+00
1.695100477007858375e+00
-9.689223062049270307e-01
4.096487072255063366e-01
2.753179918122688474e-01
-9.920635601290811456e-02
-1.778881075791341471e-01
-6.788683491423265215e-01
-1.198939749138533406e+00
-2.642497214714516485e-01
-1.393346209612939812e-01
-8.422760403537019602e-01
3.547225753045001873e-01
-2.658280201286110089e-01
-6.553650414853939843e-02
2.955378178184354110e-01
-2.534663995850218454e-02
1.068296613743661361e+00
1.707427377252913880e-03
-3.685145762598610042e-02
-3.073742655596656825e-01
4.683201137754989252e-01
-8.006725160728765944e-01
-2.342629361961995060e-01
7.228417443409608234e-01
-5.991851072679963558e-02
-1.049581883077129740e+00
-1.431063610144895082e-01
-6.093604116508479773e-01
-8.621126949402390105e-01
-6.002985222476091565e-01
1.099108761180894733e+00
-1.107507991451391449e+00
-1.843596407169642903e+00
-1.041996215377003487e+00
1.653125362020811950e+00
7.385990364681597198e-01
1.309589270240440195e-01
2.234393740918863280e-01
1.395156364581432440e+00
6.753699301906082031e-01
-4.400598996883684499e-01
-2.904537020237514255e-01
-3.924317128473852612e-01
5.141496045810177440e-02
4.179580242754711294e-01
-2.902742799600610546e-01
-2.111040473369820147e-01
9.903498593483214818e-02
-2.381368776210372129e+00
-1.786350902941912996e-02
-2.096197532329518998e-01
-2.359694765197714261e+00
2.236401805718822300e-01
6.634431643077345342e-01
-3.758891893310050691e-01
-8.977305345357570188e-01
-1.652589992542376596e+00
6.439047225418832454e-01
6.139790640710427461e-01
5.181956955630469958e-02
3.226987128147822959e-01
-9.972730966116437612e-01
-2.774905318612313487e-01
-2.910308779722880490e-01
-5.653603979364143495e-01
6.386848193757280190e-02
1.670873725436318846e+00
1.152149126444003829e-01
-1.497256897490914160e-02
6.551302388941577792e-01
-6.852285796514233362e-02
-2.062119133545413430e+00
-1.151242879467859331e-01
-2.926139282927616159e-01
-2.924993774725899720e-01
1.047023334426052527e-01
-6.985481105209460084e-01
-1.887323565427195815e-01
1.849416903876927032e+00
1.354855070671228123e+00
-9.897987696332273544e-02
-5.488131345419107188e-01
-7.098790923730355362e-02
-6.880863513757932148e-01
8.340828264347791565e-01
-2.179535506860074134e-01
-4.422043906998451845e-01
1.332587288098357747e-01
3.938759850816739988e-02
3.699569301762923867e-01
-6.781374562311101029e-01
-7.578330815190585934e-01
2.895301646967809450e-01
-1.154874493060068730e+00
-5.646238475304441451e-01
-4.191183374054910371e-01
-9.964977159685987074e-01
-4.041267365982221249e-01
-5.331550539085031515e-01
-5.773213722256974600e-01
1.394787840627833286e-01
6.371456792318013207e-01
-1.260947445029272362e-01
-1.051979061473387267e+00
1.168918958772467570e-01
-4.838606059276168714e-01
-1.110468035713461532e+00
2.354409902600287374e+00
6.399988992072515037e-01
-2.837232753796706253e-01
1.054227456787194983e+00
-1.396777757056978375e+00
-1.579093704529158371e-01
2.243845941716722248e-01
6.374536682688404510e-02
-4.967374978663249147e-02
-1.057308041328156145e+00
8.522089859515156185e-01
-3.034179735530582733e-01
6.163052367093779793e-01
-4.838434952333386940e-02
5.862586564725469351e-01
-3.298160609122527953e-01
3.313412963240291997e-01
-5.112898806717324218e-01
2.774215792779988199e-02
-3.116806555691208902e-01
1.260251907544891248e+00
-2.880911326135677242e-01
3.056432410272072464e-01
4.838295315374105399e-01
5.640846828763892290e-02
1.271503711227375544e-01
4.139174466328960911e-01
-6.955179498401100613e-01
4.886525903341139565e-01
4.519461785903309270e-01
-1.632404511136250624e-01
3.691340190722354753e-01
-2.290499326448318038e-02
-5.114235887585936169e-01
2.229739181804760162e-01
-4.891660631079360576e-03
4.333652075452492647e-01
7.269718271519447217e-02
1.642475104611115511e-01
-2.121421109427629459e-01
-1.976030677803913282e-01
-3.514731095842862363e-01
-2.848815648735649741e+00
-1.804686333168038948e+00
4.570250075341373286e-01
5.713178667417131429e-01
-2.145579858177844912e+00
1.273468958594300871e+00
7.459334589637760526e-01
9.125269867514836930e-01
-7.030365311466020284e-01
-1.132803805115550622e-01
2.366264824774354292e+00
-3.601128116825149106e-01
-1.701619481366757614e-01
1.223652204882779981e-01
-1.394156977022215083e+00
3.577851089809553353e-01
2.143918242173393218e-01
9.762534524742273734e-02
5.962609403447959311e-01
-1.175091928273711783e+00
-1.438492896082753880e+00
-1.258997307326853721e-01
-4.319070395948373248e-02
-2.251501038567476354e-01
1.079024444375459524e+00
-4.615307521655555023e-01
-6.719209184610126506e-01
-8.532504689508936258e-01
5.934892233236515047e-01
-7.674021168691179673e-01
7.341379490557842225e-01
-1.768921012560176476e-01
-1.012577021439099445e+00
1.253054183210152051e+00
-1.768291074930746110e+00
-2.521978997317767535e-01
1.810334019257867355e-01
5.762795054408846873e-01
6.403996806415536147e-01
-1.963272514374082151e-02
3.409845236474957075e-01
-5.149066776195766471e-01
-8.384807220936503491e-02
-1.810805927868036069e-01
1.086634261443630400e+00
-7.053343953727533311e-01
-7.750141771266545743e-02
-2.755801917270922718e+00
-4.487269548807261144e-01
-8.294319402222610771e-01
4.913398881651834249e-01
-1.249136993192547340e+00
-1.119403081712579073e+00
1.302483299696325925e-01
1.390727679521402693e-01
-5.711210019950835326e-01
-7.427367593173466176e-01
7.721370553012137927e-01
5.364531358059486665e-01
-2.858160517899894781e-01
-2.174438928249795844e-01
2.351571828382399976e-01
1.384284861236527719e+00
-4.793517419171745564e-01
5.703279405212722253e-01
4.581137773762294918e-01
-1.527748902298360356e+00
1.206048107390156332e+00
-6.708071095100756054e-01
2.760350398696840291e-01
4.855718705464565077e-02
-1.154964498430956776e-01
-2.467197424704439812e-02
-1.076784500712853337e-01
3.555284670141814485e-01
8.495438219992202944e-01
1.259195566298038083e+00
-1.764519620266111199e-01
-2.543442109517627392e-01
2.591938671447190368e-01
7.460922858911375743e-02
2.159442709372180053e-02
9.216990319522166963e-01
4.122853960108712190e-01
-4.972276349454599759e-02
-3.312706542950030197e-01
-8.309280773827116828e-01
9.557820399659359978e-02
7.760317670003756829e-01
-8.627963525230466502e-01
-2.243895691212306753e-01
-8.651776439926561757e-01
-2.941291015006655130e-01
-2.729672988959033764e-01
-6.196822106452405388e-01
-5.490435417269414753e-01
-4.039514548641950364e-01
1.629248605764260505e-01
3.885302619010772562e-01
1.218567367834232640e-01
-6.429064532012856992e-01
-6.692218856828102691e-02
-3.361102869689057138e-01
1.506418577258725744e-01
6.806175206136908518e-01
1.229748426770284203e-01
3.191594564411469048e-01
-3.315556927938245746e-02
-1.897356142527182099e+00
4.219698004527878687e-01
3.964748042163532271e-01
4.484630872684364777e-01
-4.327113826945656050e-01
5.693795742423666262e-01
8.437029177084025555e-01
5.284161541907221871e-01
-2.123080478582687336e-01
2.501903465565754603e-01
-1.516574375022098353e+00
1.685805659121165090e-01
2.754889520952878423e-01
8.250421829925069783e-02
-4.867553437612135436e-01
-9.009302359402374671e-01
-1.125878982650668991e+00
1.527753143005208925e+00
1.418345526839642767e-01
2.162702188338676557e-01
7.178114313444193817e-01
7.870484698364023368e-02
-1.708701926653332759e+00
1.101884062940591491e+00
9.949588827042877837e-01
-1.551880662980371195e+00
5.147387763921430492e-01
-7.195436212661875108e-02
-1.144904862448903882e-01
4.116981290260927628e-01
-2.538923746871866727e-01
1.103412359078846272e+00
-7.752182705841309529e-02
-9.611387868352945230e-01
7.605386600365237060e-01
9.236919896395495710e-01
1.539300826049709858e-01
9.517383293297293489e-02
-6.081827183196473197e-01
1.839629577673055627e-01
-5.698248516445480333e-02
-5.546837128867446731e-01
2.925041096800036766e-01
-1.057040784183149312e-01
-2.069921511335666153e-01
1.155892771927020224e+00
-4.222957320771992817e-01
-6.637638184241298478e-02
-9.272090968839838965e-01
-2.533798722340494081e+00
4.896853276032891444e-01
1.000535455133102714e+00
1.313667721541298405e+00
-2.667458807830026535e-01
-6.506774815993174865e-01
5.161918924963498911e-01
1.776774584780971833e-01
4.066520587643127627e-01
-6.006508342338700013e-01
-2.652272599737751091e-01
2.125328426247353519e+00
-2.736513991784577660e-01
-3.925377972728475440e-01
-8.834039785461496042e-01
-5.483647954068389396e-02
2.447275891639789369e-01
7.838453594358704146e-01
-3.266753978429472460e-01
-1.055792378832184131e+00
1.046039048036346175e+00
-8.706215113741813116e-01
-2.706802353575763972e-02
-3.611062677056857684e-01
4.572731366749072102e-01
-4.364551938538233644e-01
-5.891424273214413976e-01
3.774344488207094228e-01
2.088321757645550669e-01
1.542047626952602335e-01
5.700712570803400103e-01
-2.077654745953375071e-02
1.599273699097014001e+00
-2.748837850027082697e-01
5.865203160125840309e-01
-2.297386810680784874e-01
1.934689242455532310e-01
-1.022433957411190697e-01
-1.144660622641924530e-01
6.489278110126694976e-01
-6.319833550507110154e-01
-2.615968331641074784e-01
3.180097901667315319e-01
