1.004777546948741573e+01
1.070890182144622038e+01
1.088638081090511989e+01
1.009743971279796426e+01
1.082738743861210295e+01
1.062913197530259524e+01
1.077325455170657875e+01
1.090386919907562380e+01
1.138831904529620331e+01
1.048217552811301445e+01
1.086600047628931520e+01
1.070890182144622038e+01
1.079474855192109572e+01
1.009417723100188979e+01
1.002489577682318611e+01
9.990502785081780246e+00
9.982421918030752295e+00
1.046741933394804391e+01
1.041548707434197496e+01
9.735680881703064671e+00
1.037264706733902386e+01
1.046741933394804391e+01
1.081553451160893076e+01
1.071156731902881987e+01
1.076855716883483538e+01
9.963096949171461603e+00
1.030862603543155664e+01
1.092655787665487921e+01
9.927141181015894489e+00
1.088638081090511989e+01
9.467380142283925437e+00
1.037718019819206816e+01
1.062913197530259524e+01
1.102400208568102258e+01
1.101257580846939454e+01
1.086600047628931520e+01
1.041548707434197496e+01
1.071283131822366208e+01
1.069898669893354537e+01
1.097153304150613273e+01
1.152571041826999299e+01
1.055072969087352597e+01
9.735680881703064671e+00
1.088638081090511989e+01
1.001568755926016507e+01
1.021802552613771553e+01
1.071283131822366208e+01
1.037718019819206816e+01
1.093107028405026604e+01
1.030862603543155664e+01
1.062913197530259524e+01
1.055072969087352597e+01
1.006526227588638278e+01
1.096473020134950893e+01
1.093107028405026604e+01
1.077325455170657875e+01
1.074715981934214781e+01
1.110560775565390834e+01
1.076855716883483538e+01
1.017637021823820831e+01
9.968333184194197116e+00
1.064406582471998775e+01
1.002761388417135180e+01
1.053801782634736028e+01
1.027624353595234297e+01
1.078546669549205461e+01
1.018071164865823519e+01
1.060363522245974366e+01
1.053535232876476258e+01
1.138831904529620331e+01
1.048217552811301445e+01
1.058903656702343277e+01
1.022420849178723756e+01
1.032763925659858728e+01
1.037804027337245572e+01
1.050217212730520799e+01
1.075300838397342318e+01
1.086487653432696021e+01
1.027624353595234297e+01
1.160624419906725180e+01
1.076855716883483538e+01
1.116987063145484704e+01
1.013933932928882342e+01
1.058163994739455127e+01
1.133375432439154551e+01
1.082738743861210295e+01
1.092655787665487921e+01
1.122592510508299668e+01
1.088347032348054455e+01
1.124529988667811686e+01
1.096473020134950893e+01
1.046248221504988329e+01
1.049170827795909844e+01
1.061977680735636653e+01
1.047617511631463572e+01
1.080132525528070531e+01
1.048217552811301445e+01
1.062913197530259524e+01
1.080289094135992478e+01
1.093611058957517912e+01
1.055072969087352597e+01
1.017547139892452890e+01
1.078287133259779118e+01
9.920853675854878873e+00
1.041854250291307338e+01
1.078461821303300994e+01
1.041548707434197496e+01
1.068216895391054422e+01
1.090533194991484223e+01
1.062913197530259524e+01
1.102400208568102258e+01
1.071553377966120912e+01
1.051513719056019625e+01
1.032896282423629586e+01
1.055072969087352597e+01
1.068491353118477605e+01
1.082556210377121886e+01
1.138831904529620331e+01
1.030834855471857026e+01
1.036180760444656812e+01
1.006574823416270448e+01
1.067061036511422500e+01
1.067860565658163807e+01
1.001892720057281139e+01
9.929827446543036729e+00
1.113577142590412627e+01
1.022924435865254189e+01
1.106551234737474587e+01
1.055072969087352597e+01
1.071283131822366208e+01
1.017629745930606688e+01
1.078828528034385847e+01
9.849535476715438165e+00
1.062913197530259524e+01
1.019909757465756606e+01
1.076386653489487699e+01
1.062913197530259524e+01
1.076855716883483538e+01
1.101264000194870007e+01
1.058903656702343277e+01
1.121863121762917004e+01
1.032827049012762544e+01
1.054627708045614654e+01
1.010115147900545196e+01
1.009515804322763444e+01
1.069898669893354537e+01
1.097487474796216134e+01
9.951279652213184335e+00
1.136002053013430491e+01
1.121476955261474551e+01
1.104989498339143772e+01
1.049602085513923555e+01
1.042219947839935656e+01
1.086166772011012327e+01
1.072464493214795311e+01
9.975046701760545531e+00
1.010422787557543423e+01
1.000499475641591474e+01
1.075106015175527929e+01
1.037718019819206816e+01
1.045558248262113921e+01
1.045164519404964310e+01
1.082962524354021383e+01
1.086600047628931520e+01
1.049602085513923555e+01
1.073984071088047187e+01
1.017113634867400407e+01
1.116020483171008770e+01
1.124529988667811686e+01
1.127826154912529866e+01
1.028985482260633688e+01
1.089999833159971843e+01
1.037718019819206816e+01
1.034158769787873844e+01
1.071818879002720948e+01
1.028985482260633688e+01
1.020553792856743414e+01
1.033931647714476654e+01
1.073984071088047187e+01
1.069898669893354537e+01
1.098908400429038856e+01
1.091088681564250784e+01
1.080346608491529281e+01
1.086600047628931520e+01
1.069245098360785917e+01
1.032848061760815206e+01
1.156580582654915546e+01
1.017547139892452890e+01
1.085045259299956655e+01
1.022353098046352748e+01
1.002394243231961823e+01
1.051513719056019625e+01
1.024166544925027722e+01
1.082556210377121886e+01
1.059351060161360891e+01
1.064130823855524355e+01
9.866541178617136865e+00
1.097487474796216134e+01
1.160624419906725180e+01
1.051513719056019625e+01
1.121147462678740148e+01
1.061106872035155391e+01
1.023466571567683303e+01
1.004724928632053604e+01
1.090808954361717120e+01
1.008678277322750105e+01
1.050505616390017849e+01
1.051513719056019625e+01
1.076855716883483538e+01
1.062913197530259524e+01
1.061521208970231100e+01
1.066957034782069158e+01
1.017854137307963924e+01
1.046741933394804391e+01
1.089999833159971843e+01
9.930678382893976419e+00
1.041548707434197496e+01
1.028262355249077231e+01
1.085846302386623208e+01
9.970290204879582063e+00
1.124529988667811686e+01
1.013164711431671705e+01
9.534941826779498086e+00
1.119674444406297908e+01
1.051513719056019625e+01
1.072292147631873149e+01
1.041548707434197496e+01
9.467380142283925437e+00
1.086600047628931520e+01
1.045558248262113921e+01
1.138831904529620331e+01
1.034984695198752469e+01
1.034158769787873844e+01
1.034158769787873844e+01
1.108944724429820639e+01
1.091370520879996775e+01
1.014942920913300028e+01
1.062913197530259524e+01
1.094210666151629496e+01
1.152571041826999299e+01
1.080083762796579983e+01
1.073178245723338620e+01
1.116020483171008770e+01
1.097481575429729439e+01
1.022924435865254189e+01
1.049602085513923555e+01
1.068491353118477605e+01
1.055072969087352597e+01
1.066957034782069158e+01
1.025687315858192861e+01
1.062913197530259524e+01
9.924551790608351354e+00
1.116020483171008770e+01
1.138831904529620331e+01
1.087267314698273779e+01
1.023305866554678722e+01
1.067027267022728410e+01
1.098908400429038856e+01
1.050171155862508954e+01
1.068047475267849755e+01
1.102400208568102258e+01
1.057212704036621354e+01
1.066957034782069158e+01
9.947633228056737664e+00
1.111297131055262710e+01
1.113396487202781415e+01
1.069898669893354537e+01
1.077867693300408192e+01
1.017091988073791953e+01
1.064130823855524355e+01
1.084912284769033697e+01
1.051513719056019625e+01
1.085045259299956655e+01
9.928060565275110605e+00
1.124529988667811686e+01
1.094827364860638141e+01
1.067860565658163807e+01
1.019776646948516685e+01
1.062913197530259524e+01
1.079118070866805112e+01
1.086604286544259068e+01
1.101264000194870007e+01
9.893030485041276023e+00
1.014239202573105203e+01
1.037272758777469051e+01
1.067860565658163807e+01
9.930678382893976419e+00
1.076855716883483538e+01
1.029443703234802143e+01
1.078510181578286975e+01
9.735680881703064671e+00
1.106946513371266150e+01
1.094210666151629496e+01
1.075300838397342318e+01
1.004009067129859467e+01
1.042334667888774469e+01
1.109160497617325447e+01
1.093950280074170678e+01
1.072810333473735156e+01
1.055072969087352597e+01
1.026478555723451791e+01
1.047452582983680713e+01
1.104222286830464128e+01
1.073984071088047187e+01
1.005401874111679561e+01
1.085387248131173621e+01
1.156580582654915546e+01
1.055072969087352597e+01
1.084212039526861382e+01
1.016732390716782675e+01
1.067061036511422500e+01
1.076348716327240851e+01
1.071553377966120912e+01
1.051513719056019625e+01
1.048783169709423646e+01
1.082556210377121886e+01
1.001077700481110710e+01
1.028985482260633688e+01
1.061191720281059858e+01
1.053801782634736028e+01
1.034158769787873844e+01
1.055072969087352597e+01
1.021558194896444505e+01
1.152571041826999299e+01
1.148740354212008619e+01
1.050477868318719388e+01
1.133375432439154551e+01
1.102352214746928460e+01
1.116020483171008770e+01
1.058903656702343277e+01
1.037718019819206816e+01
1.136002053013430491e+01
1.061191720281059858e+01
1.086600047628931520e+01
1.076049261871662033e+01
1.022924435865254189e+01
1.053535232876476258e+01
1.076348716327240851e+01
1.152571041826999299e+01
1.078546669549205461e+01
9.993380339740809859e+00
1.106761019214812514e+01
1.050505616390017849e+01
1.055072969087352597e+01
1.079118070866805112e+01
1.068491353118477605e+01
9.975046701760545531e+00
1.074715981934214781e+01
1.027098920547942207e+01
1.069245098360785917e+01
1.046741933394804391e+01
1.011119631771808258e+01
1.022138420982399865e+01
1.039708047314498529e+01
1.025807242593480240e+01
1.034984695198752469e+01
1.024930283765984740e+01
1.073984071088047187e+01
1.118647103745284710e+01
1.042334667888774469e+01
1.109815501566774287e+01
9.930678382893976419e+00
1.048217552811301445e+01
1.097701557759674884e+01
1.029386984126658788e+01
1.066626848654475523e+01
1.076947328985873220e+01
1.044622731467491050e+01
1.088347032348054455e+01
9.886625758635219086e+00
1.056907719580764748e+01
1.073178245723338620e+01
1.055072969087352597e+01
1.082556210377121886e+01
1.069231544160678560e+01
1.020532789149856612e+01
1.025354338387993636e+01
1.066957034782069158e+01
1.068047475267849755e+01
1.088638081090511989e+01
1.007944692971570078e+01
1.062913197530259524e+01
1.011630532992488085e+01
1.033711775791542564e+01
1.067860565658163807e+01
1.094210666151629496e+01
1.090533194991484223e+01
1.034984695198752469e+01
1.058903656702343277e+01
1.082962524354021383e+01
1.039873347612437726e+01
1.092812097440095620e+01
1.067860565658163807e+01
1.062913197530259524e+01
1.111371438863862160e+01
1.064406582471998775e+01
1.077867693300408192e+01
1.051513719056019625e+01
1.095637292201505453e+01
1.088638081090511989e+01
1.082194114728862822e+01
1.077867693300408192e+01
1.066957034782069158e+01
1.092396534855729584e+01
1.085045259299956655e+01
1.027809570136818529e+01
1.092460552298628507e+01
1.148740354212008619e+01
1.064071144787935985e+01
1.091339020356192790e+01
1.073178245723338620e+01
1.090533194991484223e+01
1.016208597287229409e+01
9.976832468217050831e+00
1.049602085513923555e+01
1.097701557759674884e+01
1.003985497696147533e+01
1.078461821303300994e+01
1.045558248262113921e+01
1.080132525528070531e+01
1.120047549021636613e+01
1.044622731467491050e+01
1.067061036511422500e+01
9.909230374384520701e+00
1.080346608491529281e+01
1.089999833159971843e+01
1.060489512681208168e+01
1.080126626161583836e+01
1.081553451160893076e+01
1.046799897410062030e+01
1.014367974562347996e+01
1.028893272236842549e+01
1.156580582654915546e+01
1.086600047628931520e+01
1.016015960759671444e+01
1.089441301764041015e+01
