9.119456794432557745e-01
5.475626431561089191e-01
1.214562294539829196e-01
-1.390839739269668973e+00
-1.237316515705612296e+00
-7.024481625260723394e-01
6.628065944402232734e-01
8.409823522656544315e-01
1.124513045211136403e-01
3.920982519919038456e-01
-8.647350688942741226e-02
1.134136818089606091e+00
1.941378333129520350e-01
5.147380618763529592e-01
2.622391321128472730e-01
7.498845523805682811e-01
5.333007118392375512e-01
1.030710354570925746e+00
-1.764294435972321606e+00
-1.645149625085186695e+00
-7.817594137376697727e-01
-9.141835329364488283e-01
1.117133641294980384e+00
-3.624332413241998507e-01
7.154560641621946493e-01
-2.874923299596719439e-01
9.004351087582910251e-01
3.547384991127066067e-01
6.758926630063550878e-01
3.248953084566225669e-01
-1.173653312657687353e+00
-4.484575210859817473e-01
1.602886605856154167e+00
2.183466170932683581e-01
2.532943896457472976e-01
1.471318253996186654e-01
-1.514572930548304885e+00
-8.626082123001214963e-02
-8.827269898876318743e-01
1.539714493534402040e+00
-5.737589002334494287e-02
1.473519402006676082e-01
-1.734892827090267931e+00
3.509966661939769028e-01
-2.056946071481939239e-02
1.546662491476091361e+00
1.694531285105563612e+00
-3.802863930071379017e-01
1.205263797852971636e-01
5.034191022220988465e-01
-6.714422206773550394e-01
1.192268745560796539e+00
8.389698175472974917e-01
-3.955339910819185567e-01
7.591337319089266900e-02
-5.616491850579234946e-01
1.302696396024766612e+00
2.761041351407323430e-01
7.510089370030672562e-01
-2.510578045450538642e+00
1.344895537441857858e+00
9.403914491659087771e-01
1.166374524066772000e+00
-1.972978180479010024e-01
2.839364290622619635e-01
8.939593757136908847e-01
1.027324045682918907e+00
-1.391161773586345740e-01
1.939730651170993789e-02
1.348606666649642127e+00
-3.211595300872631120e-01
2.877625019705453147e-01
-3.911922874623200430e-01
-3.759966626866932948e-01
-6.963460784631215761e-01
8.865035314174889436e-01
5.109097008598791900e-01
2.232280587545483475e-01
1.855865283173437630e-01
2.079771342820603552e-01
1.299619369343398834e+00
1.233760472479201509e+00
4.286787883738975569e-01
-2.787845290492138584e-01
9.952664878421854100e-01
-8.101078211375075666e-01
5.590359333685497589e-02
-1.219622341286247691e+00
-3.370261618744342602e+00
1.067228997569043880e+00
-1.706917951753253171e-01
1.486573129212821920e+00
-1.781795041903233290e-01
3.829581330434570496e-01
5.949856057070461446e-02
5.027381676112852027e-02
1.377926366648077050e-01
1.160658192738740491e+00
-1.794528133081048749e+00
-5.355765191000402825e-02
-2.364882481634011241e-02
-9.280732269566732695e-01
3.705017353868284569e-01
8.199499957111534565e-01
7.606020219927339676e-01
1.185175045239244968e-01
-1.378132521498129093e-01
-3.506102901869231347e-01
-4.333379772661736795e-01
-1.497366698686158681e+00
6.882160117326391324e-01
-4.702379939884444027e-01
-3.155314634749622482e-01
9.098131208126351011e-01
-5.373787851638760493e-01
9.374439039085697978e-01
9.343622598668726020e-01
-1.222822552687973907e+00
1.590445218920435444e+00
7.332894308718147791e-02
-9.071374849777204263e-02
1.039796880308969246e-01
1.288430537519955621e-01
5.774751017709025547e-01
-6.612074433704400421e-03
4.146835176162738112e-01
9.715779034737725972e-01
5.075471675638547620e-01
-6.923130494876046370e-01
1.998718016166559919e-01
1.559532470272260163e+00
1.293603868841669113e+00
4.525276802697556500e-01
-7.334223304948408462e-01
7.000816689931619319e-01
-1.673365896271902797e-01
2.225622277539390570e+00
9.878620084489014852e-01
-7.973548601516570189e-01
-9.317232859452256877e-02
1.065043685334339241e+00
3.354568884241969084e-01
-9.879760987139729611e-01
4.355072247087917736e-01
-2.622700850378396984e-03
-1.137906516742047014e+00
6.789864907479511436e-01
8.689390768719389424e-01
-2.638254098971213324e-01
-2.854347492892986282e-01
-1.201972446527198868e-01
9.490230475865227833e-01
-4.266448409803206832e-01
-2.490556109709239241e+00
-6.363772075961533492e-01
-1.302397457441605511e+00
-3.806437896617548278e-02
-1.134191549890058021e-01
2.863965989593463823e-01
-3.202137381950303396e+00
1.138871919621428752e+00
1.414254116166655251e-01
-1.978878801282290267e-01
-4.999369061264540282e-01
2.486970853377955259e-01
-2.396235602743527426e+00
2.771307965789482908e-01
-3.454743535892791373e-01
-2.768238085391217407e+00
-2.947860119297836534e-01
-2.329946147349994667e-01
7.487708627544643614e-01
1.556929258918366532e+00
9.139176851809530655e-01
3.307727791007628038e-01
-9.814008249376093840e-01
-1.186832483646849679e-01
-1.668046278450851794e-01
-3.259061171804122026e+00
-2.698214679459663978e-01
2.584277774271003247e-01
8.509290878983063466e-01
2.503803047220216071e-01
-3.456752749761742294e+00
-3.683301042111299800e-02
-7.184779082581709275e-01
-6.577310728416172481e-01
4.755898837901719745e-01
1.587982593742208071e+00
1.270405298343422640e+00
-2.451959270244576106e-01
-7.774105310597186763e-03
3.201606256474328616e-01
1.613264311249106298e-01
3.078222197957591333e-01
-1.057008336483103994e+00
-2.229588319243525074e-01
2.630124627896185396e-01
2.819079520036145148e-01
9.074618048330823639e-01
-1.446180924896029729e-01
-1.101995059315924452e+00
1.868676865221726713e-01
-4.631419652252760644e-01
6.856595984473241590e-01
7.708194040904460254e-01
-2.180414584233422992e-01
1.174506410690272951e+00
1.001336903803059730e+00
2.501476156015915164e-02
6.233457677884158832e-01
-2.117027850418789381e+00
7.580036815048687981e-02
1.425934778788052526e+00
6.427276323926360835e-01
2.699683027847639138e-01
1.579137629566988721e-01
1.912121796917760630e-01
3.421623630449591724e-01
-4.672507693017022290e-01
-2.386670548414815130e-01
4.194178758234410886e-01
4.465835208367971987e-01
-3.698447872890125443e-01
-9.341785062503730197e-01
-1.058275413360216730e-02
-9.716865097943545582e-01
2.163095171180584864e-01
-1.751123078868373553e-02
1.685235974036242979e-01
6.490706788060552901e-01
-5.835470075281858904e-01
1.017299543834965680e+00
6.680038591448950180e-02
-2.090985813665474646e-01
6.262640406945103877e-02
7.124079830780934985e-01
-3.511277436860756811e-04
7.224393180359132138e-01
-4.138054623291827494e-01
1.391466407919067727e+00
8.822348172734992833e-01
-9.028435930818643484e-01
6.198336584367178936e-01
-2.389765268421416844e-01
1.498636077046706205e+00
6.905080054479839635e-01
-2.364882481634011241e-02
1.629275791377559512e+00
3.636470446000544254e-01
-1.629730136404292429e+00
9.332224909662795165e-01
4.564289478190750732e-02
6.333284646460682898e-01
2.747194635804521279e-01
5.569975473589479087e-01
6.250629443704362742e-02
-3.213435181610795888e-01
1.384897111938420688e-01
5.273530431363467885e-01
5.467218531770258183e-01
8.870522322899558887e-01
6.447541156011974417e-01
2.629593425461889122e-01
-1.339008533437972270e-01
3.179936881336897225e-01
2.234895384129236551e-01
-1.231760139235127838e+00
1.114600273652366802e+00
1.252022534202076542e+00
3.609390757199607558e-01
-1.337536516990236735e-01
-3.828843350170930693e-01
9.309625814515409825e-01
2.016061207788980347e+00
1.213286386678492645e+00
-4.125979256781564519e-01
-4.183042914310154958e-01
9.709269581483583877e-01
1.736262500086420413e-01
2.985189062098209112e-01
-7.057278725550708565e-01
1.497420605676050398e+00
-1.641523919800739473e-01
5.106428004126446485e-01
5.470962214059439388e-01
4.585854505934316427e-01
-2.244906183650953735e-01
6.059357393352850923e-02
-1.819631049391363220e+00
3.727953422469250655e-01
3.646923532323387840e-01
-1.051513815689146814e+00
3.673659233789841050e-01
-8.984270360730617355e-01
3.644832755598176877e-01
8.621053120291269911e-01
9.942739199472984124e-01
4.528032504354237986e-01
8.403876611739321545e-01
-1.326445344610804877e-01
-9.766230070145830444e-01
-1.562730659499196872e-01
-2.006322614695072559e+00
-2.304929848205966025e-01
5.499440003230514629e-01
7.900558454830899358e-01
6.657819650602943007e-01
4.696960189443676881e-01
5.437309751196807428e-02
1.441808322404316417e-02
-1.254561568228696355e+00
4.709689341212593972e-01
1.187585271261393016e+00
4.800141102276074823e-01
2.091741586634733308e-01
3.303038425762805982e-03
7.386986273486151333e-01
4.321663732114566087e-02
5.998089793795571278e-01
1.868826318892101490e+00
1.251259982795444259e+00
9.645020514633398934e-01
5.755902975509612496e-01
-7.725255291630041266e-02
3.271532988420181726e-02
2.997472186207150724e-01
1.156062590281366598e+00
1.408250769824381798e-01
5.506352422145581738e-01
9.489635381290635607e-02
-9.623684336045292831e-01
7.049337443537185832e-01
8.633373592886857406e-02
-3.157861424587414256e-01
-9.616810439624760148e-03
1.678070090079684995e+00
6.512327700438231837e-01
6.110823168245889114e-01
-1.822285406959431864e-01
1.001595528648391298e+00
-2.503432037596168280e-01
4.104319322930166658e-02
-5.560128187493532659e-01
1.104629920766995621e+00
-2.547212262637092994e-01
-2.393444421926789190e-01
-5.081895069358712824e-01
-1.431089499664967901e+00
-3.559513236361402932e-01
7.428275822867126399e-01
1.331428576818554366e-01
1.409204831748585907e+00
5.735110996033155883e-01
-1.036151397989433898e+00
3.985484862643388637e-01
1.256784531122083326e+00
4.688035496816292391e-01
-2.362851315765477078e-01
3.390377415910823533e-01
-4.988337126122963650e-01
8.946619086111868846e-01
3.602013445113306234e-01
-4.345657912916409127e-01
-2.798114267507442743e-01
-2.095332437557142491e+00
-2.230073587678988584e-02
5.752085389737811028e-01
-2.117523061635293136e+00
1.282241583595101486e-01
-4.194562837784429621e-01
-3.486268887599414112e-01
6.206597843267872561e-01
9.119283710697627665e-01
7.408024499240370986e-01
-4.584834847133556490e-02
1.325216441332849326e-01
9.904405358450033003e-02
5.169054826739819530e-01
7.947647030959933412e-01
9.972739016115083066e-01
2.571465657423536832e+00
9.328899651564073192e-01
-1.558705397160052186e+00
7.457731763896201516e-01
-8.610921090863213889e-01
2.559927245695590159e-01
-3.298250623024097550e+00
5.441990515449343091e-01
4.952653856776464969e-01
-1.096605538690014203e-01
1.601777264553874147e-01
-2.477824523397038070e-01
-1.096508138069773652e+00
5.131407258494785628e-01
5.532493708370737062e-01
1.876123298776987136e-01
-2.842660245713454215e-01
-2.286216227182427396e-01
1.827421432384047570e-02
-8.712774982474387198e-01
2.005336241098622796e-01
1.100809913190367473e+00
8.107925914958628022e-01
5.623448966946001937e-01
9.486019136738389479e-01
5.224885563349506157e-01
-8.775048022052124308e-01
9.088830647919175776e-02
-3.979448934588561970e-01
-1.659199740124711886e-01
4.537073335224915960e-01
3.962609192192922958e-01
3.318250270150249759e-01
-4.492940447973755025e-01
3.767822840080007341e-01
3.511001531784652130e-01
1.114188156751068526e+00
1.054230741331498633e+00
1.585395816768302990e-01
5.552686926907506315e-01
7.637811562992929959e-01
7.454913420732937057e-01
3.582530733511503085e-01
4.195437215630981598e-01
-1.691432617904212288e+00
-8.351580947727975657e-01
1.387552832592431340e+00
6.069331565383597749e-01
6.594789690321348763e-01
3.513766146586025929e-01
1.044475012233822969e-01
2.509442328809443623e-01
1.210555195109722787e-01
3.726563954113488730e-01
6.587298617282490998e-01
