1.385796757156182224e+01
1.424905444481622041e+01
1.616906248480985298e+01
1.352146924821585117e+01
1.629098824570115767e+01
1.408650025685118656e+01
1.433540289303760851e+01
1.500164486998457392e+01
1.475655729523611903e+01
1.380564532157833568e+01
1.457954966298958155e+01
1.424905444481622041e+01
1.437214879035229487e+01
1.437405645700933299e+01
1.424203021905418964e+01
1.417648473291347955e+01
1.416108732617568933e+01
1.383531671070217683e+01
1.410803181033366371e+01
1.354169532858111680e+01
1.359918370760513717e+01
1.383531671070217683e+01
1.628908092134324903e+01
1.428113172133189579e+01
1.484326320546208322e+01
1.412429110345428995e+01
1.390447220487381585e+01
1.617826448521816118e+01
1.405604009821296785e+01
1.616906248480985298e+01
1.333907881142405927e+01
1.403508788446269051e+01
1.408650025685118656e+01
1.619549563021981697e+01
1.619390813457526335e+01
1.457954966298958155e+01
1.410803181033366371e+01
1.626788936810533315e+01
1.626447966920439114e+01
1.470101130211606488e+01
1.501819383874934744e+01
1.393626100116721034e+01
1.354169532858111680e+01
1.616906248480985298e+01
1.422448357167088062e+01
1.418049564724150002e+01
1.626788936810533315e+01
1.403508788446269051e+01
1.462399404048212759e+01
1.390447220487381585e+01
1.408650025685118656e+01
1.393626100116721034e+01
1.389052628178250259e+01
1.618595263011381036e+01
1.462399404048212759e+01
1.433540289303760851e+01
1.434893534694901618e+01
1.495732399123112977e+01
1.484326320546208322e+01
1.453647692939160940e+01
1.413425641187578741e+01
1.451143403693090406e+01
1.424720882255037679e+01
1.437995860462737596e+01
1.390714219149501929e+01
1.442187927281998938e+01
1.454546073827667740e+01
1.412048363908889215e+01
1.434788132811170058e+01
1.475655729523611903e+01
1.380564532157833568e+01
1.400920492703818354e+01
1.463928035476033251e+01
1.439234876568655253e+01
1.449695754279501614e+01
1.485557563467353859e+01
1.627709136851364491e+01
1.492726437121065430e+01
1.390714219149501929e+01
1.517586422891893960e+01
1.484326320546208322e+01
1.508687168253323208e+01
1.403058862186263411e+01
1.410204085569050925e+01
1.465358294397651129e+01
1.629098824570115767e+01
1.617826448521816118e+01
1.446105969350962184e+01
1.629814209793169510e+01
1.491346111658497975e+01
1.618595263011381036e+01
1.384104040382891831e+01
1.480391653437759558e+01
1.410664445144476176e+01
1.474648428097171227e+01
1.492522347769907043e+01
1.380564532157833568e+01
1.408650025685118656e+01
1.438641342903735065e+01
1.506407084113212136e+01
1.393626100116721034e+01
1.386014975546365413e+01
1.435166714931804677e+01
1.404415226881230438e+01
1.458864624056218062e+01
1.614151045904198156e+01
1.410803181033366371e+01
1.420158953511953470e+01
1.466172879059802625e+01
1.408650025685118656e+01
1.619549563021981697e+01
1.464337799096432136e+01
1.386845737555008995e+01
1.439500601162500004e+01
1.393626100116721034e+01
1.626089666148220658e+01
1.449917460263299240e+01
1.475655729523611903e+01
1.348418266877898652e+01
1.446238956552732446e+01
1.389143515176554722e+01
1.625713906927548891e+01
1.421831966736014152e+01
1.423065729038125582e+01
1.406112440423192567e+01
1.470699950261178302e+01
1.367611383151380799e+01
1.488002866141812675e+01
1.393626100116721034e+01
1.626788936810533315e+01
1.365630955925081480e+01
1.478135983291511302e+01
1.391143718971995469e+01
1.408650025685118656e+01
1.369801059090061912e+01
1.431983514985547679e+01
1.408650025685118656e+01
1.484326320546208322e+01
1.477934788353633344e+01
1.400920492703818354e+01
1.519432753583349083e+01
1.510576787305733504e+01
1.397015702173714047e+01
1.395808516538310151e+01
1.437593726619820345e+01
1.626447966920439114e+01
1.482639659440359026e+01
1.410182004780101295e+01
1.470295901737411981e+01
1.485538417853160098e+01
1.485025860262247477e+01
1.426570220050325588e+01
1.459743747256534974e+01
1.629575200829811621e+01
1.425879920371890996e+01
1.349153897850334793e+01
1.358599272068560460e+01
1.420410442758226210e+01
1.429914941494263125e+01
1.403508788446269051e+01
1.418532714014666851e+01
1.374756838352495514e+01
1.615437873362546739e+01
1.457954966298958155e+01
1.426570220050325588e+01
1.627419394209666947e+01
1.452571907498179371e+01
1.475240982727199324e+01
1.491346111658497975e+01
1.497627317055673402e+01
1.371936857553895628e+01
1.617230015055285008e+01
1.403508788446269051e+01
1.396728425884557012e+01
1.464837623858591442e+01
1.371936857553895628e+01
1.459804961771878240e+01
1.441593352003903128e+01
1.627419394209666947e+01
1.626447966920439114e+01
1.619025403804776886e+01
1.458571212513125914e+01
1.628701176913372350e+01
1.457954966298958155e+01
1.467837654628506172e+01
1.351923448158894558e+01
1.509548916856235046e+01
1.386014975546365413e+01
1.629432251351529715e+01
1.374342091556082934e+01
1.381417064925424221e+01
1.386845737555008995e+01
1.467956286923151055e+01
1.449917460263299240e+01
1.405726837804715323e+01
1.624909502875528844e+01
1.363809809688297570e+01
1.482639659440359026e+01
1.517586422891893960e+01
1.386845737555008995e+01
1.517779387084421217e+01
1.624033734233746529e+01
1.421216005410745176e+01
1.385699275275594822e+01
1.458041832319715780e+01
1.435990081213386915e+01
1.431714655065562170e+01
1.386845737555008995e+01
1.484326320546208322e+01
1.408650025685118656e+01
1.446060024836678259e+01
1.416687531720777571e+01
1.454096269908377437e+01
1.383531671070217683e+01
1.617230015055285008e+01
1.368481960398108477e+01
1.410803181033366371e+01
1.478443474844763550e+01
1.616206977818672641e+01
1.413798197896223918e+01
1.491346111658497975e+01
1.401595425662730854e+01
1.339077823865130767e+01
1.514469299893069731e+01
1.386845737555008995e+01
1.425628625373889946e+01
1.410803181033366371e+01
1.333907881142405927e+01
1.457954966298958155e+01
1.418532714014666851e+01
1.475655729523611903e+01
1.355748267595533463e+01
1.396728425884557012e+01
1.396728425884557012e+01
1.492596485449636035e+01
1.459104917493291254e+01
1.404979857121727882e+01
1.408650025685118656e+01
1.474443632216660305e+01
1.501819383874934744e+01
1.438280034946564889e+01
1.476055567389350642e+01
1.475240982727199324e+01
1.470726716497142306e+01
1.367611383151380799e+01
1.426570220050325588e+01
1.626089666148220658e+01
1.393626100116721034e+01
1.416687531720777571e+01
1.425446488815734014e+01
1.408650025685118656e+01
1.405114211062268836e+01
1.475240982727199324e+01
1.475655729523611903e+01
1.629702477788248416e+01
1.390073117484446641e+01
1.418736994668667606e+01
1.619025403804776886e+01
1.485281537960885956e+01
1.419951664251084367e+01
1.619549563021981697e+01
1.443058885968027738e+01
1.416687531720777571e+01
1.409489270740265354e+01
1.466529847096197869e+01
1.501333906373952409e+01
1.626447966920439114e+01
1.628238287850666310e+01
1.409074599750988810e+01
1.624909502875528844e+01
1.447000744198508038e+01
1.386845737555008995e+01
1.629432251351529715e+01
1.405777987696198927e+01
1.491346111658497975e+01
1.508800276814835328e+01
1.421831966736014152e+01
1.414191000001941667e+01
1.408650025685118656e+01
1.628477951340929053e+01
1.450138993436537760e+01
1.477934788353633344e+01
1.399181807228669072e+01
1.403639911995723466e+01
1.406898390503262064e+01
1.421831966736014152e+01
1.368481960398108477e+01
1.484326320546208322e+01
1.517845017020579412e+01
1.477529593925375906e+01
1.354169532858111680e+01
1.488758325012114980e+01
1.474443632216660305e+01
1.627709136851364491e+01
1.353927121358749375e+01
1.369397010566295592e+01
1.462705027659559143e+01
1.618099370546706339e+01
1.426388816879257249e+01
1.393626100116721034e+01
1.426959423683652339e+01
1.425906961260224293e+01
1.483566041012060133e+01
1.627419394209666947e+01
1.386955709684269067e+01
1.447878455689302690e+01
1.509548916856235046e+01
1.393626100116721034e+01
1.445711932545962419e+01
1.363163106994519858e+01
1.625713906927548891e+01
1.473416015456071904e+01
1.464337799096432136e+01
1.386845737555008995e+01
1.504722704867417704e+01
1.449917460263299240e+01
1.421512495698785727e+01
1.371936857553895628e+01
1.452070615611546955e+01
1.437995860462737596e+01
1.396728425884557012e+01
1.393626100116721034e+01
1.462002154087636896e+01
1.501819383874934744e+01
1.494524991287837423e+01
1.389685701456079236e+01
1.465358294397651129e+01
1.480007244327318006e+01
1.475240982727199324e+01
1.400920492703818354e+01
1.403508788446269051e+01
1.470295901737411981e+01
1.452070615611546955e+01
1.457954966298958155e+01
1.472846788941247809e+01
1.367611383151380799e+01
1.434788132811170058e+01
1.473416015456071904e+01
1.501819383874934744e+01
1.442187927281998938e+01
1.418196852161653609e+01
1.620027836081355943e+01
1.431714655065562170e+01
1.393626100116721034e+01
1.628477951340929053e+01
1.626089666148220658e+01
1.349153897850334793e+01
1.434893534694901618e+01
1.342264236492037099e+01
1.467837654628506172e+01
1.383531671070217683e+01
1.440682196053051811e+01
1.463293266642726032e+01
1.364459403226534739e+01
1.471943765423546679e+01
1.355748267595533463e+01
1.469784506736954555e+01
1.627419394209666947e+01
1.480178590066959998e+01
1.369397010566295592e+01
1.620225551274733178e+01
1.368481960398108477e+01
1.380564532157833568e+01
1.618818488583824333e+01
1.393414359399765701e+01
1.455172315898010282e+01
1.432909400938304678e+01
1.420547133474024193e+01
1.629814209793169510e+01
1.397985136990249799e+01
1.401185805338694301e+01
1.476055567389350642e+01
1.393626100116721034e+01
1.449917460263299240e+01
1.421434088807084528e+01
1.459759489666793186e+01
1.470820008687727487e+01
1.416687531720777571e+01
1.419951664251084367e+01
1.616906248480985298e+01
1.434589305261861192e+01
1.408650025685118656e+01
1.381819545883443645e+01
1.441146755724811968e+01
1.421831966736014152e+01
1.474443632216660305e+01
1.466172879059802625e+01
1.355748267595533463e+01
1.400920492703818354e+01
1.615437873362546739e+01
1.373930862967441513e+01
1.461839211790489834e+01
1.421831966736014152e+01
1.408650025685118656e+01
1.497319344608429859e+01
1.451143403693090406e+01
1.628238287850666310e+01
1.386845737555008995e+01
1.510408798552600373e+01
1.616906248480985298e+01
1.442038875106259077e+01
1.628238287850666310e+01
1.416687531720777571e+01
1.504040460889518904e+01
1.629432251351529715e+01
1.384639526682043709e+01
1.630108239604281195e+01
1.494524991287837423e+01
1.415525911635037382e+01
1.617536705880118930e+01
1.476055567389350642e+01
1.466172879059802625e+01
1.407391085905377892e+01
1.415044003663618000e+01
1.426570220050325588e+01
1.618818488583824333e+01
1.427052423305176987e+01
1.614151045904198156e+01
1.418532714014666851e+01
1.492522347769907043e+01
1.515296922049271622e+01
1.420547133474024193e+01
1.625713906927548891e+01
1.344286844528563485e+01
1.628701176913372350e+01
1.617230015055285008e+01
1.451254913191726459e+01
1.480609404826690323e+01
1.628908092134324903e+01
1.472038699841878540e+01
1.447040605503194044e+01
1.393986728712440026e+01
1.509548916856235046e+01
1.457954966298958155e+01
1.450339454268177874e+01
1.455458905558948679e+01
