1.477645582755267306e-01
-1.858157816191221834e-01
1.272426169674761409e+00
-6.034463181151722422e-01
-2.140823130714136990e+00
-5.159633601805982961e-01
-2.664134774491633828e-01
4.724449549424399875e-01
8.013360641119471328e-01
-1.315733510841404774e+00
3.864182754031438294e-01
-8.840109383336937077e-01
1.090684936238722313e+00
1.148135755310726314e+00
-5.762836147402438103e-01
-3.797457795515115642e-01
-1.437929246219626644e-01
9.372759433537806995e-02
-7.962007265247813548e-01
-2.621755493618199706e-01
-1.208173008310070351e+00
-3.459757663046746923e-01
-1.032594918931679651e-01
1.330920775975051873e+00
1.021038451328103447e+00
-1.409191860811196850e+00
4.266348268155000789e-01
1.513489026842156582e+00
2.749445157632086079e-01
-2.092538545868537769e-01
-9.215075223309818764e-01
-4.391778961735735010e-01
9.564335264106565981e-01
-2.276057760018098397e-01
-8.935948401323026702e-02
3.585006905624002482e-02
1.764661866797226031e+00
-3.014521647712462005e-01
2.670417849628518581e-01
1.522572821335066440e+00
5.256901087835362529e-02
-6.766723387029717207e-01
-5.383078754537329313e-01
-7.210972410283929268e-02
-4.879526535653258001e-01
-9.028884951090650202e-02
1.065980031291360319e+00
-4.336941423293341757e-01
-4.665608852859803313e-01
-1.653128341010041247e+00
-1.364345268461049754e+00
5.737888890383370244e-01
-4.979670037190037091e-01
-2.023652960941266787e+00
1.874165300583114924e-01
-4.292482139049210166e-01
9.198321840497648560e-01
-4.248640339404222144e-01
-1.266459036639983271e+00
-1.470227537396251449e+00
5.792744084509297009e-01
5.712299655955439814e-02
-2.184114161504474225e-02
-4.886936722035379460e-02
2.390689703145927325e-01
6.213372716521502193e-02
1.495010268759263239e+00
1.213382435685127936e+00
-8.376113755734897470e-01
-3.358441113310614567e-01
3.208638990309417016e-01
-4.061072453704347995e-01
-6.641618323919949995e-01
7.785064653309203830e-01
4.016085841711540261e-01
2.136201277032274692e+00
-1.053074110898960747e+00
8.179558958706413252e-01
1.219413839281602074e+00
1.917501425776844959e-01
5.399879250243952988e-01
1.146181460618073578e+00
-6.338960702488881660e-01
-3.707539620783018020e-01
8.594678718966001219e-01
-2.704691477152701307e+00
-8.830915053833943151e-01
-1.832392161444731826e+00
3.397949104933209452e-01
-6.575323263820076480e-01
-6.567331343805440369e-01
2.718061645723781616e-01
5.732042558895307227e-01
-1.227592356028503057e-01
5.926933351391996396e-01
6.896486901030776107e-01
6.065016356335866110e-01
-9.349658157346059095e-01
-9.417061245968512129e-01
-1.163035967361453427e+00
-4.040985595557606280e-01
-4.594780474265369175e-01
-7.154367647811098463e-01
8.664202741479284375e-01
5.400661371255251891e-02
3.188390145076360205e-01
2.359879650957687758e-01
6.073903523846333474e-01
6.494754280132408741e-01
-8.754501237462968266e-01
4.303182872372432466e-01
2.354997202769941733e-01
3.677695600476791338e-01
7.377506088485367153e-01
-1.070392201752234485e+00
-4.569167051427873438e-02
1.655097732272963196e+00
-1.273658235049805798e+00
2.458115268395873187e-01
6.714188667180032155e-01
-1.563306584380441955e-01
4.734858571720243492e-02
6.320944743401051280e-01
1.585549269354893376e-01
-5.540918028717027877e-01
-3.193880307390559170e-01
-4.328149944863052823e-01
8.909488019307051920e-02
-1.953801311538094776e-01
1.011977388949002465e+00
3.481397869906214804e-01
-8.460854872131270410e-01
3.882658315132807014e-01
-2.132836540194706365e-01
-7.003652470979226941e-01
6.565227934185956515e-01
9.507166033739659072e-01
4.443967391262513833e-01
-2.191049032033467459e+00
3.567202086084098750e-02
-6.312492396720512655e-01
1.340843155438766976e+00
-1.194158687524912388e+00
-8.868192792678829539e-01
-8.282895824815216246e-01
-2.122418839240461708e+00
4.410924686970075226e-01
8.135958380923848932e-01
5.673505342734875834e-01
5.503576345615922571e-01
4.211962583864407583e-01
1.032813208285771056e+00
-9.260149929051232354e-01
2.885514523890732597e-01
-3.664371668844780827e-01
1.099103809702568491e+00
-8.819960918769726987e-01
-2.057744351814529415e-01
4.962113947681896509e-01
-2.072559150175061760e+00
9.636341331085905848e-01
9.667782112888692048e-01
-9.980765095266780351e-02
-2.453033432959589658e-02
-4.822093495463747881e-01
3.035187190783503186e-01
-3.950793776157269233e-01
-2.683198989523890021e-01
1.498117897115625874e-01
-5.043432360344848320e-01
-5.256945209428585120e-01
6.589975629635441701e-01
1.160770844281773018e+00
1.744864774317258949e+00
-5.409085868586861467e-01
-1.460665353489789764e+00
-1.349967635677747912e+00
7.205702826325689481e-01
3.564215611283922946e-01
-6.180670207973333330e-01
-4.413923630952652083e-02
-1.473141312928750279e+00
-2.577742765833061778e-02
-6.301117947396013275e-01
-1.476425483370479297e+00
1.166786628956653082e-01
-5.236953763199246881e-01
-2.976041807079174428e-01
1.047628109876404423e+00
4.242334886637715297e-01
-4.719286381161607591e-01
-8.233183662342075104e-02
-5.587597194204023676e-01
5.630339484761455182e-01
-1.649717541127417031e-01
-7.795517738383577200e-01
1.288521409417796582e+00
-5.361995949985343124e-01
-7.046788460237458640e-01
7.559123068786871569e-01
-1.179104185839870700e-01
-2.304127320848719795e-01
-8.143475276334936064e-01
-1.362995137857683448e+00
-6.958961938410603010e-02
4.049330144722828595e-01
-2.971535725224515034e-01
1.372032133397206533e+00
6.357860664781547211e-01
2.530466057386750178e-02
-7.414199435691523621e-02
2.306149963333117836e-01
1.311481881049581522e-01
-8.000392224665822116e-01
-2.162201339200847672e-01
6.918884673558572951e-01
8.752099582293058067e-01
6.390385598998669092e-01
3.915821944356622300e-03
-1.435760439872866945e+00
6.765201477710475197e-01
-3.590266009226950050e-01
-1.156010634321846253e-01
-1.183112740450704692e+00
-1.540072100118716203e-01
2.502266156745585612e-01
9.094713977374537794e-01
3.366657740725827463e-01
-1.784385618849471111e-01
4.683626463173173882e-01
-1.786924417779887919e-01
-3.681972088325508041e-02
-5.060946999721509937e-02
-1.005648040096495777e+00
1.435119572314185188e-01
-3.083697237004463521e-01
1.563276484102453512e-01
-2.054116902106589482e+00
1.775556696091495912e+00
2.932681771840253138e-01
-5.759800697946416692e-01
6.582876431749937751e-01
-1.877417879285026459e+00
-1.114433453512134742e+00
-1.253926463129306335e+00
5.300026584606334357e-01
-6.249109751127281953e-01
6.132672832835682764e-01
1.232438311792613428e+00
-1.088660531236403495e+00
-8.591987188571074130e-01
-6.088636354915472060e-01
1.786252000210330759e-01
-2.435069276021255280e-01
7.375842502209515317e-01
5.911255883249313392e-01
-2.966577510450412181e-01
-1.247150449568457664e-01
-1.845545427497577440e-01
1.451538611298610615e+00
-2.323242189023406457e-01
-1.290285476888685945e-01
-1.084573496093373279e+00
-5.607959929436788782e-01
-6.561179367248920480e-01
-1.204313352147739602e+00
-2.046377689748089534e-01
-2.596039752630655562e-01
8.117248341503701115e-01
-7.549821161040173867e-02
1.520601753051787020e+00
4.349622429023460302e-01
-9.867374615859947351e-01
-5.198141594935727916e-01
1.202395822848759233e+00
1.089815956250810736e+00
-8.202123074432603467e-01
-5.836218596481461685e-01
1.759829272814699141e-01
-9.431919387764364782e-01
-7.342200575637939375e-01
6.172158271188838974e-01
-2.122457735253649169e-01
-1.239759406332418212e+00
9.056406178049052347e-01
2.895629257127699585e+00
1.165666239875698951e+00
8.348813161123372906e-01
-2.070380339984893014e-01
-2.382405298038043351e-01
-5.205836450118890291e-01
-5.446591214938387715e-01
-1.511197148223255127e+00
7.514235552523986783e-01
3.923284839520110867e-01
7.412540626632634355e-01
-5.506052334017973865e-02
3.831288626199410435e-02
-1.089712080373397146e-01
1.440909398095502780e+00
-5.631631914538304945e-02
-8.355993989601553373e-01
-1.030870863202066473e-01
-3.138136040348204148e+00
-1.230719247793210736e+00
5.440433531308510595e-01
6.875088294338470296e-02
1.440909398095502780e+00
2.181847153635774750e-01
-3.612864950650740425e-01
-5.288569908601490344e-01
-1.954975065226157716e-01
2.772058784853511648e-01
1.062670866597949626e+00
-3.604163245397255522e-01
1.246771539544451191e+00
2.144898811322507037e-01
9.857188443841012893e-01
7.042702683751314030e-01
-9.650531609398129707e-01
7.961811295079811446e-01
1.193517744055057728e+00
7.684714381792546734e-01
9.008708009410646422e-01
-1.348568722162940103e+00
-9.399105670376641797e-01
6.829019115269828744e-01
2.981550625966163937e-01
7.092089856591082819e-02
3.989489104251484064e-01
-6.795377652024997550e-01
2.322084011972846140e-01
-1.920032774602191683e-01
1.337610511659687029e+00
-1.601005098177549879e+00
-2.625956812632535553e-01
1.367496788056571821e+00
-3.588080159933919322e-02
9.782416835709377700e-01
-8.248415272479299176e-01
-4.424749703020701697e-01
-6.666791578270959695e-01
-8.490241024102309630e-01
3.434500129524969969e-01
8.094533324375803307e-01
-9.635306657156857968e-01
-9.463431144155743935e-01
4.048651929080882561e-01
-4.382672248583285857e-01
1.271701650583624721e+00
1.062112188386201250e+00
3.551838095909002485e-02
1.019226402727877012e+00
-4.818421239115745491e-01
-3.219078130889106326e+00
7.285482387732368226e-01
6.381536619753344075e-01
-2.916803670966678919e-01
5.595419848701509435e-01
9.049120682820505079e-01
-2.034971675240582201e+00
-8.068155791810313060e-01
1.489004147131840927e+00
9.840181996723587066e-01
-8.876446625880265451e-01
8.754317858021780641e-01
4.574980524797574999e-01
3.558904494937683016e-01
-3.154762690983275775e+00
-3.346672266075706448e-01
-6.037383890734417946e-01
-5.756931522278633251e-01
2.093273662691582382e-01
-4.359284992329941488e-01
4.060214840887798049e-01
-7.625201474962853831e-01
-1.074798066841223143e+00
-9.819715941953257587e-01
4.370657773944240931e-01
4.486702086521993094e-01
5.858263843761926104e-01
1.347265281042921314e+00
-2.545347609293727165e-01
-3.760080885309771692e-01
-9.891268615703837641e-01
-5.526554842123398981e-01
-4.220000731593237520e-01
6.893047072198484893e-01
2.455555966679423899e-02
1.277688982741859824e+00
-1.195499126822975100e+00
-8.447921149160487753e-01
-5.260832543203244338e-01
-1.353685394785069551e+00
-5.567705350712969237e-01
-1.059407318985245317e+00
-2.028759553667734694e-01
-2.064859351273203192e+00
4.980780912980240643e-02
-1.100022397400859386e-01
-1.629338217999319438e+00
-1.365640619729046046e-01
1.129417887481490718e-01
1.428509932565110718e+00
-6.481177709830370226e-01
-1.556267542330712406e+00
-9.729765098664813205e-01
-1.965369461799092665e+00
-5.970315342277321413e-01
1.995866702042017049e-01
-1.347951602587616482e-01
5.608566111398710641e-01
1.255604757214497713e+00
-1.670496555210970457e-01
-3.994653180085773747e-01
5.511775458316727772e-01
-1.588498299994320073e-01
6.572519094092610370e-02
9.718523976248087670e-02
6.415764661371097244e-01
1.260201272545658779e-01
4.028454424452746485e-01
7.360686417467986464e-01
-8.940685569357881279e-02
3.667807489117768660e-01
-1.406396614425937663e-01
-1.428235761822172378e+00
1.017849564976126331e+00
-9.646441635969019712e-01
-8.125922693862627777e-02
-3.015429001571450218e-01
-4.068024653977961314e-02
1.386959633787535839e+00
2.175140921294416718e-01
-1.084751089592348311e-01
-4.043960814464177544e-01
