-1.446439392789099776e-01
-7.738381209854577891e-02
6.070898306618590645e-01
-7.556242591680611964e-01
-8.372462673791247756e-01
1.274072558640673369e+00
2.508384401805517361e-01
2.461050489646841033e+00
2.896548034220723711e+00
-3.386016792360848626e-01
-1.530071476244860618e+00
1.235128811358284562e+00
-6.419147691651376775e-01
-1.629148340620965252e+00
-1.329703283491687982e+00
-4.668624965611792993e-02
1.827052791196691894e-01
8.375426591656286446e-01
-2.255454977675792338e-01
-5.553363623345665412e-02
-2.310493016159171631e-01
6.040070222421499713e-01
-7.039894036322369431e-01
7.876373831809047044e-01
1.408443726217253611e-01
-7.492657137951865831e-01
2.426279723927785847e-01
4.650400196639742356e-01
-5.414549642268392388e-02
7.131239169169063530e-01
7.862100093501865616e-02
2.532087349652573094e-01
2.813891612482989288e-02
6.963393564430414573e-01
1.090238514869014130e+00
-2.526314250557425978e-01
3.230177931395599722e-01
-6.727046216159469072e-01
-7.809060718418057156e-01
1.321902407110352229e+00
7.087455364118888657e-02
-4.528880742296081952e-01
7.157642639021802311e-02
1.105782949433767870e+00
1.324031671426477257e-02
6.150181111454412486e-01
1.679044262984440428e-01
1.393455036463545071e-01
7.044779636195698524e-02
5.161687783889216119e-01
-3.198830456648023568e-01
9.273298896002736269e-01
4.456257435369013198e-01
-3.120181659364470672e+00
2.799820804238776217e-01
-1.118367626311860485e+00
9.594149786424547299e-01
1.117448035178683519e+00
-3.670372173976874097e-01
-6.503372863297081363e-02
5.333504862891031983e-01
5.712248041972847190e-01
1.073413501790995594e+00
5.444559380388702685e-02
4.466741882593703861e-01
-9.209662076979214795e-01
5.323752560296282077e-01
-3.313118377615367205e-01
-4.009692099296368051e-01
2.032928636857390892e+00
-1.380345026296418143e-01
1.190786682997949431e+00
-1.160270869683691419e+00
5.765653385649968099e-01
-7.349334948897220388e-01
1.471706648666510686e+00
-2.709466830328583598e+00
1.439260025331483117e+00
2.121609936404824648e+00
7.732833756383229451e-01
2.900641115148048371e-02
2.497002024352989735e-01
8.407781296334964072e-01
2.496540383916170114e-01
6.673022167438892316e-01
-1.377463686746433824e+00
-6.085136749546362633e-01
-8.637280701606806499e-01
-1.983802131840975980e+00
4.575743013466478382e-01
-5.089635177687407142e-01
-1.765771829873439280e-01
-1.787180190697575111e-01
-1.863903312758913522e+00
4.369582146789944277e-01
-1.187597443023133303e+00
2.292928106693809809e-01
-1.381844123811099667e+00
1.260391628192673030e+00
-1.085821667972605153e+00
-2.336096267399840887e-01
3.333771203486595724e-01
5.276505830746274217e-01
1.027620042253737598e+00
3.381137347589036057e-01
1.481283533215239923e-01
3.838716651919443085e-02
-1.845958979936681343e+00
-5.340492593841245084e-01
5.882526375236226679e-01
5.668039355427773041e-01
-1.460894255887846827e-01
-5.506932155256473171e-01
2.540419853740185085e-01
-2.039468428235367559e-01
-4.148301750784043340e-02
9.553390464615314492e-01
6.357010433282492823e-01
-6.065408152185685076e-01
-1.587274690295697455e-01
1.006876737902618668e+00
5.011677737432580493e-01
-6.691722662190835447e-02
3.279574983736471272e-01
2.242277680122281014e-01
-1.226925943470040803e-01
-8.104551311136615199e-02
2.323366609361133595e+00
5.057448651226366214e-03
1.243675807428646252e+00
2.408643010430083220e-01
2.534406353210175045e+00
1.117517867074880211e+00
-3.231655949447226894e-01
4.603415283663568891e-01
-6.178417542554769382e-01
-2.865604992321915331e-02
3.980152889622134982e-01
-5.371714906242415211e-01
-4.595856181997983597e-02
3.028990388000923240e+00
-2.707108916426370193e+00
-1.053421762558659491e+00
-2.690572233440404193e-01
1.929310713940463884e-01
-8.211186646636039477e-01
-2.496602756597760542e-01
1.945100628346120963e+00
-9.990552040817990420e-01
6.806436793867138846e-01
1.839339918250777917e+00
1.165462696170965762e+00
8.289666604005860862e-01
2.024795389321917480e-02
8.015258985116887613e-01
-1.161684231152930180e-01
1.268697368861330999e+00
1.739704768274936697e+00
-3.310037408809994863e-01
-9.199201736631404946e-01
-1.214723341319474903e+00
9.032727060475912451e-01
-2.790906033656467056e+00
1.638363167991245595e+00
4.727585327781317348e-01
3.464007019765342338e-02
-5.876194147936261158e-01
-9.595189450526762087e-01
-5.499053021709169320e-01
1.017516466724357027e+00
4.631005679765406446e-01
-2.150934596459557757e-01
1.618159892415553136e+00
9.596018590454933328e-01
1.804237160960374231e+00
2.429375509695833879e-01
-1.186354680522302640e+00
-7.376878746205125514e-01
-1.967204292510224439e+00
-1.664121277188916670e+00
5.589497958428424340e-01
-8.917014239522291774e-01
3.600487876556240918e-01
-3.054799529292771543e-01
-1.197202473727918326e+00
5.479448062662639618e-01
-5.182494033482983875e-01
1.545579307810910574e+00
1.511198658245803683e-01
3.481464346687714317e-01
3.905835099933404053e-01
-7.434734709025656585e-01
1.335969430666635316e-01
1.303109368888014652e+00
-1.879880044559502750e+00
-2.464760784060448240e-01
9.683024581330706981e-01
-1.556459353372272147e+00
1.811409055107248700e-01
7.900358344979468983e-01
2.694154177694983998e-01
-3.505976674518745395e-01
-1.446406233525687583e-02
3.055113018958647841e-01
-1.010794132537002232e+00
1.058751483088039347e+00
-2.893049030633116237e-03
1.715843758643884331e-01
4.572509843399916729e-01
6.917991221609003372e-01
5.668854837403665137e-01
1.856519367543306986e-01
7.838279349804604390e-01
-1.293406648683698590e+00
-5.864693627988247782e-01
6.925835443568773009e-01
1.851886663681976963e-01
2.865491262404240569e-01
-1.564245285407138142e-01
1.252440499132181362e-01
-9.964984675404058301e-01
1.898904095657693469e+00
7.255607936752993536e-01
8.761102731403340727e-01
1.323982644149192867e+00
1.007680611910928947e+00
7.045692012778508317e-01
2.069423106060034545e+00
9.280472012038887275e-01
4.934434303102104291e-01
6.645797901121124340e-01
3.641958290858411662e-02
1.501885703861830512e+00
-4.717134811294981800e-01
1.597538180461576696e+00
2.233225889632551864e-01
6.676616802909738357e-01
6.054742322351308603e-01
6.785383382821005283e-01
-7.223902667138196731e-01
-6.102516982539930579e-01
2.181520350136059716e-01
1.560376520047758175e+00
-3.550089416556045485e+00
-8.551849206109046753e-01
1.211281553905558583e+00
-8.483734758024535916e-01
-3.026322121932550901e-01
-5.654699736499483320e-01
-1.372540280113011324e+00
-1.068096972579358539e+00
-1.185762476763584816e+00
1.824929916376637484e+00
-8.328718403683456339e-02
1.947535912900132948e-01
1.016890415773256118e+00
1.868725047680313667e+00
-2.811685862023286298e+00
1.411193375956234064e+00
1.484125552598460629e-01
-6.014353018932155903e-01
8.177348691643044898e-01
-2.318008929400877938e-01
-6.232867492473247450e-01
1.317526297995566531e-01
-2.455770815249382899e+00
-1.418055015228140814e+00
-3.735441877592894921e-01
8.097351923862073919e-01
-6.810841835992431648e-01
1.848347795832928186e+00
-7.690087866293369157e-01
-2.096636421542808382e+00
1.404113468138360910e+00
1.735138338357304688e+00
6.138771788787537043e-01
-1.384341077355558114e-02
6.968996109149670770e-02
4.818025780049769446e-01
-6.200821582817234168e-01
-2.771173401961880001e-01
1.207284142026219254e+00
6.606553187561582663e-02
-2.207190903540225069e+00
1.623245872214396979e+00
-4.462712176920770601e-01
6.352242436875092935e-01
-2.514136966590108657e-01
-1.602537965375069762e+00
3.776873620110624691e-02
-1.143787529249047585e+00
-8.154636603357307001e-01
1.040868706102980656e+00
2.085765574848962300e-01
1.824019312533649018e-01
8.165233082858108782e-01
-1.136460602724306407e-01
7.180168787111330664e-01
-2.526504211539433609e+00
1.173310695579286467e+00
-9.130258838715556990e-01
-7.446437158371571607e-01
1.756078052212872720e+00
-3.259158778770695708e+00
7.343950299288338757e-01
-1.254044855538755776e+00
1.090964789502861132e+00
1.709701939764251222e+00
2.427717446744471541e+00
1.658648783450632047e+00
6.724622542051823526e-01
2.839876052408906393e+00
8.015329811375054847e-02
9.677229698055970220e-01
-1.538380135623979461e+00
1.930145438456364770e+00
-2.487719935352358525e-01
-1.141778596282224223e+00
-7.196291596188494344e-01
-4.441581455181040639e-01
1.659279463373150243e+00
8.714977373711687569e-01
-6.883731535697479309e-01
2.450945431485453074e+00
-1.341866548165406181e+00
1.269134716932073470e+00
1.852339879957112245e-01
1.933716022178746163e+00
1.275819050825045542e-01
-5.936170212125585488e-01
3.914262592395545415e-01
-1.113654865275017114e+00
1.265159506834907743e+00
5.295790441260940229e-01
1.783510244778175213e+00
-6.106438562892746447e-01
1.772109408671166175e+00
2.184087843289210795e+00
7.491175100269444054e-02
-1.315289922763069885e+00
-6.883360649891903105e-01
-5.201386689919499373e-01
-1.187034210389565692e+00
7.152572378434930433e-01
8.369979242932024111e-01
-2.076032892478180791e+00
-5.847465929845347965e-01
9.923379264181670933e-01
-8.923572287298611183e-01
-1.187040951269205724e+00
1.847323806492790488e-01
-5.804088984474878865e-01
-5.747474493381723309e-02
3.115912789291422902e-01
-2.164680223982253793e+00
5.943971061891339946e-01
1.217379390222317559e+00
2.332845207425137402e-01
-1.909658160844415420e+00
1.011710840479587592e+00
-3.134103650334234104e+00
3.909306774576504773e-01
3.986323167028600900e-01
1.315041675294194023e+00
1.878717999706890573e+00
2.019311465531139049e+00
3.223114519073897455e+00
3.834860567973994994e-01
-3.275756618101447248e+00
1.733547667803537529e+00
3.363002084447720419e-01
-5.846351418572941216e-02
4.608726428400198305e-01
-5.567097909411640178e-01
1.188946625549274883e+00
-5.163129338555898923e-02
5.848136631819572662e-01
-1.225968955454489473e+00
-9.084618417314671568e-01
5.835884960166421997e-01
8.422483156929976289e-01
-1.196954290732545403e-02
-1.911880151571346831e+00
-2.103255558564029570e+00
1.512795619984651230e-01
-1.160082922916562120e+00
6.641397721786114205e-01
1.199957300547778605e+00
1.102489546642523077e+00
1.711853547928030794e+00
-1.406532979526497806e+00
1.831862032746438551e-01
-1.230894970764589536e+00
-5.967239612006839389e-01
8.424831084793590330e-01
1.337266190123971299e-01
-6.995911857218881647e-01
-8.231388351754271859e-01
1.199698814652615964e+00
2.917283146143011541e-01
-2.591085438263028284e-01
2.130218162282823680e-01
5.503268326746909578e-01
1.413813475886233351e-01
-8.689770048670809599e-01
-1.466388587036534241e-01
1.084176496141667112e+00
2.906393847363253902e-01
6.700136211157081689e-02
9.190051810771661112e-01
-5.051467027770856211e-01
-1.593282377516681003e-01
-1.459551800739238847e-01
-4.439412578196984538e-01
-1.092586310985217857e+00
1.221923833395543030e-01
-1.125605887724130671e-01
7.393817830437066085e-01
-7.068099714914408693e-01
-2.384863709383683861e-01
2.070008491808352780e+00
9.116237114146209519e-01
2.695546481518939497e-01
-1.615068427510868876e+00
-1.656529905844800199e+00
3.868030052807567842e-01
-6.705313199252955769e-01
1.922724703157796311e+00
1.095223801994866797e+00
-2.152554356712299555e+00
4.406870889828244375e-01
-1.019775327368415363e+00
-5.497138808684262079e-01
-1.469372404225992357e+00
-1.057516107832420005e+00
1.579927721171717536e+00
